0 0.6135416666666667 0.65248046875 0.14375 0.07761718749999999
0 0.7591145833333334 0.35986328125 0.13191666666666665 0.07433984375
0 0.7668802083333334 0.4345703125 0.157296875 0.0745234375
0 0.7649739583333334 0.810546875 0.131671875 0.08062890625
0 0.8912760416666666 0.6376953125 0.1050625 0.1015625
0 0.7639739583333333 0.65625 0.151484375 0.0751953125
0 0.8899739583333334 0.43725781250000006 0.10807291666666667 0.10034375
0 0.763671875 0.73291015625 0.13330208333333332 0.07421875
0 0.7604166666666666 0.88427734375 0.13289583333333332 0.07696484375
0 0.615234375 0.43139843750000006 0.13191666666666665 0.07183984375
0 0.6208645833333333 0.80615234375 0.15986458333333334 0.07891796875
0 0.8880208333333334 0.849609375 0.10563020833333334 0.10125781250000002
0 0.6220729166666668 0.35864453125 0.13191666666666665 0.0739765625
0 0.7679218750000001 0.5048828125 0.14327083333333332 0.0739765625
0 0.8885833333333333 0.7447890625 0.10727083333333334 0.10328515625000001
0 0.3450520833333333 0.873046875 0.1345208333333333 0.076109375
0 0.7672291666666666 0.58251953125 0.14277604166666666 0.07208203125
0 0.6246770833333334 0.5068359375 0.12988541666666667 0.077515625
0 0.6270572916666667 0.7275078125000001 0.14677604166666666 0.0763515625
0 0.337890625 0.79931640625 0.13427604166666668 0.0765390625
0 0.8805989583333333 0.3356953125 0.11177083333333333 0.10144140625
0 0.20866145833333333 0.87109375 0.131671875 0.073546875
0 0.8893229166666666 0.53889453125 0.1050625 0.10018750000000001
0 0.2039375 0.798828125 0.13305729166666666 0.07421875
0 0.6290104166666667 0.5791328124999999 0.13293229166666667 0.07171875
0 0.617203125 0.88070703125 0.15278645833333335 0.0758046875
0 0.07015104166666666 0.7939453125 0.12915104166666666 0.0751953125
0 0.08056770833333333 0.4306640625 0.13330208333333332 0.07019140625
0 0.495875 0.57568359375 0.13985937499999998 0.0745234375
0 0.4674479166666667 0.8037109375 0.13102083333333334 0.07934765625
0 0.07568229166666667 0.8671875 0.13240625 0.07464453125
0 0.4742864583333333 0.87646484375 0.12686979166666668 0.0758671875
0 0.33886979166666664 0.94677734375 0.12915104166666666 0.07684375
0 0.3499375 0.43212890625 0.13053645833333333 0.069640625
0 0.48808854166666665 0.7272031250000001 0.13625520833333335 0.0740390625
0 0.3450520833333333 0.6474609375 0.13566145833333335 0.0706796875
0 0.3515625 0.7236328125 0.129640625 0.07080078125
0 0.49375 0.50830078125 0.13259895833333332 0.076109375
0 0.21158854166666666 0.72119140625 0.145265625 0.072265625
0 0.476890625 0.95166015625 0.12915104166666666 0.07891796875
0 0.21419270833333334 0.3583984375 0.13566145833333335 0.07342578125
0 0.20686979166666666 0.9453125 0.12597916666666667 0.07409765625
0 0.611328125 0.955078125 0.14054166666666665 0.0803828125
0 0.216796875 0.43091015625000006 0.13305729166666666 0.069640625
0 0.3629583333333333 0.5048828125 0.13427604166666668 0.07019140625
0 0.48447395833333334 0.43091015625000006 0.13959895833333333 0.06878515625
0 0.228328125 0.50205078125 0.14497395833333335 0.071421875
0 0.48101041666666666 0.35931250000000003 0.13307291666666668 0.07189453125
0 0.753796875 0.95929296875 0.14057291666666666 0.08050390625
0 0.07954687499999999 0.35791015625 0.131265625 0.07171484375
0 0.3512395833333333 0.35888671875 0.13240625 0.0738515625
0 0.07865625000000001 0.57275390625 0.1350104166666667 0.0667109375
0 0.3528645833333333 0.57373046875 0.14054166666666665 0.06695703125
0 0.07596875 0.64990234375 0.13289583333333332 0.07433984375
0 0.07694270833333333 0.94287109375 0.13240625 0.07574609375
0 0.07027083333333332 0.7216796875 0.12939583333333332 0.0712265625
0 0.20686979166666666 0.64794921875 0.13615104166666667 0.072265625
0 0.8802083333333334 0.94970703125 0.10775 0.09979296875
0 0.21044791666666668 0.5751953125 0.13615104166666667 0.06756640625
0 0.08699479166666667 0.5029296875 0.14599479166666668 0.06891015625
0 0.4723333333333333 0.6484375 0.12597916666666667 0.071046875