0 0.17935412026726058 0.16596043395022336 0.17815144766146992 0.24546904913848117
0 0.203630289532294 0.3960880663688577 0.17378619153674832 0.2296809189534142
0 0.3544320712694877 0.39822590938098273 0.16133630289532294 0.22857689853222718
0 0.21153674832962138 0.610248883216337 0.16111358574610246 0.2121123165283982
0 0.3719599109131403 0.6148691767708998 0.15389755011135856 0.21186981493299298
0 0.23536748329621382 0.8241161455009574 0.1630512249443207 0.20723037651563497
0 0.3697995545657015 0.8248436502871729 0.16367483296213808 0.20504786215698786
0 0.3252783964365256 0.16198468410976388 0.16189309576837416 0.23754945756222082
0 0.6963919821826281 0.11242501595405233 0.6072160356347438 0.06130823229100191
0 0.6973942093541202 0.1594256541161455 0.6036748329621381 0.057708998085513726
0 0.697238307349666 0.20422463305679642 0.6055011135857461 0.05791959157626037
0 0.6982405345211581 0.25024250159540523 0.5989977728285077 0.05834716017868539
0 0.7141870824053452 0.5341799617102744 0.5716258351893097 0.043701340140395666
0 0.7020935412026726 0.29028079132099555 0.5930289532293986 0.05611997447351627
0 0.7042093541202673 0.33423101467772814 0.5836525612472161 0.054409700063816215
0 0.7114476614699332 0.3747543075941289 0.5742761692650334 0.052520740268028075
0 0.7144320712694877 0.5737332482450542 0.5674610244988864 0.044920229738353544
0 0.7118930957683741 0.4155264837268666 0.5687305122494433 0.04959157626037013
0 0.7135857461024498 0.4941416719846841 0.5657683741648107 0.045686024250159545
0 0.7157238307349666 0.4519017230376516 0.5674610244988864 0.048308870453095086
0 0.7182850779510022 0.6894511805998723 0.5619153674832963 0.04638800255264837
0 0.7153006681514477 0.6137715379706445 0.5666146993318485 0.04611359285258456
0 0.7187082405345211 0.7265603063178047 0.5585077951002227 0.04400765794511806
0 0.7165701559020045 0.6523420548819401 0.5610690423162583 0.04559029993618379
0 0.7232293986636972 0.8803701340140395 0.5535189309576838 0.047696234843650286
0 0.7135857461024498 0.7656222080408424 0.5619153674832963 0.04394384173580089
0 0.7182850779510022 0.9155264837268667 0.5610690423162583 0.04724313975749841
0 0.71913140311804 0.8427760051052968 0.5521158129175947 0.045686024250159545
0 0.7169933184855234 0.8037141033822591 0.5593763919821826 0.043209955328653474