0 0.844953125 0.6814635416666667 0.119109375 0.156546875
0 0.180453125 0.4958958333333333 0.10589843750000001 0.159015625
0 0.36889453125 0.5032447916666667 0.09753515625 0.16680208333333332
0 0.96103515625 0.45717708333333335 0.076953125 0.18915625
0 0.066640625 0.38074479166666664 0.1310859375 0.15675520833333334
0 0.46627734375 0.5063072916666667 0.0947734375 0.15863541666666667
0 0.7482109375 0.6879895833333334 0.1046875 0.1528854166666667
0 0.74147265625 0.25365624999999997 0.14108203125000002 0.126375
0 0.3517578125 0.25309375 0.136984375 0.13142708333333333
0 0.60852734375 0.2556979166666667 0.13672656249999998 0.134765625
0 0.48338281250000004 0.25495833333333334 0.12709375 0.13663541666666665
0 0.62109375 0.384765625 0.12066796875000001 0.11824479166666667
0 0.75 0.3854166666666667 0.129640625 0.12516145833333334
0 0.63248828125 0.11974479166666667 0.1346015625 0.14109895833333336
0 0.77197265625 0.12101041666666666 0.12915234375 0.14778645833333334
0 0.49658203125 0.11636979166666667 0.13812109374999998 0.1411875
0 0.4966640625 0.38109375 0.1212578125 0.125953125
0 0.283203125 0.798828125 0.09515234375 0.133546875
0 0.3626484375 0.12109895833333333 0.134359375 0.14258854166666665
0 0.9438164062500001 0.6305364583333334 0.11236718750000001 0.13590625
0 0.64794921875 0.8177083333333334 0.0885 0.14225520833333333
0 0.2734375 0.5016302083333334 0.10467578125000002 0.15088020833333332
0 0.88427734375 0.2610677083333333 0.17101953125 0.13736979166666666
0 0.09222265625 0.7819010416666666 0.141234375 0.131671875
0 0.7373046875 0.4879583333333333 0.11962890625 0.08602083333333334
0 0.736328125 0.826171875 0.09515234375 0.1442864583333333
0 0.09222265625 0.04002083333333333 0.10858203125000002 0.08003645833333332
0 0.83447265625 0.8209635416666666 0.11065624999999998 0.1554375
0 0.60709765625 0.484375 0.13065625 0.08894791666666667
0 0.08062890625 0.654625 0.14196875 0.12313020833333334
0 0.18957421875 0.6520208333333334 0.10540624999999999 0.141765625
0 0.375390625 0.80078125 0.09300390625 0.13965624999999998
0 0.1982421875 0.7942708333333334 0.10174609375000002 0.13330208333333332
0 0.90771484375 0.123375 0.15869140625 0.14778645833333334
0 0.4650390625 0.6629947916666666 0.09859765625 0.15109895833333334
0 0.10687109374999999 0.17236458333333332 0.110109375 0.18652604166666667
0 0.07238671875 0.5272291666666666 0.14087109375 0.13721875
0 0.2220234375 0.25097395833333336 0.13312890625 0.13053645833333333
0 0.369953125 0.356703125 0.130421875 0.086859375
0 0.5525390625 0.8151041666666666 0.10221093750000002 0.14656770833333335
0 0.27758984375 0.6598333333333334 0.10034375 0.145265625
0 0.22351171875000003 0.11775520833333333 0.15051171875 0.13761458333333335
0 0.46580468750000004 0.8026927083333334 0.09225390624999999 0.149171875
0 0.21154687499999997 0.029661458333333335 0.1363515625 0.057171875
0 0.76946484375 0.02775 0.14147265625 0.05069270833333333
0 0.55791015625 0.6645520833333334 0.08676953125 0.16114062499999998
0 0.9355156250000001 0.8098958333333334 0.12896875000000002 0.18994270833333332
0 0.48237109375 0.024536458333333334 0.14290624999999998 0.0460625
0 0.64990234375 0.6752552083333333 0.10815625 0.14916145833333333
0 0.36548046875 0.6559270833333334 0.0960078125 0.13810416666666667
0 0.91845703125 0.028869791666666665 0.16027734375 0.05383333333333333
0 0.343 0.026348958333333335 0.1415078125 0.04923958333333334
0 0.5986328125 0.943359375 0.104859375 0.11148958333333334
0 0.62890625 0.025515625 0.13940625 0.04867708333333333
0 0.38525390625 0.9290364583333334 0.10266015625 0.129640625
0 0.27661328125 0.9264322916666666 0.11260937499999998 0.13615104166666667
0 0.17431640625 0.9192708333333334 0.1214609375 0.15438020833333335
0 0.48999218750000006 0.9322916666666666 0.10016015625000001 0.13029166666666667
0 0.0765390625 0.9140625 0.1240234375 0.16365625
0 0.71142578125 0.9479166666666666 0.11279296875 0.10376041666666666
0 0.81884765625 0.9440104166666666 0.12719921875 0.11027083333333333
0 0.933203125 0.9463541666666667 0.11901171875000001 0.10729166666666666
0 0.25494921875 0.3543177083333333 0.121875 0.076