0 0.203125 0.32690625 0.13077604166666668 0.0733046875
0 0.8899739583333334 0.45923046875000006 0.17138541666666668 0.0803828125
0 0.720546875 0.6927148437499999 0.16569270833333333 0.0827109375
0 0.8834635416666666 0.6962890625 0.16699479166666667 0.0803828125
0 0.8893229166666666 0.37719921875 0.17513020833333334 0.0810546875
0 0.7214427083333333 0.4626953125 0.16545833333333335 0.08028515625
0 0.60384375 0.76171875 0.09423958333333333 0.07464453125
0 0.41634375 0.75439453125 0.09025 0.071046875
0 0.3766302083333333 0.8212890625 0.0910625 0.0719609375
0 0.7213854166666667 0.6181640625 0.164046875 0.0778203125
0 0.4166666666666667 0.39380078125 0.14225520833333333 0.07531640625
0 0.5651041666666666 0.61376953125 0.14030208333333333 0.0758671875
0 0.5656718749999999 0.68736328125 0.15267187499999998 0.07802734375
0 0.718328125 0.38623046875 0.16140625 0.07861328125
0 0.42077604166666666 0.68017578125 0.14371354166666667 0.0712265625
0 0.2750677083333333 0.67724609375 0.13403125 0.072265625
0 0.13216145833333334 0.40087890625 0.13615104166666667 0.07159375
0 0.562625 0.46699999999999997 0.157546875 0.0733203125
0 0.41958854166666665 0.609375 0.14174479166666665 0.07208203125
0 0.562828125 0.39111328125 0.14705208333333333 0.07598828125
0 0.27441666666666664 0.39673046875 0.14152083333333335 0.0692734375
0 0.7213541666666666 0.54052734375 0.15583854166666666 0.0713515625
0 0.2836927083333334 0.81689453125 0.08992708333333334 0.07147265625
0 0.8880208333333334 0.61767578125 0.16845833333333332 0.077515625
0 0.3279635416666667 0.75 0.08976041666666666 0.06891015625
0 0.275390625 0.60693359375 0.13761458333333335 0.07043359375
0 0.4176458333333333 0.46630859375 0.134765625 0.069640625
0 0.46419791666666665 0.82568359375 0.09228125000000001 0.073796875
0 0.27653125 0.46630859375 0.14477083333333332 0.06646875
0 0.5546875 0.8330078125 0.09008854166666666 0.07763671875
0 0.5113958333333334 0.7587890625 0.08927604166666667 0.072265625
0 0.325359375 0.33716015625 0.083578125 0.0433671875
0 0.13427604166666668 0.46826171875 0.13379166666666667 0.06634375
0 0.09594791666666666 0.3298359375 0.08602083333333334 0.0673203125
0 0.7532552083333334 0.8447265625 0.10074999999999999 0.0758671875
0 0.8834635416666666 0.84765625 0.1519375 0.07763671875
0 0.42023958333333333 0.539546875 0.14825520833333333 0.07353515625
0 0.8092447916666666 0.77392578125 0.106203125 0.0780625
0 0.24072395833333332 0.74560546875 0.08544791666666667 0.068296875
0 0.7028072916666667 0.76787109375 0.102359375 0.08157031249999999
0 0.912109375 0.77783203125 0.10775 0.0816640625
0 0.278484375 0.53710546875 0.14428125 0.0671015625
0 0.653390625 0.8383007812500001 0.10149999999999999 0.0779765625
0 0.7447916666666666 0.328859375 0.09041145833333333 0.041625
0 0.8658854166666666 0.32177734375 0.14103125 0.043703124999999995
0 0.19759374999999998 0.8125 0.08528645833333333 0.068421875
0 0.5712916666666668 0.33325390625 0.09155208333333334 0.043214843749999995
0 0.6529947916666666 0.33227734375 0.0843125 0.04345703125
0 0.3302395833333333 0.88623046875 0.090578125 0.07208203125
0 0.4036458333333333 0.3396015625 0.07780208333333333 0.0367109375
0 0.13810416666666667 0.53615234375 0.13403125 0.0743046875
0 0.13932291666666666 0.67431640625 0.12784895833333335 0.06854296875
0 0.8893229166666666 0.54101171875 0.17496875 0.07854296875
0 0.243 0.8818359375 0.082640625 0.0692734375
0 0.11588541666666667 0.80712890625 0.08280208333333333 0.0693984375
0 0.1350104166666667 0.74169921875 0.11531770833333334 0.068296875
0 0.48275 0.3359375 0.07580729166666668 0.042726562499999995
0 0.419921875 0.892578125 0.08715625 0.07501171875
0 0.14152083333333335 0.873046875 0.11637499999999999 0.06903125
0 0.9055989583333334 0.92431640625 0.10693229166666667 0.08386328125
0 0.5071614583333334 0.89892578125 0.09757291666666666 0.07684375
0 0.5678645833333333 0.5394921874999999 0.15257812499999998 0.07660546875
0 0.6026354166666666 0.9043749999999999 0.09792708333333335 0.07375781249999999
0 0.13858854166666665 0.611328125 0.131671875 0.06878515625
0 0.8001302083333334 0.91845703125 0.09879687499999999 0.077515625
0 0.69921875 0.91259765625 0.08992708333333334 0.07544140625