0 0.6213541666666667 0.3397109375 0.19443749999999999 0.031921875
0 0.9130104166666667 0.65193359375 0.05291666666666666 0.13591015625
0 0.759515625 0.828296875 0.17684375000000002 0.02451171875
0 0.8951822916666666 0.7795625 0.052369791666666665 0.13390234375
0 0.237765625 0.3842109375 0.19640104166666666 0.02934765625
0 0.7630416666666666 0.8093046875000001 0.17216145833333335 0.026742187499999997
0 0.4261041666666667 0.5631445312500001 0.18506770833333333 0.032492187500000005
0 0.8933333333333333 0.5205859375 0.046703125 0.13868359375
0 0.926609375 0.52180078125 0.04994791666666667 0.14167578125
0 0.130765625 0.504328125 0.035 0.1475859375
0 0.13402083333333334 0.63790625 0.036432291666666665 0.1329296875
0 0.09985416666666666 0.63944921875 0.039447916666666666 0.13553125
0 0.097578125 0.50260546875 0.04411458333333333 0.142359375
0 0.9405104166666667 0.37967968750000003 0.046552083333333334 0.13887109375
0 0.13522395833333334 0.7673398437500001 0.031130208333333336 0.12926171875
0 0.4283854166666667 0.33423046875 0.18717708333333333 0.03073046875
0 0.80859375 0.3435078125 0.18066666666666667 0.0328984375
0 0.24153645833333334 0.330078125 0.19515104166666666 0.03384375
0 0.6220729166666668 0.3669453125 0.19677604166666668 0.031144531250000003
0 0.806640625 0.371828125 0.18652604166666667 0.03628515625
0 0.43261979166666664 0.364015625 0.19286979166666668 0.03173828125
0 0.7981770833333334 0.42456250000000006 0.19189583333333332 0.03561328125
0 0.6146614583333334 0.39437890625 0.19241666666666665 0.0341796875
0 0.7884114583333334 0.49755859375 0.18652604166666667 0.03079296875
0 0.796875 0.44775390625 0.18994270833333332 0.03277734375
0 0.23730729166666667 0.3591328125 0.19189583333333332 0.03515625
0 0.42578125 0.39087109375 0.18619791666666666 0.031859375
0 0.7819010416666666 0.55126953125 0.18392187499999998 0.025800781249999998
0 0.23991145833333333 0.43994140625 0.192546875 0.03662109375
0 0.6065260416666667 0.52294921875 0.18521875000000002 0.031984374999999995
0 0.24202604166666666 0.490234375 0.1883125 0.035402343749999995
0 0.7845052083333334 0.57373046875 0.18310416666666668 0.027175781249999996
0 0.6099166666666667 0.44671484375 0.18940104166666666 0.03339453125
0 0.599609375 0.54638671875 0.18619791666666666 0.03210546875
0 0.6003489583333333 0.61873046875 0.18718229166666667 0.03404296875
0 0.24007291666666666 0.4658203125 0.1883125 0.03521875
0 0.42025 0.44165234375000006 0.17789583333333334 0.02855078125
0 0.7799479166666666 0.6259765625 0.17822395833333332 0.02880859375
0 0.6117552083333333 0.46940625 0.183953125 0.027937499999999997
0 0.4254583333333333 0.49048046875000006 0.18375520833333334 0.027265624999999998
0 0.4215520833333333 0.4150390625 0.17871354166666667 0.0309609375
0 0.4251302083333333 0.58935546875 0.190265625 0.026351562499999998
0 0.6126770833333333 0.42184765625000004 0.19202604166666667 0.03472265625
0 0.23958333333333334 0.53759765625 0.18213020833333332 0.025039062499999997
0 0.4231770833333333 0.5400390625 0.18489583333333334 0.023070312500000002
0 0.4244791666666667 0.51611328125 0.18278125 0.026261718750000003
0 0.6005885416666668 0.64501953125 0.19059375 0.03265234375
0 0.422203125 0.61376953125 0.18896354166666668 0.0256640625
0 0.241046875 0.58740234375 0.18180208333333334 0.0270078125
0 0.4231770833333333 0.46606640625000006 0.18278125 0.027847656250000002
0 0.6108645833333333 0.49477343749999997 0.18754687499999997 0.0312109375
0 0.7938958333333334 0.47324609375 0.19146354166666668 0.029214843750000004
0 0.599609375 0.5947265625 0.18375520833333334 0.028976562500000004
0 0.23974479166666668 0.5625 0.182453125 0.025374999999999998
0 0.6017343749999999 0.57205859375 0.186046875 0.030855468749999997
0 0.80078125 0.3974609375 0.1883125 0.029707031249999998
0 0.24169791666666668 0.513671875 0.18652604166666667 0.028488281250000004
0 0.7721354166666666 0.6728515625 0.1796875 0.028335937500000002
0 0.7712760416666666 0.6962890625 0.18547395833333333 0.026808593749999998
0 0.23991145833333333 0.63623046875 0.17643229166666666 0.026414062500000002
0 0.5989583333333334 0.66845703125 0.18717708333333333 0.029648437500000003
0 0.41894791666666664 0.66259765625 0.18424479166666666 0.026808593749999998
0 0.7649739583333334 0.7392578125 0.169109375 0.027328124999999998
0 0.4153645833333333 0.6875 0.17936458333333333 0.0260625
0 0.24202604166666666 0.65966796875 0.17676041666666667 0.027175781249999996
0 0.4186197916666667 0.63818359375 0.18782812499999998 0.025039062499999997
0 0.5953802083333334 0.80322265625 0.18147916666666666 0.02954296875
0 0.5930989583333334 0.712890625 0.17545833333333333 0.029707031249999998
0 0.237140625 0.6826171875 0.17366666666666666 0.026457031250000002
0 0.7649739583333334 0.7646484375 0.17171354166666666 0.027375
0 0.7858072916666666 0.5263671875 0.18522395833333333 0.02488671875
0 0.23648958333333334 0.72998046875 0.169921875 0.0263046875
0 0.5947291666666668 0.7802734375 0.17789583333333334 0.028761718749999998
0 0.41486979166666665 0.71044921875 0.18163020833333335 0.024003906250000002
0 0.23763020833333334 0.75244140625 0.16796875 0.02591015625
0 0.7740885416666666 0.64990234375 0.17545833333333333 0.02816796875
0 0.5914739583333334 0.6884765625 0.17757291666666666 0.0290390625
0 0.41673958333333333 0.755859375 0.182109375 0.0251328125
0 0.41302083333333334 0.77783203125 0.181671875 0.02395703125
0 0.23926041666666667 0.6123046875 0.1796875 0.026261718750000003
0 0.236328125 0.77490234375 0.16699479166666667 0.0251328125
0 0.590171875 0.7568359375 0.16878125 0.02880859375
0 0.5852864583333334 0.82666015625 0.16731770833333334 0.025957031250000002
0 0.23893229166666666 0.79833984375 0.16699479166666667 0.025039062499999997
0 0.590171875 0.73681640625 0.18180208333333334 0.0295859375
0 0.24007291666666666 0.822265625 0.170734375 0.0263046875
0 0.4124375 0.7333984375 0.17252604166666666 0.02323828125
0 0.41446354166666666 0.80029296875 0.180640625 0.023070312500000002
0 0.770078125 0.717234375 0.17696874999999998 0.030617187499999997
0 0.4145625 0.8232421875 0.1818854166666667 0.02298046875
0 0.09008854166666666 0.35864453125 0.037921875 0.1431875
0 0.12597916666666667 0.35791015625 0.03877604166666667 0.14013671875
0 0.10465624999999999 0.76953125 0.039390625 0.12634375
0 0.238296875 0.70455078125 0.17708854166666665 0.02710546875
0 0.86546875 0.77511328125 0.0446875 0.1325703125
0 0.7634947916666667 0.78439453125 0.17447395833333335 0.029910156249999997
0 0.779421875 0.59658203125 0.18255729166666665 0.03044921875
0 0.8802083333333334 0.65003515625 0.04183333333333333 0.1373515625
0 0.9109895833333332 0.38008984375 0.04872916666666667 0.14833203125
0 0.236515625 0.40942187499999994 0.199671875 0.03407421875