0 0.11070833333333334 0.27052343749999996 0.09355729166666667 0.10555468750000001
0 0.9029947916666666 0.33716015625 0.14681249999999998 0.07696484375
0 0.9036458333333334 0.25903515625 0.14681249999999998 0.085265625
0 0.7604895833333334 0.26489453125 0.14102083333333332 0.0837421875
0 0.22314583333333332 0.293703125 0.13615104166666667 0.0817890625
0 0.8932291666666666 0.41455078125 0.15918229166666667 0.0780625
0 0.3512395833333333 0.2839375 0.13688020833333334 0.0830078125
0 0.76309375 0.3416171875 0.13353125 0.0769609375
0 0.763671875 0.63525390625 0.12801041666666665 0.07238671875
0 0.7668750000000001 0.7653828125000001 0.12546354166666665 0.06707031249999999
0 0.752109375 0.6953750000000001 0.12913541666666667 0.06902734375
0 0.8977864583333334 0.4861328125 0.14803125 0.07743359375
0 0.6284947916666667 0.34894140625 0.13296354166666666 0.0803203125
0 0.7552083333333334 0.4892578125 0.12467708333333333 0.0706796875
0 0.7445364583333334 0.4199921875 0.13848958333333333 0.08341796875
0 0.6405364583333333 0.76048828125 0.11969270833333333 0.06282421875000001
0 0.4934895833333333 0.35376171875 0.12711458333333334 0.0778203125
0 0.4830729166666667 0.27880859375 0.137125 0.082703125
0 0.7662760416666666 0.830078125 0.11881770833333333 0.0674453125
0 0.6226354166666667 0.6943359375 0.1220625 0.065734375
0 0.7468229166666667 0.5615234375 0.14185416666666667 0.06622265625
0 0.8971354166666666 0.765625 0.134765625 0.06634375
0 0.49893750000000003 0.49676953125 0.12881770833333334 0.070125
0 0.3629583333333333 0.360109375 0.131265625 0.0778203125
0 0.8997395833333334 0.62890625 0.142984375 0.06598046875
0 0.8912760416666666 0.6962890625 0.14835416666666665 0.06646875
0 0.51553125 0.7609843749999999 0.1210625 0.0631171875
0 0.636640625 0.8254414062500001 0.135984375 0.0682890625
0 0.6159270833333333 0.56294140625 0.134921875 0.0697421875
0 0.3958333333333333 0.75732421875 0.11930208333333334 0.06305078125
0 0.35546875 0.43091015625000006 0.12784895833333335 0.07183984375
0 0.23372395833333334 0.36572265625 0.142984375 0.0778203125
0 0.6078385416666666 0.42358203124999994 0.138828125 0.06934375000000001
0 0.4772135416666667 0.4267578125 0.1223125 0.06915234375
0 0.6314375 0.63233203125 0.123796875 0.06999609375
0 0.2690416666666666 0.81640625 0.11678125 0.06487890625
0 0.5061458333333333 0.6301249999999999 0.11970312500000001 0.0663515625
0 0.11694270833333334 0.3671875 0.09716666666666667 0.094484375
0 0.24674479166666666 0.5654296875 0.12939583333333332 0.061890625
0 0.8933958333333333 0.55797265625 0.15128645833333335 0.0751171875
0 0.49636458333333333 0.6936054687500001 0.12000520833333334 0.06358984375
0 0.376578125 0.4970625 0.13132291666666665 0.06565625
0 0.36857291666666664 0.56482421875 0.12678645833333332 0.06883984374999999
0 0.8958333333333334 0.83154296875 0.12988541666666667 0.0676875
0 0.5080989583333333 0.821515625 0.11214583333333333 0.06344921875000001
0 0.37890625 0.69384765625 0.1223125 0.0624375
0 0.3811875 0.630859375 0.11881770833333333 0.06598046875
0 0.2335625 0.43579296875000006 0.13403125 0.06982421875
0 0.38703645833333333 0.819328125 0.12010416666666666 0.06312109375
0 0.13129166666666667 0.4613515625 0.10657291666666667 0.0936015625
0 0.255046875 0.6943359375 0.121421875 0.06268359375
0 0.4879947916666667 0.56294921875 0.12126041666666666 0.06766796875
0 0.2731145833333333 0.75439453125 0.130046875 0.059875
0 0.6288541666666667 0.49361328125000004 0.12913020833333333 0.072
0 0.257 0.6318359375 0.129640625 0.0661015625
0 0.1384270833333333 0.5524921875000001 0.09854166666666667 0.09262890625
0 0.24847395833333333 0.4992421875 0.14514583333333334 0.069953125
0 0.15013020833333332 0.64031640625 0.09802604166666667 0.08739453124999999
0 0.6201197916666668 0.27294921875 0.129640625 0.08343359375
0 0.16048437499999998 0.7216796875 0.09236458333333333 0.080078125
0 0.17171354166666666 0.80419921875 0.09269270833333333 0.0816640625
0 0.8795572916666666 0.212890625 0.09285416666666667 0.02461328125