0 0.681765625 0.56287109375 0.19135937500000003 0.06512890625
0 0.6787916666666667 0.5049765625 0.19031770833333334 0.0640234375
0 0.328078125 0.5352890625 0.136140625 0.12801562500000002
0 0.4868645833333333 0.56777734375 0.19440104166666666 0.056394531250000005
0 0.20246875 0.53796875 0.134671875 0.1308125
0 0.07763541666666667 0.5421796875 0.13272395833333334 0.1301953125
0 0.8655260416666667 0.55822265625 0.183984375 0.06359375
0 0.866828125 0.4989921875 0.19130729166666666 0.0541328125
0 0.7981770833333334 0.37744140625 0.16365625 0.03277734375
0 0.796875 0.40551953125000006 0.15673958333333332 0.030441406250000004
0 0.6341145833333334 0.35009765625 0.15568229166666667 0.030105468749999996
0 0.6276041666666666 0.3767109375 0.151203125 0.028703125000000003
0 0.4739583333333333 0.35009765625 0.16504166666666667 0.02816796875
0 0.8033854166666666 0.3486328125 0.16650520833333332 0.0315546875
0 0.2960625 0.39501953125 0.17757291666666666 0.0347578125
0 0.2976875 0.36645703125 0.17822395833333332 0.03173828125
0 0.63509375 0.40625 0.16031770833333334 0.030625000000000003
0 0.4733072916666667 0.37719921875 0.16422395833333334 0.02711328125
0 0.791015625 0.43408203125 0.15788020833333333 0.029312500000000002
0 0.2889010416666667 0.42529296875 0.17578125 0.034546875
0 0.46875 0.40454296875000006 0.16446875 0.029707031249999998
0 0.4567083333333333 0.662109375 0.119875 0.1265859375
0 0.12760416666666666 0.3376484375 0.18180208333333334 0.03050390625
0 0.6376979166666668 0.32275390625 0.1570625 0.0290390625
0 0.12402604166666667 0.36841015625 0.17903645833333334 0.03372265625
0 0.3030625 0.3376484375 0.174640625 0.029875000000000002
0 0.685546875 0.65478515625 0.11083854166666667 0.12512109375
0 0.2866197916666666 0.45239453125000006 0.17431770833333332 0.031984374999999995
0 0.4759114583333333 0.32177734375 0.161703125 0.029875000000000002
0 0.11409375000000001 0.42798046875000006 0.17333854166666668 0.0360703125
0 0.3372395833333333 0.6650390625 0.12402604166666667 0.12890625
0 0.4593125 0.43505859375 0.1710625 0.03265234375
0 0.11930208333333334 0.39501953125 0.17171354166666666 0.03436328125
0 0.5686875 0.658203125 0.11222395833333333 0.125734375
0 0.2911770833333333 0.30859375 0.17496875 0.030851562500000002
0 0.61946875 0.43481640625000006 0.1589375 0.030851562500000002
0 0.11303645833333334 0.455078125 0.16959895833333333 0.03366015625
0 0.212890625 0.669921875 0.13191666666666665 0.13403515625
0 0.11694270833333334 0.30981640625 0.18180208333333334 0.031082031249999996
0 0.7897135416666666 0.46167187500000006 0.15592708333333333 0.02816796875
0 0.6311875 0.4619140625 0.15568229166666667 0.02855078125
0 0.4557291666666667 0.78857421875 0.11572395833333333 0.12524609375
0 0.4593125 0.29296875 0.16845833333333332 0.03004296875
0 0.287109375 0.2810078125 0.17138541666666668 0.03301953125
0 0.623375 0.2946796875 0.16194791666666666 0.02914453125
0 0.7936197916666666 0.77490234375 0.10294791666666667 0.12444921874999999
0 0.6822916666666666 0.779296875 0.10449479166666667 0.12512109375
0 0.4820989583333333 0.2458515625 0.14575 0.02816796875
0 0.22493749999999998 0.79833984375 0.12117708333333334 0.1298828125
0 0.344078125 0.79443359375 0.12670833333333334 0.12548828125
0 0.6263020833333334 0.24633984375 0.131265625 0.03265234375
0 0.08715625 0.673828125 0.13688020833333334 0.1357421875
0 0.8997395833333334 0.7705078125 0.09822395833333333 0.12719921875
0 0.7962239583333334 0.65380859375 0.109703125 0.125734375
0 0.11507291666666666 0.27856640625 0.17333854166666668 0.031984374999999995
0 0.621421875 0.26953125 0.137859375 0.025863281249999998
0 0.484703125 0.505859375 0.18652604166666667 0.055296875
0 0.8040364583333334 0.3203125 0.16796875 0.030671874999999998
0 0.5699895833333334 0.78564453125 0.1145 0.128296875
0 0.10432812500000001 0.8046875 0.14201041666666667 0.13781640625
0 0.4820989583333333 0.2683125 0.13142708333333333 0.026414062500000002
0 0.9114583333333334 0.64794921875 0.11043229166666667 0.12231640625
0 0.16976041666666666 0.24816796874999997 0.14575 0.03079296875
0 0.47949479166666664 0.21814062500000003 0.141765625 0.0295859375
0 0.3289375 0.21728515625 0.14453125 0.02981640625
0 0.6240260416666668 0.21667578125000003 0.13077604166666668 0.026000000000000002
0 0.332359375 0.24890234375000003 0.14103125 0.0347578125
0 0.83203125 0.29223828125 0.13810416666666667 0.0439453125
0 0.7493489583333334 0.23913671875000003 0.09236458333333333 0.0699453125
0 0.8463541666666666 0.24694921875000003 0.10205208333333333 0.04296875
0 0.4684270833333333 0.4638671875 0.163328125 0.030378906249999997
0 0.939453125 0.40942578125000006 0.04471875 0.1187734375
0 0.9010416666666666 0.40942578125000006 0.043296875 0.11596875
0 0.17041145833333332 0.223390625 0.14371875 0.02975390625