0 0.07308892355694228 0.88818359375 0.08962038481539261 0.02128515625
0 0.8381799271970879 0.78699609375 0.08382215288611544 0.02159765625
0 0.42440977639105565 0.8275273437499999 0.0906916276651066 0.0198828125
0 0.06435777431097243 0.8017226562499999 0.08985959438377536 0.021003906250000003
0 0.6652990119604784 0.8582109375 0.0837597503900156 0.02143359375
0 0.4957930317212688 0.88217578125 0.08605304212168487 0.02156640625
0 0.5066978679147166 0.8447265625 0.08267290691627664 0.02333203125
0 0.8352834113364535 0.75146484375 0.0863702548101924 0.02298046875
0 0.5886011440457619 0.84228515625 0.07983359334373376 0.02191015625
0 0.3373634945397816 0.84814453125 0.09043681747269891 0.02323828125
0 0.828133125325013 0.85400390625 0.08962038481539261 0.0217421875
0 0.5908736349453978 0.8232421875 0.08088923556942278 0.02451953125
0 0.07016120644825792 0.8388671875 0.08945917836713468 0.0217421875
0 0.154139365574623 0.80029296875 0.09311492459698388 0.023515625000000002
0 0.7561726469058762 0.78680859375 0.08828913156526261 0.01958984375
0 0.4176443057722309 0.865234375 0.08239209568382735 0.0218671875
0 0.4985699427977119 0.8642578125 0.08100884035361415 0.02298046875
0 0.14934477379095162 0.724609375 0.09043681747269891 0.024140625
0 0.1520228809152366 0.744140625 0.09027041081643265 0.0231484375
0 0.15630785231409255 0.8185507812499999 0.0925845033801352 0.01936328125
0 0.15786271450858033 0.8877734374999999 0.0875715028601144 0.01841796875
0 0.8361310452418097 0.8224140625 0.08045241809672388 0.022207031250000002
0 0.7559230369214769 0.82294140625 0.08201768070722829 0.019765625000000002
0 0.15811752470098803 0.8701171875 0.08880915236609464 0.02001953125
0 0.8398335933437338 0.6943359375 0.0845033801352054 0.024003906250000002
0 0.05752990119604784 0.7255859375 0.09295371814872595 0.026109375
0 0.1533229329173167 0.76318359375 0.09075923036921477 0.022582031250000002
0 0.9002860114404576 0.37101171875 0.028335933437337493 0.06266796875
0 0.2492875715028601 0.83154296875 0.09124804992199688 0.025800781249999998
0 0.060494019760790434 0.703125 0.09140925637025481 0.026351562499999998
0 0.7447737909516381 0.85306640625 0.08013520540821632 0.02034375
0 0.6641497659906397 0.74894921875 0.0824804992199688 0.019109375
0 0.8411336453458138 0.59912109375 0.08418096723868955 0.02328515625
0 0.07183567342693707 0.64119140625 0.09636505460218409 0.025558593750000004
0 0.23823712948517942 0.72119140625 0.09027041081643265 0.02229296875
0 0.5070930837233489 0.8064570312500001 0.0857046281851274 0.0183984375
0 0.6701768070722829 0.787109375 0.07824752990119604 0.02133203125
0 0.7564690587623505 0.72900390625 0.08730629225169007 0.022203125
0 0.419594383775351 0.8095703125 0.08190327613104524 0.0238203125
0 0.40919396775871036 0.88427734375 0.0786947477899116 0.02169921875
0 0.5808008320332814 0.8603515625 0.08100884035361415 0.0217734375
0 0.2442485699427977 0.79541015625 0.09295371814872595 0.02615234375
0 0.8378835153406137 0.71337890625 0.0845033801352054 0.02215625
0 0.7499271970878835 0.74872265625 0.08377535101404056 0.0219375
0 0.41861674466978677 0.6826171875 0.08604784191367655 0.02271875
0 0.8398335933437338 0.5791015625 0.08653666146645865 0.02293359375
0 0.14755590223608944 0.70263671875 0.08897035881435257 0.02328515625
0 0.3255018200728029 0.884765625 0.08393655746229849 0.023375
0 0.5777951118044722 0.8767304687499999 0.08186167446697867 0.018765625
0 0.5070202808112324 0.73486328125 0.08767030681227249 0.02293359375
0 0.06231929277171087 0.76318359375 0.08897035881435257 0.023375
0 0.42316692667706707 0.47729687500000006 0.08718668746749869 0.0263046875
0 0.24034841393655745 0.74169921875 0.0899479979199168 0.0225078125
0 0.05935517420696828 0.5986328125 0.093603744149766 0.0251328125
0 0.3363910556422257 0.81005859375 0.0909204368174727 0.02488671875
0 0.33037441497659903 0.7587890625 0.09222048881955279 0.02451953125
0 0.5890951638065522 0.7857578125 0.0883411336453458 0.018144531250000002
0 0.4143941757670307 0.75927734375 0.08360894435777431 0.02271875
0 0.5908736349453978 0.73193359375 0.0845033801352054 0.0217421875
0 0.05728549141965678 0.619140625 0.09441497659906396 0.02461328125
0 0.3341133645345814 0.63916015625 0.09027041081643265 0.02284375
0 0.6753770150806032 0.71240234375 0.0801560062402496 0.021453125
0 0.6598179927197088 0.876375 0.085600624024961 0.023828125
0 0.6708268330733229 0.7314453125 0.07926157046281851 0.02033984375
0 0.24700988039521582 0.869140625 0.08434217368694748 0.0224609375
0 0.6734945397815914 0.82346875 0.08642745709828392 0.022593750000000003
0 0.42251690067602704 0.6416015625 0.08669786791471659 0.02418359375
0 0.33086323452938116 0.6796875 0.09270930837233489 0.02157421875
0 0.33135205408216334 0.47583203125000006 0.08767030681227249 0.02423046875
0 0.5873010920436817 0.76806640625 0.08295891835673427 0.02153125
0 0.1496671866874675 0.59912109375 0.09157046281851275 0.024335937499999998
0 0.2432709308372335 0.37353515625 0.08750910036401456 0.02271875
0 0.43031721268850753 0.37451171875 0.08783671346853875 0.02215625
0 0.6688767550702028 0.8046875 0.07638065522620904 0.0204453125
0 0.05752990119604784 0.681640625 0.093603744149766 0.024046875000000002
0 0.3360634425377015 0.41479687500000006 0.08572022880915237 0.0217421875
0 0.419594383775351 0.62060546875 0.08734789391575663 0.024140625
0 0.23904836193447737 0.60009765625 0.09173686947477899 0.02391015625
0 0.24245969838793552 0.35278515625 0.08945917836713468 0.02298046875
0 0.1509672386895476 0.681640625 0.08864794591783672 0.02101171875
0 0.8449713988559543 0.46016406249999997 0.08133125325013 0.0213359375
0 0.24132085283411336 0.88720703125 0.08117004680187208 0.02072265625
0 0.8424336973478939 0.54052734375 0.08344773790951639 0.02224609375
0 0.3294019760790432 0.72021484375 0.09108684347373895 0.022539062500000002
0 0.23855954238169527 0.62158203125 0.09238689547581903 0.0231015625
0 0.34224128965158607 0.3308125 0.09043681747269891 0.022765625
0 0.4161934477379095 0.7216796875 0.0861102444097764 0.0218203125
0 0.15438377535101405 0.64208984375 0.09043681747269891 0.022078125
0 0.33200208008320337 0.4541015625 0.08783671346853875 0.02232421875
0 0.24473738949557983 0.45337109375000006 0.08555902236089444 0.02215625
0 0.24505980239209568 0.33154296875 0.0909204368174727 0.022109375
0 0.8984711388455539 0.43257421875 0.03061882475299012 0.062257812499999995
0 0.3360634425377015 0.35083203125 0.09205928237129485 0.023027343750000002
0 0.33200208008320337 0.43432812500000006 0.08864794591783672 0.0231015625
0 0.8973894955798232 0.55464453125 0.02800832033281331 0.0615
0 0.3383411336453458 0.39306640625 0.08929797191887676 0.020765625
0 0.4244669786791472 0.45678906250000006 0.08767030681227249 0.0237265625
0 0.7637805512220489 0.61572265625 0.07983359334373376 0.02215625
0 0.42251690067602704 0.41552734375 0.09124804992199688 0.0231484375
0 0.24720748829953199 0.6623359375 0.09229329173166927 0.02290625
0 0.843083723348934 0.6376953125 0.08531461258450339 0.021453125
0 0.5121632865314613 0.496671875 0.09064482579303172 0.02510546875
0 0.8385335413416537 0.6552734375 0.08483099323972959 0.020917968749999998
0 0.33249089963598544 0.3728046875 0.09124804992199688 0.02194140625
0 0.06126365054602184 0.5771484375 0.09295371814872595 0.024660156250000002
0 0.061060842433697346 0.55322265625 0.09124804992199688 0.0243828125
0 0.24046801872074883 0.51416015625 0.09279251170046801 0.022582031250000002
0 0.32924076963078525 0.59765625 0.09075923036921477 0.02293359375
0 0.4205668226729069 0.6630859375 0.08572022880915237 0.02169921875
0 0.14682267290691625 0.62060546875 0.09311492459698388 0.0231015625
0 0.24668746749869994 0.64208984375 0.09043681747269891 0.02133203125
0 0.42316692667706707 0.43505859375 0.09108684347373895 0.02386328125
0 0.24115964638585544 0.47412109375 0.08799791991679667 0.0238203125
0 0.8476339053562143 0.36255078125 0.08190327613104524 0.023027343750000002
0 0.4296671866874675 0.35376171875 0.09157046281851275 0.020890625
0 0.5133125325013 0.3515859375 0.08863234529381175 0.02290234375
0 0.23628705148205928 0.6796875 0.09238689547581903 0.01898046875
0 0.8482839313572543 0.3408203125 0.08206448257930317 0.0224140625
0 0.24180967238689546 0.43310546875 0.08799791991679667 0.022109375
0 0.06735829433177327 0.3493671875 0.08734789391575663 0.02386328125
0 0.5837233489339574 0.75 0.08283931357254291 0.02157421875
0 0.1514560582423297 0.57763671875 0.09157046281851275 0.02224609375
0 0.42479459178367135 0.33325390625 0.08466458658346333 0.0204453125
0 0.5990015600624026 0.33447265625 0.08190327613104524 0.020890625
0 0.5124544981799273 0.33230468750000003 0.09219968798751951 0.024453125
0 0.8469838793551742 0.40283203125 0.08267290691627664 0.0224140625
0 0.844383775351014 0.44189453125 0.08161726469058762 0.02165234375
0 0.2395371814872595 0.57861328125 0.09140925637025481 0.022539062500000002
0 0.06638585543421736 0.47143750000000006 0.08962038481539261 0.02418359375
0 0.2543213728549142 0.3115234375 0.08897035881435257 0.02029296875
0 0.3318408736349454 0.576171875 0.08864794591783672 0.0218203125
0 0.8476339053562143 0.38208203125 0.08161726469058762 0.022582031250000002
0 0.32680187207488304 0.7001953125 0.09514820592823713 0.0218203125
0 0.154139365574623 0.32934765625 0.09173686947477899 0.022582031250000002
0 0.4167706708268331 0.517578125 0.0887727509100364 0.02006640625
0 0.1514560582423297 0.5146484375 0.08864794591783672 0.02298046875
0 0.4260946437857514 0.3134765625 0.08750910036401456 0.02191015625
0 0.24002080083203328 0.5576171875 0.08913676547061883 0.02194140625
0 0.5160010400416016 0.373359375 0.08904836193447738 0.024003906250000002
0 0.2497711908476339 0.3935546875 0.08783671346853875 0.02157421875
0 0.844383775351014 0.421875 0.08377015080603224 0.02101171875
0 0.24018720748829953 0.53466796875 0.0899479979199168 0.02059765625
0 0.5134009360374415 0.41500000000000004 0.08751430057202288 0.0255546875
0 0.0621996879875195 0.51220703125 0.09173686947477899 0.024335937499999998
0 0.15226729069162767 0.47241406250000006 0.09173686947477899 0.02328515625
0 0.8417836713468538 0.321046875 0.0801560062402496 0.02059765625
0 0.34094123764950596 0.3095703125 0.08832033281331253 0.02298046875
0 0.42869474778991157 0.39501953125 0.08653666146645865 0.02165234375
0 0.15170046801872075 0.49169921875 0.08962038481539261 0.022582031250000002
0 0.7448777951118045 0.8712421875 0.0774934997399896 0.02147265625
0 0.15064482579303173 0.53466796875 0.08929797191887676 0.02215625
0 0.06479979199167966 0.32666015625 0.08718668746749869 0.024660156250000002
0 0.4173166926677067 0.49755859375 0.08572022880915237 0.022582031250000002
0 0.42024440977639105 0.5791015625 0.08897035881435257 0.02395703125
0 0.23628705148205928 0.7001953125 0.08962038481539261 0.021363281249999998
0 0.07144565782631304 0.3879609375 0.08908996359854394 0.021374999999999998
0 0.6019500780031201 0.375734375 0.0845553822152886 0.0231015625
0 0.896250650026001 0.49292968750000005 0.029448777951118044 0.06251953125000001
0 0.6006240249609984 0.35376171875 0.08239209568382735 0.02229296875
0 0.33102444097763906 0.51513671875 0.08783671346853875 0.02237109375
0 0.06094123764950598 0.533203125 0.09238689547581903 0.02391015625
0 0.15600624024961 0.37060546875 0.09238689547581903 0.02262890625
0 0.32924076963078525 0.55712890625 0.08832033281331253 0.02298046875
0 0.7644305772230889 0.3154296875 0.08206448257930317 0.01963671875
0 0.513198127925117 0.3125 0.08897035881435257 0.0224140625
0 0.5981955278211128 0.314453125 0.0841185647425897 0.021406249999999998
0 0.6024232969318772 0.3962421875 0.08578783151326053 0.02271875
0 0.15486739469578784 0.35034375 0.09043681747269891 0.0218671875
0 0.16063962558502343 0.3923359375 0.08880915236609464 0.023558593750000002
0 0.15600624024961 0.4326171875 0.08962038481539261 0.02224609375
0 0.6829641185647426 0.31707421875 0.08460218408736349 0.021703125
0 0.0786947477899116 0.4084140625 0.09075923036921477 0.02418359375
0 0.8961674466978679 0.618015625 0.03188247529901196 0.0635625
0 0.1525117004680187 0.309328125 0.09075923036921477 0.021453125
0 0.06601664066562662 0.3063984375 0.08555902236089444 0.02096484375
0 0.8906708268330733 0.73661328125 0.02921476859074363 0.06101953125
0 0.8822464898595943 0.85049609375 0.03256890275611025 0.0555390625
0 0.8876391055642227 0.7929609375 0.025387415496619863 0.057265625
0 0.325990639625585 0.53564453125 0.08750910036401456 0.0217734375
0 0.8993655746229849 0.3087890625 0.02781071242849714 0.064046875
0 0.8938117524700988 0.6758359375 0.03165886635465419 0.057078125
0 0.8202288091523661 0.8683671875 0.0849609984399376 0.0188671875
0 0.8317004680187207 0.837640625 0.0799219968798752 0.01663671875
0 0.7521736869474779 0.8380546875 0.08471658866354655 0.01641015625
0 0.8339989599583983 0.8045546874999999 0.08152366094643786 0.0172578125
0 0.7507280291211649 0.8044414062499999 0.0820228809152366 0.01928125
0 0.8298023920956838 0.7692578125 0.0811232449297972 0.019453124999999998
0 0.7492303692147686 0.76801953125 0.08302132085283412 0.02073046875
0 0.6676079043161727 0.76741796875 0.08442017680707228 0.01953125
0 0.6717524700988039 0.84023046875 0.07972438897555903 0.0158125
0 0.5111596463858554 0.82484765625 0.08621944877795112 0.02332421875
0 0.4220436817472699 0.84604296875 0.08381695267810713 0.01918359375
0 0.329984399375975 0.86537109375 0.08751430057202288 0.0173125
0 0.07288091523660947 0.8712890625 0.08881435257410296 0.020152343750000003
0 0.07852314092563703 0.8553124999999999 0.09111284451378056 0.0197109375
0 0.16713988559542384 0.8533242187500001 0.09051482059282372 0.01948828125
0 0.1649921996879875 0.8358789062499999 0.09320852834113365 0.01837109375
0 0.064934997399896 0.82046484375 0.09191367654706188 0.01980859375
0 0.06448777951118045 0.782453125 0.09600624024960999 0.022582031250000002
0 0.05909516380655226 0.7438046875000001 0.09320852834113365 0.0248359375
0 0.07113364534581383 0.66170703125 0.09230889235569423 0.02273828125
0 0.0649869994799792 0.49012500000000003 0.08801352054082164 0.02477734375
0 0.07033281331253251 0.450078125 0.09570982839313573 0.024980468750000002
0 0.0660374414976599 0.42944531250000006 0.08911596463858555 0.0242421875
0 0.0670878835153406 0.368140625 0.08621944877795112 0.02320703125
0 0.1662922516900676 0.41046875 0.08581903276131045 0.0215546875
0 0.2532553302132085 0.41264453124999995 0.09091003640145605 0.02140234375
0 0.15939677587103482 0.45281640625 0.09001560062402496 0.021453125
0 0.2405668226729069 0.49337890624999997 0.0915132605304212 0.02077734375
0 0.3335309412376495 0.493828125 0.08861674466978679 0.02167578125
0 0.15400416016640664 0.5549921875 0.09121164846593864 0.025437500000000002
0 0.16084763390535622 0.661171875 0.08791471658866355 0.02016796875
0 0.337873114924597 0.6592617187500001 0.0903120124804992 0.01859375
0 0.3284815392615704 0.617546875 0.08751430057202288 0.022218750000000002
0 0.15629745189807592 0.7815546875 0.0938117524700988 0.02078515625
0 0.24995839833593345 0.81373828125 0.0895163806552262 0.0266171875
0 0.2545033801352054 0.84926171875 0.08342173686947477 0.0233671875
0 0.24141965678627145 0.75713671875 0.09221008840353614 0.02222265625
0 0.24126885075403015 0.777765625 0.09291211648465938 0.02596484375
0 0.33257930317212686 0.7767890625 0.09011440457618304 0.025515624999999997
0 0.336427457098284 0.79258203125 0.0874154966198648 0.020328125
0 0.3389235569422777 0.8268671875000001 0.08442017680707228 0.021355468750000002
0 0.3337805512220489 0.73744140625 0.08671866874674987 0.0233671875
0 0.4182995319812792 0.7390195312500001 0.08551742069682787 0.019015625
0 0.41929797191887674 0.7748046875 0.08352054082163288 0.02304296875
0 0.42209568382735313 0.7915351562499999 0.08991159646385856 0.018984375
0 0.5021164846593864 0.75255859375 0.08771710868434737 0.02433203125
0 0.5038169526781071 0.77033984375 0.08231929277171088 0.02237109375
0 0.5070098803952158 0.7880078125 0.08392095683827352 0.0224375
0 0.4216952678107124 0.70116015625 0.09071242849713988 0.022089843749999998
0 0.42449297971918876 0.59929296875 0.09310972438897556 0.021734375
0 0.5886323452938118 0.80263671875 0.08252210088403536 0.02017578125
0 0.836151846073843 0.731265625 0.07745189807592304 0.0193046875
0 0.8381071242849715 0.67246484375 0.08305252210088404 0.025460937500000003
0 0.41437857514300575 0.536390625 0.08890275611024441 0.0220390625
0 0.4189131565262611 0.5572734374999999 0.08842433697347893 0.01898046875
0 0.5172542901716068 0.39340625 0.08585023400936037 0.0184921875
0 0.5114144565782631 0.43462890625000006 0.08688507540301613 0.02656640625
0 0.5151118044721789 0.45610156249999995 0.08836193447737908 0.02178125
0 0.5128913156526261 0.47535156250000005 0.08393135725429017 0.0214375
0 0.5112688507540302 0.5152421875 0.09013520540821633 0.02241015625
0 0.5135569422776911 0.53662109375 0.08407696307852315 0.02409765625
0 0.5131149245969839 0.55698046875 0.08200728029121164 0.025968750000000002
0 0.508164326573063 0.5790234375 0.08747789911596464 0.024546875000000003
0 0.5139989599583983 0.5975546875 0.09205928237129485 0.02830859375
0 0.5139261570462819 0.61925 0.08481539261570463 0.02396875
0 0.5126001040041602 0.63778125 0.0904316172646906 0.02329296875
0 0.510972438897556 0.6597304687500001 0.09072802912116484 0.02390234375
0 0.5100104004160166 0.6787578125 0.09117004680187207 0.02311328125
0 0.5114872594903797 0.69756640625 0.08821632865314612 0.02187890625
0 0.510306812272491 0.71487890625 0.09058242329693188 0.02098046875
0 0.8441601664066563 0.5577734375000001 0.08218928757150287 0.019246093750000002
0 0.8418304732189287 0.61741796875 0.08125845033801352 0.01813671875
0 0.6842797711908476 0.33625390624999996 0.08314092563702548 0.02188671875
0 0.7680811232449298 0.33550390625 0.08122204888195528 0.01950390625
0 0.6834321372854915 0.3574140625 0.0836557462298492 0.022101562499999998
0 0.7669734789391576 0.35531250000000003 0.0804836193447738 0.02232421875
0 0.6846853874154967 0.37853906249999997 0.081736869474779 0.02146875
0 0.7675663026521061 0.376546875 0.08166406656266251 0.0188125
0 0.6845709828393136 0.39835937499999996 0.08078003120124805 0.02168359375
0 0.7652418096723869 0.3965078125 0.0792303692147686 0.0193046875
0 0.5999583983359335 0.4162109375 0.08549661986479459 0.0197578125
0 0.6841289651586063 0.41800781249999996 0.08284451378055123 0.02114453125
0 0.7656474258970358 0.41643359375 0.08078003120124805 0.01931640625
0 0.5983359334373375 0.43667187500000004 0.08520540821632865 0.01950390625
0 0.6838741549661986 0.43844921875000004 0.08159126365054603 0.021234375
0 0.7650962038481539 0.436734375 0.07893915756630265 0.02134375
0 0.5992979719188768 0.45651562500000004 0.08564742589703588 0.020988281249999997
0 0.6833905356214249 0.45853515624999996 0.08137285491419656 0.02004296875
0 0.7650234009360375 0.4570390625 0.08026521060842433 0.020378906250000002
0 0.598003120124805 0.47670703124999997 0.08527821112844514 0.020953125
0 0.6825065002600105 0.478671875 0.08254810192407697 0.0210078125
0 0.7636921476859074 0.477703125 0.08056162246489859 0.02073046875
0 0.8443629745189808 0.47964062500000004 0.0804836193447738 0.020234375
0 0.841820072802912 0.499421875 0.076136245449818 0.0176640625
0 0.8436297451898076 0.51816015625 0.08196047841913677 0.0191484375
0 0.5983723348933958 0.49691796874999994 0.08453978159126364 0.01890234375
0 0.6809984399375975 0.49910546875 0.08321372854914197 0.01840625
0 0.7635465418616745 0.49796874999999996 0.08026521060842433 0.02012109375
0 0.5959802392095683 0.5161171875 0.08343213728549141 0.018390625
0 0.6783827353094124 0.5178046875 0.08019240769630785 0.01899609375
0 0.7620384815392616 0.51827734375 0.08092563702548101 0.0193828125
0 0.5978575143005721 0.5358828124999999 0.08601144045761831 0.018484375
0 0.6818460738429537 0.53729296875 0.08269890795631825 0.019535156249999998
0 0.7628445137805513 0.537765625 0.08107644305772231 0.01858984375
0 0.5950962038481539 0.55657421875 0.08608944357774312 0.02083984375
0 0.6772022880915236 0.55765234375 0.08225689027561103 0.02034375
0 0.7604524180967238 0.557265625 0.08498179927197087 0.0200078125
0 0.5920332813312532 0.575890625 0.08512740509620384 0.0209609375
0 0.6743265730629225 0.57744140625 0.08682267290691628 0.020078125
0 0.7560686427457098 0.57550390625 0.08151846073842953 0.020628906250000002
0 0.5974518980759231 0.5957617187500001 0.08711908476339053 0.0204453125
0 0.6805200208008321 0.5972578125 0.08372854914196567 0.020109375
0 0.7645397815912637 0.595515625 0.07783151326053042 0.020499999999999997
0 0.5974154966198647 0.61560546875 0.08778471138845553 0.0197109375
0 0.6819552782111284 0.61748828125 0.08144565782631305 0.02126171875
0 0.5957930317212689 0.6364375 0.08674986999479979 0.0205625
0 0.68133125325013 0.6364921875 0.08314092563702548 0.01934375
0 0.7601196047841914 0.63599609375 0.08004160166406656 0.019234375
0 0.5958294331773271 0.6562734375 0.08608944357774312 0.02076953125
0 0.6792667706708269 0.6564140625 0.08196047841913677 0.0204921875
0 0.7618148725949038 0.65486328125 0.07901196047841913 0.01739453125
0 0.5958294331773271 0.67615234375 0.08903796151846073 0.01809765625
0 0.6791159646385856 0.67476171875 0.08166406656266251 0.02230859375
0 0.758829953198128 0.6729609375 0.07967758710348413 0.019265625
0 0.5942849713988559 0.69373046875 0.0874154966198648 0.018925781250000002
0 0.6793031721268851 0.69416796875 0.07834633385335413 0.0173828125
0 0.7583879355174208 0.6912617187500001 0.081736869474779 0.02098046875
0 0.5929225169006761 0.7129921875 0.09132085283411337 0.01805078125
0 0.7567654706188247 0.71024609375 0.07849713988559542 0.015765625