0 0.39059375 0.2641484375 0.19282291666666668 0.03474609375
0 0.5861145833333333 0.2549296875 0.198796875 0.04530078125
0 0.7999010416666666 0.2249375 0.22425 0.06388671875
0 0.8869895833333333 0.29728515624999996 0.14393229166666668 0.05434375
0 0.7508541666666667 0.28889453125000003 0.12728124999999998 0.039304687500000005
0 0.6167604166666667 0.27830859375 0.12186458333333333 0.034875
0 0.6221145833333334 0.30326953125 0.12403125 0.04080078125
0 0.890609375 0.32833203125 0.142984375 0.05291796875
0 0.8855000000000001 0.3834375 0.1447760416666667 0.0498671875
0 0.7484479166666667 0.3189375 0.13052083333333334 0.0414765625
0 0.6232864583333334 0.33164453125 0.12228645833333333 0.032890625
0 0.6262135416666667 0.35605859375 0.1253125 0.026261718750000003
0 0.7436302083333334 0.5036679687500001 0.12910416666666666 0.031136718749999997
0 0.7493125 0.399828125 0.13387500000000002 0.03780859375
0 0.7328333333333333 0.527046875 0.12451562499999999 0.0239140625
0 0.61640625 0.38428125 0.11953125 0.03118359375
0 0.8816354166666667 0.35407421875 0.139078125 0.050050781249999995
0 0.7414635416666666 0.4788359375 0.12925 0.03390625
0 0.497921875 0.388109375 0.11607291666666668 0.026144531250000002
0 0.6204479166666667 0.40845703125000005 0.118734375 0.029078125
0 0.6173802083333333 0.5096093749999999 0.12367708333333334 0.02419921875
0 0.37904166666666667 0.53662109375 0.11201041666666667 0.023070312500000002
0 0.73625 0.5515859375 0.12558333333333332 0.0253359375
0 0.497484375 0.41293359374999994 0.11557291666666666 0.025710937499999996
0 0.10355208333333334 0.76408203125 0.095875 0.02703125
0 0.08901041666666668 0.6486132812500001 0.10063020833333333 0.02803125
0 0.6103697916666667 0.5349921875 0.121875 0.02451171875
0 0.7361145833333332 0.57226953125 0.12522395833333333 0.02800390625
0 0.9522135416666667 0.63249609375 0.039046875 0.0917109375
0 0.4969427083333333 0.558921875 0.11066666666666666 0.02078515625
0 0.4993177083333334 0.5122109375 0.11508854166666667 0.025289062499999997
0 0.302765625 0.84734375 0.10047395833333334 0.027566406249999998
0 0.10480208333333334 0.74490234375 0.09375 0.03173828125
0 0.7346979166666666 0.5953593749999999 0.124828125 0.022351562499999998
0 0.40209374999999997 0.77783203125 0.10293229166666666 0.027265624999999998
0 0.6268697916666667 0.90635546875 0.11759375 0.030671874999999998
0 0.7401354166666666 0.63886328125 0.12805208333333334 0.022539062500000002
0 0.49071875 0.53531640625 0.11970312500000001 0.023304687499999997
0 0.6157708333333333 0.64092578125 0.11763020833333333 0.021718750000000002
0 0.9485677083333334 0.538875 0.038859375 0.09541796875
0 0.3907552083333333 0.6183125 0.10759375 0.020222656250000002
0 0.3857552083333333 0.5785625 0.11127083333333333 0.02121875
0 0.9536354166666666 0.7244140625 0.04697916666666667 0.0962265625
0 0.7445729166666666 0.8932265625 0.11704166666666667 0.0290859375
0 0.8696354166666667 0.8183671875 0.12491666666666666 0.030105468749999996
0 0.30596875 0.8665859375 0.09769791666666668 0.024328125
0 0.30238020833333334 0.80990625 0.10016145833333333 0.02731640625
0 0.39271354166666667 0.65848828125 0.11225520833333333 0.0221875
0 0.62528125 0.8478242187499999 0.11327604166666667 0.02705078125
0 0.6240989583333333 0.8069843750000001 0.119125 0.023546875000000002
0 0.951171875 0.81262109375 0.037557291666666666 0.08328125
0 0.29811979166666663 0.770828125 0.10576041666666666 0.0265078125
0 0.7378541666666667 0.7887304687500001 0.121328125 0.02394140625
0 0.5157604166666666 0.8795507812500001 0.10728125 0.024906249999999998
0 0.9499947916666667 0.89713671875 0.04176041666666667 0.08742578125
0 0.4964791666666667 0.5782695312499999 0.11591666666666667 0.017707031249999998
0 0.7445885416666667 0.8541601562500001 0.12190625000000001 0.02638671875
0 0.5110989583333333 0.80129296875 0.11294791666666668 0.02608203125
0 0.4062864583333334 0.87432421875 0.105890625 0.026023437500000003
0 0.7431458333333333 0.72568359375 0.12203125000000001 0.02303515625
0 0.30302604166666663 0.8292734375 0.10231770833333333 0.027125
0 0.7458697916666667 0.8097421875 0.12569791666666666 0.02508984375
0 0.40316145833333333 0.79716796875 0.10702604166666667 0.02634375
0 0.3964947916666667 0.6789531249999999 0.10729166666666666 0.023859375
0 0.6263489583333333 0.8261601562499999 0.11686979166666665 0.02759375
0 0.7425572916666667 0.68258984375 0.11833854166666667 0.02097265625
0 0.6228177083333333 0.8863007812499999 0.12202083333333333 0.0298359375
0 0.62528125 0.8648906249999999 0.11294791666666668 0.03166015625
0 0.3963645833333333 0.73701171875 0.109625 0.02456640625
0 0.5155520833333334 0.85888671875 0.10694791666666667 0.02517578125
0 0.744515625 0.8323632812499999 0.12103645833333333 0.0246953125
0 0.4037604166666667 0.81865234375 0.105328125 0.02709375
0 0.7405572916666666 0.6607890624999999 0.12360416666666667 0.02055078125
0 0.741125 0.7043710937500001 0.12419270833333333 0.0238984375
0 0.5104635416666666 0.83953515625 0.113453125 0.022464843749999998
0 0.5125052083333334 0.8213242187500001 0.112125 0.02265234375
0 0.5069270833333334 0.760765625 0.11590104166666666 0.01947265625
0 0.6194947916666667 0.7668984375 0.115578125 0.0290234375
0 0.406484375 0.8539101562500001 0.10634375 0.02787109375
0 0.7447447916666667 0.8723906250000001 0.12003645833333333 0.025863281249999998
0 0.39603645833333334 0.7570703125 0.11205729166666667 0.02259765625
0 0.40550520833333337 0.836078125 0.10732291666666667 0.024574218749999998
0 0.7393125 0.7672578125 0.12486458333333333 0.024578125
0 0.74321875 0.9130820312499999 0.112984375 0.030007812499999998
0 0.3941354166666667 0.716359375 0.10886979166666667 0.02520703125
0 0.7378854166666666 0.61652734375 0.12494270833333333 0.02228515625
0 0.5012291666666667 0.74169921875 0.12103124999999999 0.02191015625
0 0.51290625 0.896484375 0.11308854166666667 0.02791796875
0 0.09492708333333333 0.6670859375 0.091796875 0.02591796875
0 0.2682291666666667 0.2985859375 0.11222395833333333 0.033203125
0 0.74609375 0.262453125 0.12272395833333333 0.04153515625
0 0.383140625 0.29419140625 0.12247916666666667 0.031496093749999995
0 0.16764583333333333 0.30712890625 0.10278125 0.03167578125
0 0.067625 0.309328125 0.09757291666666666 0.030625000000000003
0 0.49189062499999997 0.287375 0.11724479166666667 0.03380859375
0 0.384765625 0.31982421875 0.12247916666666667 0.031859375
0 0.2680677083333334 0.3251953125 0.11181770833333333 0.03253125
0 0.7473958333333334 0.3474140625 0.12296354166666666 0.03854296875
0 0.07161458333333333 0.33130078125 0.09635416666666667 0.02887109375
0 0.1657708333333333 0.33227734375 0.10294791666666667 0.02887109375
0 0.4951041666666667 0.31434765625 0.11887500000000001 0.0344765625
0 0.8619791666666666 0.52392578125 0.137125 0.027480468749999997
0 0.49920833333333337 0.3392109375 0.12025 0.03416796875
0 0.7467447916666666 0.3740234375 0.12378125 0.0367109375
0 0.2719739583333334 0.35083203125 0.10905208333333333 0.03265234375
0 0.876953125 0.49194531250000006 0.14225520833333333 0.0484921875
0 0.07002604166666666 0.35376171875 0.09879687499999999 0.027953125000000002
0 0.17627083333333332 0.53662109375 0.103921875 0.02298046875
0 0.07332291666666667 0.37915234375 0.09773958333333334 0.027953125000000002
0 0.16959895833333333 0.35498046875 0.10278125 0.027480468749999997
0 0.7390520833333334 0.45335937499999995 0.13256770833333334 0.037117187499999996
0 0.7408958333333333 0.42626953125 0.13507291666666665 0.0328359375
0 0.384765625 0.36767578125 0.11613020833333333 0.029375000000000002
0 0.17610937499999998 0.55712890625 0.10205208333333333 0.023558593750000002
0 0.2709947916666666 0.53662109375 0.10717708333333334 0.023375
0 0.3821614583333333 0.34204296875 0.11824479166666667 0.0313125
0 0.17594270833333334 0.4248046875 0.10563020833333334 0.0270078125
0 0.2752291666666667 0.37426953125 0.11002604166666667 0.03234765625
0 0.07470833333333333 0.533203125 0.09594791666666666 0.02284375
0 0.8763020833333334 0.46484375 0.1398125 0.04968359375
0 0.07820833333333334 0.42431640625 0.095296875 0.026457031250000002
0 0.2799479166666667 0.46801953125000006 0.10791145833333333 0.028273437499999998
0 0.17561979166666666 0.513671875 0.10221354166666667 0.02562109375
0 0.8658854166666666 0.572265625 0.1345208333333333 0.028929687500000002
0 0.278484375 0.42114453125000006 0.10807291666666667 0.030671874999999998
0 0.07625520833333334 0.5546875 0.09269270833333333 0.02758984375
0 0.17806249999999998 0.57666015625 0.10335416666666666 0.02427734375
0 0.27653125 0.55859375 0.10717708333333334 0.02423046875
0 0.17643229166666666 0.400390625 0.10449479166666667 0.0280625
0 0.17871354166666667 0.47021484375 0.10335416666666666 0.02685546875
0 0.38509375 0.39306640625 0.11027083333333333 0.029249999999999998
0 0.17513020833333334 0.49169921875 0.101890625 0.026414062500000002
0 0.07893750000000001 0.47094921875000006 0.09561979166666666 0.02691796875
0 0.275390625 0.39673046875 0.10775 0.0302734375
0 0.49902604166666664 0.3642578125 0.11384895833333333 0.030152343749999998
0 0.0765 0.44751171875000006 0.09545833333333334 0.027175781249999996
0 0.07279687500000001 0.40063671875000006 0.09741145833333334 0.026703125
0 0.6084010416666668 0.55908203125 0.11572395833333333 0.0251328125
0 0.2797864583333334 0.48999218750000006 0.10563020833333334 0.027175781249999996
0 0.17220312499999998 0.37939453125 0.10245833333333333 0.029875000000000002
0 0.08618229166666666 0.611328125 0.09578645833333334 0.02908203125
0 0.38574479166666664 0.51220703125 0.10888541666666667 0.02562109375
0 0.8671875 0.6171875 0.13427604166666668 0.0270703125
0 0.38379166666666664 0.56005859375 0.11222395833333333 0.023421875
0 0.5004322916666667 0.48871093749999994 0.1159375 0.02707421875
0 0.07938541666666667 0.49072265625 0.09513541666666667 0.025863281249999998
0 0.3912760416666667 0.46264843750000006 0.10847916666666667 0.02711328125
0 0.07922395833333334 0.51220703125 0.09423958333333333 0.0251328125
0 0.2791354166666667 0.5126953125 0.10294791666666667 0.025558593750000004
0 0.17708333333333334 0.5986328125 0.10026041666666667 0.0237734375
0 0.08715625 0.5927734375 0.09472916666666667 0.028976562500000004
0 0.38574479166666664 0.41650390625 0.10733854166666666 0.028976562500000004
0 0.09879687499999999 0.72607421875 0.09423958333333333 0.0302734375
0 0.6129583333333334 0.60107421875 0.11653645833333333 0.025269531249999998
0 0.861328125 0.92333984375 0.13216145833333334 0.0334765625
0 0.177734375 0.44677734375 0.10465624999999999 0.027265624999999998
0 0.387046875 0.43921093750000006 0.10775 0.028214843750000003
0 0.865234375 0.59375 0.13102083333333334 0.025710937499999996
0 0.2791354166666667 0.44458203125000006 0.10636458333333333 0.028273437499999998
0 0.2807604166666666 0.57568359375 0.10636458333333333 0.0238203125
0 0.180828125 0.6181640625 0.10026041666666667 0.025269531249999998
0 0.10693229166666667 0.802734375 0.09578645833333334 0.030851562500000002
0 0.09456250000000001 0.6884765625 0.094078125 0.0309609375
0 0.496421875 0.46362500000000006 0.11027083333333333 0.02859375
0 0.5034791666666666 0.4365234375 0.11707812499999999 0.02948046875
0 0.2820625 0.61767578125 0.10847916666666667 0.02328515625
0 0.865234375 0.880859375 0.12467708333333333 0.03167578125
0 0.4967447916666667 0.59912109375 0.10636458333333333 0.025800781249999998
0 0.19384895833333332 0.75 0.09496875 0.025863281249999998
0 0.8678385416666666 0.6875 0.13102083333333334 0.02865625
0 0.2875989583333334 0.716796875 0.1050625 0.02418359375
0 0.8693333333333333 0.8395625000000001 0.12852083333333333 0.03019921875
0 0.8697916666666666 0.90283203125 0.127359375 0.031203124999999998
0 0.8639322916666666 0.54931640625 0.13379166666666667 0.02665625
0 0.185546875 0.6962890625 0.09326041666666667 0.027328124999999998
0 0.2819010416666667 0.59716796875 0.106203125 0.02237109375
0 0.8684895833333334 0.6640625 0.13029166666666667 0.028761718749999998
0 0.19238541666666667 0.732421875 0.09513541666666667 0.023070312500000002
0 0.198078125 0.77197265625 0.09496875 0.0276328125
0 0.18131770833333333 0.63623046875 0.09863541666666667 0.0243828125
0 0.28808854166666664 0.67822265625 0.10945833333333334 0.02418359375
0 0.6173177083333333 0.70249609375 0.11684895833333334 0.027609375000000002
0 0.2853177083333333 0.6572265625 0.10847916666666667 0.02461328125
0 0.2926458333333333 0.73681640625 0.10205208333333333 0.025269531249999998
0 0.2877604166666667 0.69970703125 0.10693229166666667 0.027480468749999997
0 0.6106770833333334 0.57861328125 0.1145 0.02483984375
0 0.1883125 0.6572265625 0.09635416666666667 0.0238203125
0 0.21028645833333334 0.87890625 0.09236458333333333 0.027375
0 0.08894791666666667 0.6318359375 0.09496875 0.0283828125
0 0.11531770833333334 0.8701171875 0.09025 0.027910156250000002
0 0.8665364583333334 0.75439453125 0.12890625 0.02855078125
0 0.20410416666666667 0.80810546875 0.09253125 0.026351562499999998
0 0.1145625 0.8369140625 0.100953125 0.0302109375
0 0.8674739583333333 0.77538671875 0.129390625 0.026437500000000003
0 0.20768229166666666 0.84326171875 0.092203125 0.02711328125
0 0.8665364583333334 0.708984375 0.13053645833333333 0.027328124999999998
0 0.20670833333333333 0.82666015625 0.09041145833333333 0.026703125
0 0.19189583333333332 0.7138671875 0.096109375 0.025374999999999998
0 0.5060781249999999 0.7008203125 0.114203125 0.02153125
0 0.295734375 0.75537109375 0.10147916666666666 0.027847656250000002
0 0.20827604166666666 0.86203125 0.0955 0.0245390625
0 0.201984375 0.791015625 0.09456250000000001 0.027175781249999996
0 0.19482291666666668 0.67626953125 0.096109375 0.02488671875
0 0.077515625 0.5703125 0.09155208333333334 0.028273437499999998
0 0.115984375 0.8530859375000001 0.09615625 0.02660546875
0 0.8832083333333334 0.24007031250000002 0.138859375 0.05465234375
0 0.8879270833333333 0.26752734375 0.13589062500000001 0.05241015624999999
0 0.8745989583333333 0.40987109374999997 0.13455208333333332 0.04551953125
0 0.8760781249999999 0.43842187499999996 0.1396666666666667 0.048125
0 0.6154479166666668 0.43393359374999996 0.12002083333333333 0.0320859375
0 0.6170625 0.458296875 0.11679166666666667 0.02934765625
0 0.6189479166666667 0.4840234375 0.11840625 0.03033984375
0 0.3903385416666667 0.48644921874999997 0.10993229166666667 0.029390624999999997
0 0.8681770833333334 0.6396015625 0.13311458333333334 0.0247578125
0 0.8699947916666667 0.7298125 0.13227604166666668 0.0287890625
0 0.8655208333333333 0.7957890625 0.12584375 0.026718750000000003
0 0.8705520833333333 0.85869140625 0.12472395833333333 0.02668359375
0 0.73946875 0.7458242187499999 0.12682291666666667 0.02117578125
0 0.61865625 0.785765625 0.114515625 0.027652343750000002
0 0.6197083333333333 0.7453515625 0.11801041666666667 0.029667968750000002
0 0.6206145833333333 0.72365234375 0.11843229166666666 0.0261171875
0 0.5070052083333334 0.77994921875 0.10515104166666665 0.02335546875
0 0.506375 0.7204453125 0.11228125000000001 0.0218046875
0 0.3951458333333333 0.6970156249999999 0.106546875 0.02423046875
0 0.30013541666666665 0.7906328125 0.09969791666666666 0.02480078125
0 0.2829375 0.63615625 0.10724479166666666 0.021015625
0 0.3883645833333333 0.5972109375 0.11116145833333334 0.0217734375
0 0.3916510416666667 0.63930078125 0.10794270833333333 0.02311328125
0 0.4993177083333334 0.6188046875000001 0.11073958333333334 0.02301953125
0 0.5019635416666667 0.6387265625 0.10625 0.02091015625
0 0.503 0.6606484375 0.11111979166666666 0.020703125
0 0.5037916666666666 0.6797695312500001 0.10850520833333334 0.020152343750000003
0 0.6182656249999999 0.6611328125 0.121171875 0.0195859375
0 0.61865625 0.67972265625 0.11898958333333334 0.025031249999999998
0 0.6153020833333334 0.62022265625 0.120109375 0.022703124999999998
0 0.30671354166666664 0.88487109375 0.10240104166666668 0.02712890625
0 0.40891666666666665 0.89240234375 0.10201041666666667 0.027703125000000002
0 0.10483854166666666 0.7835234375 0.097375 0.026664062500000002
0 0.09823437500000001 0.7050546875 0.09280729166666667 0.028933593749999997
0 0.11014583333333333 0.81983984375 0.09564583333333333 0.024328125