0 0.48535114764930837 0.7892981648193711 0.12109292029861664 0.192725284944591
0 0.5750618944518441 0.5808811662627773 0.1437872333417233 0.21891754161764862
0 0.4455564331996539 0.5766710226561198 0.14367634296180806 0.22786925894875132
0 0.29820680093026103 0.5740947267996126 0.14902590654802206 0.24275325568255857
0 0.16756920669009134 0.806640625 0.16729173369268266 0.2273763020833334
0 0.6908290233845628 0.5831256185132945 0.14142367176912563 0.19328652339007749
0 0.6320592098595261 0.1848012753075622 0.17136742012469747 0.12038768375987567
0 0.4501739897615594 0.14548607968776053 0.20192896752320336 0.12499229403401438
0 0.2313653050106181 0.11231786531743794 0.24501820767748628 0.13967479313487574
0 0.6444421368314919 0.11037948610294143 0.16412841428798405 0.12302134199754954
0 0.30118033883694206 0.21266585298313978 0.22638411517388413 0.1201559247162795
0 0.45893986269500664 0.06586022144901182 0.2032903870016645 0.1239079428980234
0 0.537109375 0.4300130208333333 0.0830078125 0.09513346354166667
0 0.60498046875 0.3483072916666667 0.0794677734375 0.09138997395833333
0 0.623046875 0.4388020833333333 0.07794189453125 0.08829752604166667
0 0.521484375 0.3336588541666667 0.07574462890625 0.090576171875
0 0.67578125 0.3600260416666667 0.07147216796875 0.08732096354166667
0 0.5966796875 0.7825520833333334 0.1114501953125 0.19384765625
0 0.68408203125 0.2823893229166667 0.0709228515625 0.08943684895833333
0 0.78466796875 0.458984375 0.0849609375 0.08414713541666667
0 0.61279296875 0.2674153645833333 0.078369140625 0.095458984375
0 0.5302734375 0.2521158854166667 0.0753173828125 0.09700520833333333
0 0.70654296875 0.4466145833333333 0.0792236328125 0.08011881510416667
0 0.4443359375 0.4173177083333333 0.092041015625 0.10172526041666667
0 0.79931640625 0.59765625 0.1357421875 0.18684895833333334
0 0.75146484375 0.3743489583333333 0.07476806640625 0.086181640625
0 0.75634765625 0.296875 0.0743408203125 0.08699544270833333
0 0.35009765625 0.798828125 0.1480712890625 0.20442708333333334
0 0.689453125 0.7734375 0.100341796875 0.18033854166666666
0 0.82470703125 0.3102213541666667 0.07879638671875 0.08308919270833333
0 0.79052734375 0.7701822916666666 0.10577392578125 0.17073567708333334
0 0.130859375 0.3505859375 0.10284423828125 0.164794921875
0 0.1431884765625 0.5582682291666666 0.177001953125 0.24560546875
0 0.43896484375 0.322265625 0.0872802734375 0.09684244791666667
0 0.81884765625 0.3854166666666667 0.0738525390625 0.085693359375
0 0.144775390625 0.21663411458333334 0.091064453125 0.15275065104166666
0 0.343994140625 0.3076171875 0.10247802734375 0.10774739583333333
0 0.85107421875 0.4632161458333333 0.0792236328125 0.079833984375
0 0.341064453125 0.4055989583333333 0.10894775390625 0.114501953125
0 0.8876953125 0.5940755208333334 0.11553955078125 0.17464192708333334
0 0.8740234375 0.76171875 0.09844970703125 0.16170247395833334
0 0.2391357421875 0.2936197916666667 0.106689453125 0.10319010416666667
0 0.230224609375 0.38671875 0.114990234375 0.107177734375
0 0.79638671875 0.22639973958333334 0.1473388671875 0.09822591145833333
0 0.8037109375 0.15486653645833334 0.157958984375 0.11246744791666667
0 0.2349853515625 0.041361490885416664 0.2401123046875 0.08219401041666667