0 0.6488906249999999 0.28920703125 0.12606770833333333 0.076828125
0 0.35384375 0.196046875 0.10847916666666667 0.10070703125
0 0.7473958333333334 0.73974609375 0.10245833333333333 0.06305078125
0 0.640625 0.5615234375 0.10945833333333334 0.06524609375
0 0.4635416666666667 0.19933984375 0.11108333333333334 0.0999765625
0 0.24772395833333333 0.19543359375 0.11466666666666667 0.10052343749999999
0 0.5517604166666668 0.2001953125 0.103515625 0.09808203125
0 0.529625 0.56689453125 0.11905729166666666 0.06658984375
0 0.4147135416666667 0.7646484375 0.11491145833333333 0.072265625
0 0.3958333333333333 0.28784375 0.12784895833333335 0.0755625
0 0.414390625 0.50341796875 0.11881770833333333 0.0628046875
0 0.4124375 0.576171875 0.12247916666666667 0.0706796875
0 0.2906927083333333 0.5078125 0.13053645833333333 0.06982421875
0 0.7532552083333334 0.55517578125 0.10872395833333333 0.05996875
0 0.2653020833333333 0.28735546875 0.13541666666666666 0.0770859375
0 0.64453125 0.74560546875 0.11067708333333333 0.065734375
0 0.8743489583333334 0.35278515625 0.11531770833333334 0.068296875
0 0.8723958333333334 0.42212109375000006 0.1145 0.07055859375
0 0.7630208333333334 0.3564453125 0.11148958333333334 0.06982421875
0 0.6435572916666668 0.62353515625 0.11027083333333333 0.06634375
0 0.7630208333333334 0.2868671875 0.11083854166666667 0.0733046875
0 0.5247395833333334 0.29052734375 0.123375 0.07666015625
0 0.648765625 0.49633984375000006 0.10929166666666666 0.0642109375
0 0.7604166666666666 0.49292187500000006 0.10888541666666667 0.06524609375
0 0.4192708333333333 0.7001953125 0.121828125 0.0674453125
0 0.8548177083333334 0.72998046875 0.10099479166666667 0.064390625
0 0.6490885416666666 0.68701171875 0.10538541666666666 0.06658984375
0 0.2895520833333334 0.5791015625 0.13077604166666668 0.07080078125
0 0.8717447916666666 0.48510937500000006 0.11246874999999999 0.06335546875
0 0.8678385416666666 0.5458984375 0.11303645833333334 0.05865625
0 0.5348333333333334 0.49878125000000006 0.1145 0.0654921875
0 0.7623697916666666 0.42553906250000006 0.10888541666666667 0.0713515625
0 0.162515625 0.50927734375 0.141765625 0.07159375
0 0.529296875 0.6298828125 0.11466666666666667 0.0686640625
0 0.40332291666666664 0.3642578125 0.12621875 0.072875
0 0.6442083333333334 0.36181640625 0.11263020833333333 0.07464453125
0 0.5279947916666666 0.3623046875 0.11865104166666667 0.07476953125
0 0.174640625 0.78173828125 0.12784895833333335 0.0699453125
0 0.5305989583333334 0.43139843750000006 0.11653645833333333 0.07342578125
0 0.17155208333333333 0.716796875 0.13305729166666666 0.07275390625
0 0.16113541666666667 0.58251953125 0.13761458333333335 0.0733046875
0 0.7545572916666666 0.67919921875 0.10115625 0.065125
0 0.535484375 0.69189453125 0.11384895833333333 0.06683203125
0 0.6474635416666668 0.43237500000000006 0.11303645833333334 0.07238671875
0 0.859375 0.67041015625 0.10131770833333334 0.061769531249999995
0 0.1285 0.28857421875 0.14575 0.07922265625
0 0.410484375 0.43481640625000006 0.12516145833333334 0.07159375
0 0.8834635416666666 0.28442578125 0.12117708333333334 0.07208203125
0 0.4153645833333333 0.634765625 0.120359375 0.06756640625
0 0.14249479166666665 0.367921875 0.14778645833333334 0.08062890625
0 0.2771822916666667 0.36596875 0.1398125 0.07476953125
0 0.7532552083333334 0.20105078125000003 0.09936458333333334 0.095703125
0 0.16699479166666667 0.6494140625 0.13590625 0.068296875
0 0.75390625 0.61572265625 0.10538541666666666 0.0640859375
0 0.2830416666666667 0.43725781250000006 0.13590625 0.072875
0 0.2985052083333333 0.70849609375 0.12313020833333334 0.071046875
0 0.2908541666666667 0.638671875 0.12621875 0.06658984375
0 0.15169270833333334 0.43823437500000006 0.14681249999999998 0.08093359375
0 0.2962239583333333 0.77490234375 0.12313020833333334 0.06372265625
0 0.548828125 0.751953125 0.08040625 0.0628046875
0 0.11970833333333333 0.20630078125 0.149578125 0.08447265625
0 0.861328125 0.61181640625 0.10717708333333334 0.06903125
0 0.875 0.2119140625 0.14347395833333335 0.07696484375
0 0.6627604166666666 0.20153906250000003 0.10042187500000001 0.09723046875