0 0.7140885416666667 0.54120703125 0.09297395833333333 0.07289453125
0 0.5937291666666666 0.7554335937500001 0.09078645833333333 0.0766015625
0 0.44371875000000005 0.22995312499999998 0.23015104166666667 0.056535156249999996
0 0.6586822916666667 0.23535937499999998 0.2171875 0.06601171875
0 0.2778385416666667 0.28410546875 0.24128125 0.0585078125
0 0.6686302083333333 0.1840078125 0.20266145833333335 0.06409375
0 0.19845833333333335 0.22697656249999998 0.262390625 0.06219921874999999
0 0.44054166666666666 0.55165625 0.101984375 0.08437890625
0 0.536296875 0.5441484375 0.09827604166666666 0.0683828125
0 0.3435729166666667 0.5498515625 0.11146354166666667 0.0824296875
0 0.446765625 0.17130859375000002 0.22751041666666666 0.0592265625
0 0.2365729166666667 0.5545117187499999 0.11328645833333333 0.08076171875
0 0.48730208333333336 0.47283984375 0.10082291666666668 0.07928515625
0 0.565578125 0.40185546875 0.10934895833333333 0.063234375
0 0.28244791666666663 0.47104296874999996 0.10616666666666667 0.0828359375
0 0.31473437499999996 0.774328125 0.10562500000000001 0.07744140625
0 0.12592708333333333 0.55803515625 0.11565625 0.08866796875
0 0.9042552083333334 0.5368710937500001 0.13769270833333333 0.0723984375
0 0.14869270833333334 0.46975 0.17498958333333334 0.0882421875
0 0.7941197916666667 0.53733984375 0.080046875 0.064671875
0 0.6197916666666666 0.541015625 0.08634375 0.06891015625
0 0.42676041666666664 0.6240234375 0.09668229166666667 0.0738515625
0 0.6959635416666666 0.6123046875 0.08528645833333333 0.07251171875
0 0.6106770833333334 0.6162109375 0.08927604166666667 0.076109375
0 0.865234375 0.1949453125 0.20849479166666668 0.061769531249999995
0 0.7825520833333334 0.60791015625 0.09253125 0.069640625
0 0.3297552083333333 0.62646484375 0.10693229166666667 0.077515625
0 0.523765625 0.619140625 0.08683333333333333 0.07421875
0 0.5094427083333334 0.76123046875 0.0910625 0.07531640625
0 0.53515625 0.69091796875 0.08463541666666667 0.07501171875
0 0.7669270833333334 0.4697265625 0.09684374999999999 0.07183984375
0 0.8587239583333334 0.60498046875 0.09204166666666666 0.072265625
0 0.6725260416666666 0.74755859375 0.074421875 0.0733046875
0 0.8639322916666666 0.24523828124999997 0.19547395833333334 0.057921875
0 0.6770833333333334 0.46606640625000006 0.09496875 0.07147265625
0 0.20003125 0.16650390625 0.2623697916666667 0.0621015625
0 0.455609375 0.40149609374999995 0.11353125 0.06340234375
0 0.441734375 0.6962890625 0.094078125 0.07666015625
0 0.8919270833333334 0.66552734375 0.11946875 0.063109375
0 0.3860677083333333 0.47021484375 0.09936458333333334 0.07531640625
0 0.7044270833333334 0.67724609375 0.0843125 0.0706796875
0 0.7630208333333334 0.40380859375 0.09822395833333333 0.057921875
0 0.85546875 0.46850781250000006 0.09895833333333333 0.0719609375
0 0.9368489583333334 0.59814453125 0.08561458333333333 0.06817578125
0 0.443359375 0.34106640625 0.105796875 0.05996875
0 0.33496354166666664 0.3388671875 0.11531770833333334 0.06021093749999999
0 0.857421875 0.40234375 0.100015625 0.05603125
0 0.3473333333333333 0.69921875 0.10465624999999999 0.07837109375
0 0.8235677083333334 0.2958984375 0.09863541666666667 0.0562421875
0 0.337890625 0.39770703125 0.120359375 0.06585546875
0 0.4124375 0.76953125 0.09155208333333334 0.074890625
0 0.7337239583333334 0.29321484375 0.091390625 0.055937499999999994
0 0.9114583333333334 0.298828125 0.09594791666666666 0.05126953125
0 0.6188177083333334 0.68115234375 0.08191145833333334 0.07019140625
0 0.82421875 0.349609375 0.09423958333333333 0.055937499999999994
0 0.7552083333333334 0.740234375 0.07893750000000001 0.0680546875
0 0.7942708333333334 0.67578125 0.08479687500000001 0.063234375
0 0.453453125 0.2810078125 0.10563020833333334 0.059203125
0 0.734375 0.3464375 0.09073958333333333 0.056121093749999997
0 0.22021354166666668 0.337890625 0.11840625 0.057374999999999995
0 0.935546875 0.46460156250000006 0.08976041666666666 0.0692734375
0 0.11678125 0.298828125 0.09578645833333334 0.0836171875
0 0.5540364583333334 0.2890625 0.10261979166666667 0.06021093749999999
0 0.9088541666666666 0.35034375 0.0910625 0.0557265625
0 0.8365885416666666 0.72705078125 0.08512499999999999 0.06063671875
0 0.24788541666666666 0.7060546875 0.10376041666666666 0.0784921875
0 0.21484375 0.39404296875 0.1223125 0.06634375
0 0.912109375 0.71337890625 0.083578125 0.0700703125
0 0.14103125 0.71240234375 0.11653645833333333 0.07837109375
0 0.650390625 0.3447265625 0.07389583333333333 0.05603125
0 0.94921875 0.40380859375 0.09651562500000001 0.0556015625
0 0.11124479166666666 0.37939453125 0.09969270833333334 0.09026953125
0 0.15380729166666668 0.6357421875 0.16813020833333334 0.0836171875
0 0.6637395833333334 0.40161328125000006 0.09285416666666667 0.05749609375
0 0.6461614583333334 0.291015625 0.08084895833333333 0.057585937499999997
0 0.17838541666666666 0.78271484375 0.14908854166666666 0.0830078125
0 0.5824583333333333 0.47023046874999996 0.09877083333333332 0.08293359375
0 0.55415625 0.34128515625 0.12008854166666666 0.05875781249999999