0 0.5582995319812792 0.27069921875 0.10200728029121164 0.03880078125
0 0.7685127405096204 0.2596796875 0.11777951118044722 0.03664453125
0 0.6602340093603745 0.26328125 0.10532501300052002 0.029917968750000003
0 0.6584815392615705 0.29095703125 0.10393655746229849 0.03386328125
0 0.6648257930317213 0.31936328125 0.10361934477379095 0.0283828125
0 0.5636193447737909 0.319546875 0.10279771190847634 0.024742187500000002
0 0.7569734789391576 0.36587890624999997 0.10964118564742589 0.02616015625
0 0.6507332293291731 0.36880859374999997 0.10240769630785232 0.0270625
0 0.7685907436297452 0.340703125 0.11013520540821632 0.0268515625
0 0.741575663026521 0.54541015625 0.10160166406656267 0.02475
0 0.46339053562142485 0.32594921875 0.1014092563702548 0.02370703125
0 0.6632397295891836 0.34399609375 0.10531981279251171 0.027433593750000002
0 0.5506448257930318 0.3689921875 0.09610504420176808 0.02583984375
0 0.4668122724908996 0.34705859375000003 0.09940197607904316 0.02207421875
0 0.7473010920436817 0.46020312499999994 0.10728029121164848 0.02591015625
0 0.6441705668226729 0.544921875 0.09481539261570464 0.024003906250000002
0 0.56399375975039 0.3447265625 0.10362454498179928 0.02665625
0 0.7641237649505981 0.41541015625 0.10801872074882996 0.023082031250000003
0 0.7564482579303172 0.39132812499999997 0.10738429537181488 0.02615625
0 0.45906396255850235 0.543625 0.0884139365574623 0.022082031250000002
0 0.6629121164846594 0.41498046874999994 0.1025585023400936 0.0255625
0 0.2977223088923557 0.4244296875 0.08557982319292771 0.02232421875
0 0.6627717108684348 0.501125 0.10016120644825793 0.02460546875
0 0.7612740509620385 0.5024609375 0.10752470098803953 0.0215546875
0 0.6509360374414976 0.39282421875 0.10469058762350493 0.026457031250000002
0 0.4711648465938637 0.4175 0.09640145605824232 0.0236015625
0 0.7373010920436817 0.6259765625 0.09370774830993239 0.023195312500000002
0 0.46134165366614666 0.560546875 0.09024440977639105 0.022539062500000002
0 0.7551222048881955 0.58528125 0.10228809152366095 0.02373828125
0 0.759724388975559 0.5234375 0.10393655746229849 0.024796875
0 0.5648673946957878 0.41419921875 0.10082683307332292 0.02016796875
0 0.2923348933957358 0.46444921875 0.08126365054602185 0.0220078125
0 0.6491471658866355 0.45871093749999997 0.09988559542381696 0.02401953125
0 0.3821372854914197 0.44240234375 0.09198647945917836 0.02106640625
0 0.38776391055642223 0.57994921875 0.08537701508060323 0.022382812499999998
0 0.4736401456058242 0.58266796875 0.0890015600624025 0.026023437500000003
0 0.5512948517940718 0.6396484375 0.08854914196567863 0.022796875
0 0.2164170566822673 0.485765625 0.08137285491419656 0.020374999999999997
0 0.15778991159646386 0.575046875 0.08254290171606864 0.0214453125
0 0.2916848673946958 0.48197265624999996 0.07906916276651067 0.01849609375
0 0.5649921996879875 0.599609375 0.09173166926677068 0.02493359375
0 0.7486791471658867 0.6652421875 0.09963598543941757 0.021839843749999997
0 0.2328393135725429 0.52280078125 0.07320852834113364 0.0195625
0 0.6451170046801872 0.4784296875 0.09970878835153407 0.02159765625
0 0.38886115444617786 0.59926953125 0.0791003640145606 0.02284375
0 0.7335725429017161 0.7236328125 0.09008320332813312 0.025222656249999996
0 0.6617472698907956 0.52326953125 0.09535101404056164 0.024640625
0 0.6628757150286012 0.43646484374999994 0.10166926677067083 0.02351953125
0 0.15198127925117005 0.50244140625 0.07966718668746749 0.0217421875
0 0.5662922516900676 0.43648828125000005 0.09799271970878835 0.0202421875
0 0.7454758190327613 0.48095703125 0.10380135205408217 0.0231484375
0 0.31306812272490897 0.59716796875 0.07871034841393657 0.021046875
0 0.643229329173167 0.62404296875 0.0965522620904836 0.02279296875
0 0.731996879875195 0.70378125 0.09313572542901716 0.02345703125
0 0.6440197607904317 0.6416015625 0.09455018200728028 0.02461328125
0 0.9376859074362975 0.5383554687500001 0.05138845553822152 0.07631640625
0 0.4736921476859074 0.60221875 0.08825273010920437 0.02113671875
0 0.4604940197607904 0.62158203125 0.08838273530941237 0.023027343750000002
0 0.4704420176807072 0.43962109375 0.0900780031201248 0.022875
0 0.9457878315132605 0.459796875 0.05407176287051482 0.07662109375000001
0 0.4633645345813832 0.6376953125 0.09315132605304212 0.0237734375
0 0.9569578783151326 0.38177734375 0.05094123764950598 0.08093359375
0 0.965569422776911 0.2968984375 0.0481071242849714 0.0896484375
0 0.7545865834633385 0.60661328125 0.09997919916796671 0.02144140625
0 0.3186219448777951 0.66552734375 0.07631305252210088 0.02262890625
0 0.17957878315132605 0.7332734375000001 0.07480499219968799 0.02154296875
0 0.2568538741549662 0.7956289062499999 0.07083203328133125 0.02251953125
0 0.7272646905876234 0.77498828125 0.09524700988039521 0.0258515625
0 0.4768434737389496 0.67236328125 0.08711908476339053 0.02072265625
0 0.5502704108164327 0.8199921874999999 0.08308372334893396 0.0258671875
0 0.9149973998959958 0.6733515625 0.047321892875715026 0.064171875
0 0.7170670826833073 0.83447265625 0.09011960478419137 0.025863281249999998
0 0.5619708788351534 0.7265625 0.0862922516900676 0.02157421875
0 0.3265678627145086 0.77099609375 0.07558502340093604 0.020890625
0 0.8969682787311491 0.79454296875 0.045860634425377016 0.05854296875
0 0.55801872074883 0.71059765625 0.08440457618304732 0.0210859375
0 0.9081279251170047 0.7359609375 0.03871034841393656 0.06381250000000001
0 0.7237077483099325 0.79098046875 0.09180447217888715 0.02486328125
0 0.3266146645865835 0.8016992187499999 0.07030161206448257 0.02033203125
0 0.7402288091523661 0.76005078125 0.09996359854394175 0.0254140625
0 0.29972958918356735 0.44330468749999996 0.094269370774831 0.02311328125
0 0.469464378575143 0.81396484375 0.07959958398335933 0.023375
0 0.26040041601664066 0.78073828125 0.07086323452938117 0.0224609375
0 0.5485907436297452 0.8360859375 0.08237129485179408 0.02654296875
0 0.3970358814352574 0.82080078125 0.0743733749349974 0.0210859375
0 0.7324024960998441 0.80773828125 0.0911492459698388 0.025957031250000002
0 0.8872178887155485 0.8486132812499999 0.0488247529901196 0.0552890625
0 0.7179095163806553 0.851953125 0.09501820072802912 0.020859375
0 0.47176287051482063 0.83052734375 0.07878835153406136 0.02442578125
0 0.7293239729589184 0.81984765625 0.0892823712948518 0.0211953125
0 0.4595683827353094 0.278078125 0.09636505460218409 0.03180078125
0 0.19208528341133646 0.30224609375 0.0831201248049922 0.027910156250000002
0 0.3698647945917837 0.287109375 0.09157046281851275 0.026109375
0 0.28146125845033804 0.29248046875 0.08393655746229849 0.026457031250000002
0 0.11741029641185648 0.306640625 0.0791003640145606 0.025957031250000002
0 0.047779511180447216 0.31005859375 0.07666146645865834 0.030152343749999998
0 0.2796723868954758 0.31762890625 0.08669786791471659 0.026261718750000003
0 0.765080603224129 0.28833203125 0.10563182527301092 0.03390625
0 0.8885855434217369 0.2526875 0.1289495579823193 0.03689453125
0 0.46119604784191365 0.3037109375 0.0968538741549662 0.028441406250000002
0 0.5570722828913156 0.2978515625 0.0968538741549662 0.029875000000000002
0 0.7676807072282892 0.3151875 0.1037597503900156 0.0328984375
0 0.19614664586583463 0.32446484375 0.08685907436297452 0.027910156250000002
0 0.8820852834113364 0.28125 0.1271606864274571 0.03698828125
0 0.8840353614144566 0.3122578125 0.12448257930317212 0.0364375
0 0.11968798751950077 0.328125 0.07970878835153407 0.0251328125
0 0.36856474258970356 0.309328125 0.08653666146645865 0.02456640625
0 0.20085803432137286 0.3464375 0.08401456058242329 0.028929687500000002
0 0.0502548101924077 0.33154296875 0.07694747789911596 0.02865625
0 0.2840613624544982 0.340578125 0.08702028081123245 0.02752734375
0 0.20215808632345295 0.3662109375 0.08434217368694748 0.0283828125
0 0.37344253770150804 0.33423046875 0.09108684347373895 0.026703125
0 0.8690847633905356 0.3642578125 0.12318252730109204 0.03332421875
0 0.12805512220488818 0.36938671875 0.07796151846073843 0.0249921875
0 0.12188247529901196 0.34912109375 0.07751430057202288 0.025421875
0 0.8515340613624545 0.546875 0.12058242329693188 0.024046875000000002
0 0.2858502340093604 0.361328125 0.08548101924076963 0.02711328125
0 0.07401976079043161 0.5380859375 0.076136245449818 0.02323828125
0 0.8716848673946958 0.43530468750000006 0.11781591263650547 0.02880859375
0 0.8495839833593344 0.56787109375 0.11968798751950077 0.025511718750000002
0 0.2052470098803952 0.390625 0.08377015080603224 0.026199218749999996
0 0.05179927197087884 0.35083203125 0.07471138845553822 0.02711328125
0 0.282922516900676 0.3845234375 0.08531461258450339 0.026261718750000003
0 0.37474258970358815 0.3564453125 0.08848673946957879 0.0260625
0 0.36921476859074365 0.3798828125 0.08929797191887676 0.02665625
0 0.12968278731149246 0.3903828125 0.07710868434737389 0.024140625
0 0.14406136245449816 0.43042187500000006 0.07556422256890276 0.024140625
0 0.4559958398335933 0.37378125 0.09027041081643265 0.027433593750000002
0 0.8541341653666147 0.58984375 0.11326573062922517 0.02661328125
0 0.5487675507020281 0.54443359375 0.0915340613624545 0.0224609375
0 0.8814352574102964 0.3376484375 0.12212168486739469 0.03234765625
0 0.8658346333853354 0.38989453125 0.12098803952158087 0.0328984375
0 0.8664846593863754 0.50244140625 0.11635465418616744 0.0270078125
0 0.06878315132605305 0.46704296875000006 0.07710868434737389 0.022582031250000002
0 0.05720228809152366 0.38891796875 0.07446697867914716 0.025800781249999998
0 0.21596983879355175 0.54248046875 0.0725585023400936 0.02198828125
0 0.2860114404576183 0.40503125000000006 0.08418096723868955 0.0250859375
0 0.37149245969838796 0.54345703125 0.08100884035361415 0.02072265625
0 0.8424336973478939 0.64892578125 0.111071242849714 0.027175781249999996
0 0.8554342173686947 0.48046875 0.11846593863754551 0.02661328125
0 0.1460114404576183 0.54052734375 0.07349453978159128 0.024003906250000002
0 0.20540821632865314 0.40942578125000006 0.07898075923036921 0.02427734375
0 0.5663598543941757 0.50131640625 0.09213208528341132 0.02660546875
0 0.38124284971398853 0.4228515625 0.08393655746229849 0.024140625
0 0.3856838273530941 0.50155078125 0.09139885595423816 0.0219609375
0 0.7424232969318774 0.5645390625 0.10226729069162767 0.021515625
0 0.372142485699428 0.46313671875000006 0.08393655746229849 0.02267578125
0 0.2130473218928757 0.4677734375 0.07515860634425377 0.0224609375
0 0.45794591783671346 0.39599609375 0.09157046281851275 0.02711328125
0 0.8625845033801353 0.45751953125 0.12147165886635465 0.026000000000000002
0 0.5521996879875195 0.3923359375 0.09725949037961519 0.025421875
0 0.0597191887675507 0.41040234375000006 0.07710868434737389 0.02665625
0 0.3718148725949038 0.40210156250000006 0.08864794591783672 0.02483984375
0 0.8528341133645346 0.60791015625 0.10855434217368695 0.02661328125
0 0.3080811232449298 0.57958984375 0.07666146645865834 0.02029296875
0 0.21791991679667186 0.4296875 0.07528341133645346 0.02194140625
0 0.14479459178367135 0.44800000000000006 0.07268330733229329 0.0237265625
0 0.22052002080083202 0.44897656250000006 0.07459178367134685 0.022796875
0 0.5531721268850754 0.46044921875 0.09254810192407696 0.024335937499999998
0 0.07401976079043161 0.55517578125 0.07378055122204888 0.022078125
0 0.2928393135725429 0.56005859375 0.0772334893395736 0.0205234375
0 0.22702028081123246 0.5048828125 0.07378055122204888 0.0199140625
0 0.843733749349974 0.67041015625 0.10416536661466459 0.02758984375
0 0.14300572022880914 0.484375 0.07243889755590224 0.02203515625
0 0.3865158606344254 0.5224609375 0.09098803952158087 0.021238281249999998
0 0.0667498699947998 0.42993359375000006 0.07853354134165368 0.0243828125
0 0.8424336973478939 0.62744140625 0.11026001040041601 0.02493359375
0 0.8651846073842954 0.5244140625 0.10855434217368695 0.024046875000000002
0 0.874284971398856 0.41333203125000006 0.1192823712948518 0.028976562500000004
0 0.14276131045241808 0.46606640625000006 0.071866874674987 0.02203515625
0 0.843083723348934 0.6904296875 0.10433177327093084 0.027847656250000002
0 0.8372334893395735 0.7109375 0.10790431617264691 0.029207031249999998
0 0.5479719188767551 0.48193359375 0.08962038481539261 0.023027343750000002
0 0.05435777431097244 0.37060546875 0.07215288611544461 0.026351562499999998
0 0.14576703068122726 0.556640625 0.07121684867394695 0.02198828125
0 0.07032241289651585 0.48315625000000006 0.07499739989599584 0.0224140625
0 0.5518720748829953 0.62158203125 0.08555902236089444 0.02128515625
0 0.8261830473218928 0.78271484375 0.10449297971918876 0.029921874999999997
0 0.29437337493499743 0.54052734375 0.08278211128445137 0.01901171875
0 0.3038065522620905 0.520625 0.07954238169526781 0.02254296875
0 0.8378835153406137 0.74853515625 0.10303172126885075 0.031859375
0 0.07361414456578264 0.44702343750000006 0.07983359334373376 0.02288671875
0 0.23420176807072282 0.59437109375 0.07887675507020281 0.0194296875
0 0.13284971398855955 0.40942578125000006 0.07625585023400935 0.0225078125
0 0.37929277171086845 0.6181640625 0.08466458658346333 0.02169921875
0 0.39326573062922515 0.6708984375 0.07390015600624025 0.0231484375
0 0.7471242849713988 0.685546875 0.09287051482059283 0.022203125
0 0.7644305772230889 0.43701171875 0.09425377015080603 0.026261718750000003
0 0.3877119084763391 0.68719921875 0.0841185647425897 0.01915625
0 0.7410296411856474 0.74365234375 0.0899479979199168 0.024003906250000002
0 0.9275871034841394 0.60791015625 0.05318252730109204 0.06719921875
0 0.310390015600624 0.65234375 0.07243889755590224 0.02391015625
0 0.8186895475819033 0.8002812499999999 0.09526781071242849 0.024281249999999997
0 0.8365834633385335 0.76611328125 0.10099843993759751 0.02975390625
0 0.5534997399895997 0.7578125 0.08072282891315652 0.02267578125
0 0.6313988559542382 0.82644921875 0.08667186687467499 0.02626953125
0 0.23563702548101925 0.677734375 0.07280291211648465 0.02157421875
0 0.4008996359854394 0.7200624999999999 0.08221528861154447 0.01894140625
0 0.30128965158606347 0.50390625 0.07585023400936038 0.02153125
0 0.5531721268850754 0.771484375 0.08072282891315652 0.02456640625
0 0.38871554862194485 0.6552734375 0.08223088923556943 0.02064453125
0 0.8257774310972439 0.8305468749999999 0.09344253770150807 0.02346484375
0 0.8307332293291732 0.72802734375 0.10335413416536661 0.029648437500000003
0 0.4020436817472699 0.791015625 0.07446697867914716 0.02288671875
0 0.6295527821112845 0.84228515625 0.07739469578783152 0.0249921875
0 0.5577223088923557 0.7880859375 0.08190327613104524 0.024003906250000002
0 0.6425533021320854 0.7958984375 0.09027041081643265 0.025863281249999998
0 0.3952158086323453 0.76220703125 0.07751430057202288 0.02033984375
0 0.8073322932917316 0.8581992187499999 0.08978679147165887 0.01860546875
0 0.9711388455538221 0.2048359375 0.057082683307332294 0.09551953125
0 0.4712688507540302 0.705078125 0.08555902236089444 0.01976171875
0 0.37293291731669265 0.4824296875 0.08221528861154447 0.019246093750000002
0 0.4618616744669787 0.46028515625 0.08812792511700468 0.020140625000000002
0 0.45776911076443055 0.48152343750000004 0.09202288091523661 0.02146484375
0 0.47489339573582945 0.503515625 0.08866354654186168 0.0194609375
0 0.4764378575143006 0.5232851562499999 0.08772230889235569 0.016242187499999998
0 0.5674570982839313 0.52227734375 0.09377015080603224 0.01826171875
0 0.5511336453458138 0.5628320312499999 0.09202288091523661 0.02191796875
0 0.6430889235569424 0.5633359375 0.09591783671346853 0.019902343750000002
0 0.6601508060322413 0.5830898437500001 0.09511180447217889 0.01975
0 0.5634945397815913 0.5821328125 0.09417056682267291 0.018640625
0 0.6588091523660947 0.603015625 0.09457618304732189 0.0192578125
0 0.738944357774311 0.64474609375 0.10088923556942277 0.0195546875
0 0.37508060322412895 0.56010546875 0.08382735309412376 0.01728515625
0 0.805959438377535 0.8435585937500001 0.09238689547581903 0.025519531249999998
0 0.8304576183047322 0.816359375 0.09854394175767031 0.0219140625
0 0.6399427977119084 0.81062109375 0.08392615704628184 0.02323828125
0 0.5587727509100364 0.8034531250000001 0.08024960998439937 0.02562109375
0 0.32833073322932915 0.81471484375 0.07110244409776391 0.0200078125
0 0.25812272490899635 0.80848828125 0.06726469058762351 0.0215078125
0 0.19514820592823712 0.8002617187500001 0.06029641185647426 0.018070312499999998
0 0.13409776391055642 0.7921445312500001 0.061378055122204886 0.01806640625
0 0.0879043161726469 0.51892578125 0.07457098283931357 0.01825
0 0.08525221008840353 0.5024726562499999 0.07579303172126885 0.02048828125
0 0.15947997919916798 0.52132421875 0.07837753510140405 0.0206015625
0 0.33115444617784706 0.787015625 0.07501820072802912 0.02009375
0 0.3969890795631825 0.8074453125 0.07565782631305253 0.02121875
0 0.40771190847633904 0.7772617187499999 0.07604264170566823 0.0183828125
0 0.48041601664066563 0.7973007812499999 0.0796411856474259 0.02027734375
0 0.48375975039001556 0.782515625 0.07810192407696308 0.0165546875
0 0.47287051482059284 0.7664570312500001 0.07996359854394176 0.01876171875
0 0.47412376495059805 0.7519375 0.0793863754550182 0.01595703125
0 0.4844981799271971 0.73779296875 0.08111804472178888 0.018195312499999998
0 0.482792511700468 0.72166015625 0.08131045241809673 0.0191015625
0 0.4707540301612064 0.689078125 0.0829173166926677 0.017199218750000002
0 0.5644929797191888 0.74318359375 0.08563702548101924 0.020328125
0 0.6369474778991159 0.78058984375 0.08563702548101924 0.0226171875
0 0.6380031201248051 0.7640781249999999 0.08855434217368695 0.021625
0 0.6511388455538222 0.7503632812500001 0.08744669786791472 0.0226015625
0 0.6512896515860634 0.7327539062499999 0.09016640665626624 0.02001953125
0 0.6422308892355694 0.714390625 0.08815392615704629 0.02197265625
0 0.6397659906396256 0.6963671875 0.0880551222048882 0.02098046875
0 0.5522672906916276 0.6928515625 0.08694747789911596 0.018183593749999998
0 0.566105044201768 0.676078125 0.08644305772230888 0.02149609375
0 0.6539053562142486 0.6804218750000001 0.08895995839833593 0.02414453125
0 0.6551118044721789 0.66115234375 0.09056682267290692 0.0218671875
0 0.5659022360894436 0.65763671875 0.0908684347373895 0.01906640625
0 0.4776495059802392 0.65612890625 0.08825273010920437 0.01906640625
0 0.391055642225689 0.7019609375 0.08332293291731668 0.0188671875
0 0.38099323972958915 0.63605078125 0.08332293291731668 0.0206640625
0 0.3977951118044722 0.7484726562499999 0.07688507540301612 0.01957421875
0 0.40489339573582944 0.73525 0.07980239209568384 0.017296875
0 0.1926105044201768 0.7869453125 0.06259490379615185 0.01973046875
0 0.13127405096203848 0.780109375 0.061487259490379614 0.01753515625
0 0.1944201768070723 0.773796875 0.06702028081123244 0.0188125
0 0.12991679667186687 0.76835546875 0.06521060842433697 0.0176015625
0 0.12156526261050443 0.75490625 0.06782631305252211 0.017292968750000002
0 0.11965158606344253 0.74141796875 0.06963598543941757 0.01932421875
0 0.11391575663026521 0.72637890625 0.06702028081123244 0.02067578125
0 0.18727509100364015 0.7602734375 0.07124804992199688 0.0201640625
0 0.18752470098803953 0.7456875000000001 0.07175247009880395 0.017585937500000003
0 0.2573166926677067 0.76537109375 0.07205408216328653 0.01828125
0 0.25615704628185126 0.75328125 0.06732189287571504 0.0182734375
0 0.32574622984919394 0.7561914062499999 0.07205408216328653 0.016234375000000002
0 0.324284971398856 0.7438710937499999 0.07396255850234008 0.01819140625
0 0.2523816952678107 0.73948828125 0.07185127405096203 0.01788671875
0 0.21931877275091002 0.55948046875 0.07768590743629744 0.01869140625
0 0.23356734269370774 0.57662109375 0.07595423816952679 0.0198828125
0 0.0884607384295372 0.5727265625 0.0686947477899116 0.01828125
0 0.09658346333853354 0.58900390625 0.07006240249609984 0.020273437499999998
0 0.08919396775871036 0.604140625 0.07016120644825792 0.019402343750000002
0 0.09031721268850755 0.6201953125 0.07084763390535621 0.0203671875
0 0.1006916276651066 0.63759765625 0.06967238689547581 0.018640625
0 0.10421216848673948 0.65505078125 0.07045241809672387 0.01828515625
0 0.09912636505460219 0.6685703125 0.06888715548621945 0.017707031249999998
0 0.10636505460218408 0.68400390625 0.07006240249609984 0.01918359375
0 0.11796151846073843 0.69884765625 0.07133645345813833 0.0188984375
0 0.120260010400416 0.7140195312500001 0.06575663026521061 0.018687500000000003
0 0.18709828393135727 0.71986328125 0.07104004160166408 0.02096875
0 0.257061882475299 0.72500390625 0.07397815912636505 0.0165625
0 0.33006240249609986 0.72923046875 0.07280291211648465 0.01619921875
0 0.32761310452418096 0.7147187500000001 0.07574102964118565 0.01655859375
0 0.2547113884555382 0.710125 0.0747581903276131 0.019125
0 0.18425897035881433 0.7042460937499999 0.066931877275091 0.019125
0 0.1728601144045762 0.6887421875 0.06918356734269371 0.0163203125
0 0.2424804992199688 0.694328125 0.07378055122204888 0.0198515625
0 0.3158242329693188 0.69891796875 0.0787727509100364 0.01728125
0 0.3110764430577223 0.68297265625 0.07554342173686948 0.018300781250000002
0 0.16605824232969318 0.6743750000000001 0.0720228809152366 0.01932421875
0 0.17505980239209568 0.6589453125 0.07749869994799792 0.02078515625
0 0.16938637545501822 0.6408945312500001 0.07319292771710868 0.019402343750000002
0 0.15955278211128446 0.623734375 0.07231409256370255 0.019171874999999998
0 0.15598023920956838 0.60701953125 0.07065002600104005 0.018058593749999997
0 0.16434737389495582 0.591 0.07251170046801872 0.02069140625
0 0.2262402496099844 0.61128125 0.07495579823192927 0.02129296875
0 0.3006084243369735 0.61466015625 0.07887155486219448 0.0204140625
0 0.2296151846073843 0.62755859375 0.07700988039521581 0.020347656250000002
0 0.30373894955798236 0.6319296875 0.0765210608424337 0.0196875
0 0.2414040561622465 0.6456328124999999 0.07397815912636505 0.02241796875
0 0.24840353614144567 0.662828125 0.07466458658346334 0.023308593750000002