0 0.6660911057788894 0.5184847300350988 0.10431762822444655 0.08286789757019791
0 0.45865411453901195 0.5184250044377869 0.11091174470302416 0.08091739168807385
0 0.5641227641185133 0.5173886598934176 0.11148120532035963 0.07774606978683526
0 0.2405598958333334 0.5224507432637824 0.11653645833333345 0.08463537324631501
0 0.35050107788629975 0.520985937145154 0.11408809327259978 0.08408613210280803
0 0.6708087378381464 0.6738281249999999 0.10398726734295966 0.07653808593750001
0 0.7705030728723455 0.5164120973934176 0.10684273428635743 0.0771967533805854
0 0.7272041628318563 0.3618164062499999 0.14434973191371275 0.06994628906250001
0 0.718410260283703 0.29150390624999994 0.15296635390073926 0.07305908203124999
0 0.6930998556902473 0.5952746257943693 0.11023942492216153 0.07586419299498852
0 0.877033345406544 0.5175680060265254 0.11327893039642203 0.07895925424055097
0 0.6926988540780241 0.43835194833236707 0.10992570294771518 0.08184305682098418
0 0.23486328125 0.348876953125 0.120361328125 0.093017578125
0 0.23079427083333334 0.25341796875 0.12467447916666667 0.09368896484375
0 0.3740234375 0.6025390625 0.11083984375 0.078369140625
0 0.796875 0.43603515625 0.10506184895833333 0.07891845703125
0 0.4811197916666667 0.5966796875 0.101318359375 0.0755615234375
0 0.5859375 0.59912109375 0.10392252604166667 0.078369140625
0 0.5891927083333334 0.4345703125 0.10677083333333333 0.0809326171875
0 0.2605794270833333 0.6044921875 0.11385091145833333 0.08062744140625
0 0.3701171875 0.436767578125 0.11165364583333333 0.08209228515625
0 0.3733723958333333 0.2393798828125 0.162841796875 0.07904052734375
0 0.4788411458333333 0.4365234375 0.10221354166666667 0.0802001953125
0 0.3447265625 0.332763671875 0.099853515625 0.1143798828125
0 0.146240234375 0.6044921875 0.12101236979166667 0.08062744140625
0 0.4641927083333333 0.6787109375 0.10652669270833333 0.07781982421875
0 0.79296875 0.59326171875 0.102783203125 0.077392578125
0 0.2565104166666667 0.435546875 0.11409505208333333 0.08251953125
0 0.11083984375 0.25732421875 0.12532552083333334 0.095703125
0 0.11824544270833333 0.350341796875 0.12312825520833333 0.09332275390625
0 0.4404296875 0.33447265625 0.09952799479166667 0.11395263671875
0 0.3567708333333333 0.68212890625 0.10888671875 0.0775146484375
0 0.7708333333333334 0.67236328125 0.09635416666666667 0.07861328125
0 0.5748697916666666 0.7529296875 0.102783203125 0.07806396484375
0 0.13956705729166666 0.43603515625 0.124267578125 0.08709716796875
0 0.24593098958333334 0.685546875 0.11490885416666667 0.077392578125
0 0.677734375 0.74853515625 0.0966796875 0.07781982421875
0 0.5651041666666666 0.67724609375 0.10042317708333333 0.07763671875
0 0.12443033854166667 0.52001953125 0.1201171875 0.07891845703125
0 0.5729166666666666 0.289794921875 0.16560872395833334 0.073974609375
0 0.13590494791666666 0.68505859375 0.120361328125 0.08282470703125
0 0.8723958333333334 0.67138671875 0.105224609375 0.07891845703125
0 0.57421875 0.361328125 0.146240234375 0.07330322265625
0 0.12076822916666667 0.15966796875 0.13785807291666666 0.094482421875
0 0.8971354166666666 0.5966796875 0.10929361979166667 0.079345703125
0 0.3684895833333333 0.75830078125 0.10636393229166667 0.0762939453125
0 0.6178385416666666 0.19091796875 0.097900390625 0.1214599609375
0 0.9016927083333334 0.43701171875 0.11181640625 0.07977294921875
0 0.880859375 0.7421875 0.10319010416666667 0.082275390625
0 0.2605794270833333 0.76171875 0.11043294270833333 0.077392578125
0 0.5185546875 0.1895751953125 0.09969075520833333 0.122314453125
0 0.8717447916666666 0.29443359375 0.156494140625 0.07275390625
0 0.8723958333333334 0.36279296875 0.14908854166666666 0.0701904296875
0 0.7786458333333334 0.74560546875 0.09895833333333333 0.0775146484375
0 0.2752278645833333 0.1624755859375 0.18343098958333334 0.093017578125
0 0.15169270833333334 0.7626953125 0.1142578125 0.07965087890625
0 0.8092447916666666 0.196044921875 0.102783203125 0.122314453125
0 0.90234375 0.1990966796875 0.10432942708333333 0.12103271484375
0 0.4684244791666667 0.75439453125 0.10001627604166667 0.07611083984375
0 0.7096354166666666 0.1937255859375 0.09326171875 0.120849609375