0 0.23046875 0.5859375 0.115625 0.0671875
0 0.3421875 0.578125 0.11875 0.06484375
0 0.4515625 0.56875 0.10625 0.06953125
0 0.5546875 0.56328125 0.1046875 0.06796875
0 0.6515625 0.55703125 0.10234375 0.0671875
0 0.22578125 0.52734375 0.1140625 0.065625
0 0.3375 0.521875 0.11953125 0.06484375
0 0.44609375 0.503125 0.109375 0.06640625
0 0.5484375 0.5 0.10234375 0.06875
0 0.6453125 0.4953125 0.09921875 0.06640625
0 0.2203125 0.46796875 0.11484375 0.06328125
0 0.33359375 0.46015625 0.115625 0.0703125
0 0.4421875 0.4390625 0.1109375 0.06484375
0 0.546875 0.4375 0.10390625 0.0671875
0 0.64453125 0.434375 0.0984375 0.065625
0 0.21171875 0.403125 0.1109375 0.06796875
0 0.32421875 0.39375 0.11640625 0.06953125
0 0.2078125 0.334375 0.1078125 0.07109375
0 0.51171875 0.33359375 0.1 0.05234375
0 0.4109375 0.3328125 0.10546875 0.05390625
0 0.6234375 0.2921875 0.1 0.05234375
0 0.62109375 0.23984375 0.10234375 0.0515625
0 0.42578125 0.38359375 0.09375 0.04765625
0 0.51640625 0.3828125 0.08828125 0.04765625
0 0.62109375 0.3828125 0.12265625 0.04375
0 0.621875 0.3390625 0.121875 0.04375
0 0.31328125 0.334375 0.0984375 0.05078125
0 0.203125 0.275 0.10625 0.0515625
0 0.30546875 0.2859375 0.09921875 0.0484375
0 0.39140625 0.28828125 0.07421875 0.03984375
0 0.46484375 0.28984375 0.071875 0.0375
0 0.53671875 0.290625 0.06953125 0.0359375
0 0.52421875 0.24765625 0.103125 0.04765625
0 0.41875 0.24453125 0.10703125 0.05
0 0.30859375 0.23671875 0.1140625 0.053125
0 0.19765625 0.22578125 0.10625 0.05078125
0 0.196875 0.16953125 0.0953125 0.06953125
0 0.29375 0.17578125 0.0921875 0.07421875
0 0.37421875 0.18203125 0.0703125 0.075
0 0.62578125 0.184375 0.0703125 0.059375
0 0.4703125 0.203125 0.11953125 0.0421875
0 0.5609375 0.1875 0.071875 0.07265625