0 0.12265625 0.89375 0.19453125 0.11640625
0 0.12109375 0.79375 0.18125 0.0890625
0 0.2765625 0.90390625 0.1078125 0.0984375
0 0.27421875 0.803125 0.1078125 0.103125
0 0.075 0.6984375 0.1078125 0.1015625
0 0.1828125 0.6984375 0.10703125 0.1015625
0 0.3875 0.90546875 0.11015625 0.1015625
0 0.384375 0.803125 0.1078125 0.10234375
0 0.0765625 0.59609375 0.1078125 0.1015625
0 0.184375 0.59765625 0.11015625 0.10078125
0 0.4984375 0.90625 0.109375 0.1015625
0 0.4953125 0.80390625 0.11015625 0.10234375
0 0.60859375 0.90703125 0.109375 0.1015625
0 0.60625 0.8046875 0.11015625 0.1015625
0 0.29140625 0.69921875 0.11015625 0.10234375
0 0.40078125 0.7 0.10859375 0.10390625
0 0.5109375 0.7 0.11015625 0.10234375
0 0.29375 0.59765625 0.1078125 0.10234375
0 0.40078125 0.59765625 0.10703125 0.10078125
0 0.5109375 0.5984375 0.109375 0.10234375
0 0.075 0.49453125 0.10625 0.0984375
0 0.1828125 0.496875 0.1078125 0.1
0 0.29296875 0.496875 0.10859375 0.09921875
0 0.4 0.49609375 0.10625 0.1
0 0.5078125 0.496875 0.11015625 0.1015625
0 0.0765625 0.39609375 0.1046875 0.09921875
0 0.18515625 0.3953125 0.1078125 0.09921875
0 0.29296875 0.396875 0.10625 0.1
0 0.4015625 0.39609375 0.10625 0.09921875
0 0.5109375 0.39453125 0.109375 0.10078125
0 0.08125 0.29765625 0.10546875 0.09765625
0 0.1875 0.296875 0.10546875 0.0984375
0 0.7171875 0.8046875 0.1125 0.10234375
0 0.7203125 0.90703125 0.1109375 0.10078125
0 0.82890625 0.80390625 0.11015625 0.10234375
0 0.83203125 0.90625 0.109375 0.10234375
0 0.9421875 0.90703125 0.1109375 0.1046875
0 0.94140625 0.803125 0.1109375 0.103125
0 0.67578125 0.69453125 0.2171875 0.11875
0 0.66875 0.57734375 0.2 0.11796875
0 0.89140625 0.69375 0.2140625 0.11796875
0 0.88203125 0.57578125 0.21796875 0.11796875
0 0.66796875 0.459375 0.20078125 0.1171875
0 0.8859375 0.45703125 0.21875 0.11796875
0 0.6734375 0.35703125 0.20625 0.09375
0 0.88828125 0.3546875 0.209375 0.09375
0 0.89609375 0.265625 0.19375 0.09296875
0 0.8796875 0.1828125 0.1890625 0.0859375
0 0.69375 0.1859375 0.1828125 0.084375
0 0.7 0.26796875 0.190625 0.09453125
0 0.125 0.19921875 0.18984375 0.096875
0 0.30859375 0.18046875 0.1765625 0.065625
0 0.2984375 0.278125 0.11484375 0.1359375
0 0.45703125 0.2765625 0.1984375 0.1390625
0 0.5015625 0.1765625 0.17109375 0.06328125