0 0.79140625 0.575 0.1 0.0921875
0 0.58984375 0.5796875 0.09921875 0.09296875
0 0.684375 0.48671875 0.1015625 0.0921875
0 0.48359375 0.48984375 0.1015625 0.09453125
0 0.28125 0.49375 0.10859375 0.09609375
0 0.196875 0.7671875 0.103125 0.09296875
0 0.29765625 0.76640625 0.10234375 0.09140625
0 0.3953125 0.7640625 0.10078125 0.0921875
0 0.49296875 0.7625 0.09765625 0.08984375
0 0.590625 0.76015625 0.096875 0.09140625
0 0.68671875 0.75625 0.09609375 0.08984375
0 0.78046875 0.753125 0.09609375 0.0875
0 0.875 0.7515625 0.09609375 0.0859375
0 0.20390625 0.678125 0.10859375 0.0921875
0 0.303125 0.6765625 0.1046875 0.0921875
0 0.40078125 0.67578125 0.1015625 0.09375
0 0.50078125 0.671875 0.09921875 0.09375
0 0.5953125 0.6703125 0.09765625 0.08984375
0 0.69765625 0.6671875 0.1 0.08984375
0 0.79921875 0.6640625 0.10078125 0.09453125
0 0.8984375 0.66328125 0.09921875 0.09375
0 0.19453125 0.5890625 0.109375 0.09921875
0 0.29453125 0.58671875 0.1078125 0.096875
0 0.39375 0.584375 0.1046875 0.09609375
0 0.490625 0.58203125 0.1015625 0.09453125
0 0.69140625 0.578125 0.10078125 0.0921875
0 0.89296875 0.571875 0.1 0.090625
0 0.17734375 0.49765625 0.1125 0.0984375
0 0.3828125 0.4921875 0.103125 0.0953125
0 0.58203125 0.48828125 0.10078125 0.0921875
0 0.79140625 0.48515625 0.10390625 0.09140625
0 0.8953125 0.4828125 0.09765625 0.090625
0 0.16875 0.40234375 0.1078125 0.0984375
0 0.271875 0.4078125 0.103125 0.08203125
0 0.8890625 0.39765625 0.0953125 0.07890625
0 0.790625 0.3984375 0.10234375 0.08203125
0 0.68828125 0.40078125 0.096875 0.08125
0 0.590625 0.40234375 0.09765625 0.08046875
0 0.49296875 0.40390625 0.09765625 0.08125
0 0.3890625 0.40546875 0.1046875 0.08359375
0 0.1609375 0.31328125 0.10703125 0.0828125
0 0.2796875 0.32578125 0.10390625 0.084375
0 0.390625 0.3234375 0.1046875 0.08515625
0 0.50078125 0.321875 0.1 0.084375
0 0.6 0.321875 0.09921875 0.08515625
0 0.6984375 0.32109375 0.09609375 0.08203125
0 0.796875 0.31875 0.1 0.0828125
0 0.89375 0.3171875 0.090625 0.08125
0 0.271875 0.24296875 0.10625 0.0859375
0 0.603125 0.23828125 0.1015625 0.08515625
0 0.70390625 0.2375 0.1 0.084375
0 0.803125 0.23515625 0.0984375 0.08359375
0 0.896875 0.23359375 0.08828125 0.08125
0 0.3890625 0.1640625 0.10546875 0.08671875
0 0.16171875 0.234375 0.1171875 0.075
0 0.49375 0.24375 0.1125 0.07578125
0 0.38125 0.2453125 0.1140625 0.078125
0 0.159375 0.1578125 0.11640625 0.0796875
0 0.2765625 0.1625 0.11796875 0.0765625
0 0.49921875 0.1671875 0.115625 0.078125
0 0.6234375 0.15859375 0.13359375 0.075
0 0.753125 0.15390625 0.12734375 0.07734375
0 0.8796875 0.15390625 0.11796875 0.078125