0 0.07109375 0.86171875 0.1 0.10859375
0 0.1734375 0.86640625 0.10390625 0.11640625
0 0.28125 0.871875 0.10625 0.11640625
0 0.38828125 0.8734375 0.10546875 0.1171875
0 0.49609375 0.87734375 0.109375 0.1171875
0 0.6140625 0.88046875 0.1140625 0.11796875
0 0.72578125 0.88359375 0.11328125 0.11796875
0 0.8359375 0.88671875 0.11640625 0.11796875
0 0.94453125 0.8890625 0.11015625 0.12109375
0 0.06171875 0.75078125 0.10703125 0.1125
0 0.16875 0.75390625 0.10625 0.11328125
0 0.2765625 0.75859375 0.10625 0.11484375
0 0.3859375 0.7609375 0.109375 0.11328125
0 0.49921875 0.7640625 0.1125 0.1125
0 0.61484375 0.765625 0.11171875 0.11484375
0 0.72734375 0.7671875 0.1125 0.11484375
0 0.83984375 0.76875 0.1140625 0.11796875
0 0.9484375 0.76875 0.103125 0.1203125
0 0.08359375 0.65234375 0.15078125 0.08984375
0 0.22109375 0.63984375 0.125 0.121875
0 0.34140625 0.64375 0.121875 0.12265625
0 0.46171875 0.6453125 0.12265625 0.12265625
0 0.58359375 0.646875 0.12265625 0.11953125
0 0.7078125 0.6484375 0.12421875 0.12265625
0 0.83125 0.65078125 0.125 0.12265625
0 0.94765625 0.63515625 0.10390625 0.1421875
0 0.08359375 0.565625 0.15390625 0.0921875
0 0.2203125 0.51875 0.1171875 0.11875
0 0.34140625 0.52265625 0.11953125 0.12109375
0 0.46015625 0.52421875 0.12265625 0.12109375
0 0.5875 0.52578125 0.12578125 0.121875
0 0.7109375 0.525 0.125 0.12265625
0 0.83671875 0.5265625 0.12890625 0.12578125
0 0.94921875 0.51171875 0.1015625 0.0984375
0 0.08125 0.4765625 0.1625 0.09375
0 0.084375 0.3859375 0.15234375 0.09296875
0 0.246875 0.415625 0.165625 0.09453125
0 0.25078125 0.325 0.1625 0.09375
0 0.0640625 0.2796875 0.10859375 0.11953125
0 0.06953125 0.1578125 0.1125 0.12421875
0 0.45234375 0.37265625 0.22578125 0.18359375
0 0.2328125 0.1890625 0.221875 0.1828125
0 0.45703125 0.1875 0.22578125 0.18515625
0 0.68046875 0.371875 0.23125 0.18359375
0 0.684375 0.18828125 0.228125 0.18359375
0 0.8953125 0.37109375 0.209375 0.1828125
0 0.89765625 0.18828125 0.20390625 0.1828125