0 0.14765625 0.821875 0.10703125 0.1234375
0 0.25390625 0.821875 0.10859375 0.1203125
0 0.35703125 0.82421875 0.11015625 0.121875
0 0.46484375 0.825 0.1109375 0.12109375
0 0.575 0.82421875 0.11015625 0.12109375
0 0.68515625 0.825 0.1140625 0.121875
0 0.79609375 0.821875 0.11484375 0.1265625
0 0.90625 0.8234375 0.1125 0.1234375
0 0.11640625 0.70390625 0.1140625 0.12109375
0 0.24609375 0.70078125 0.1109375 0.12109375
0 0.3515625 0.7015625 0.11484375 0.121875
0 0.459375 0.7015625 0.11328125 0.12421875
0 0.56796875 0.7015625 0.11875 0.1265625
0 0.68046875 0.70078125 0.115625 0.1265625
0 0.79140625 0.69765625 0.1140625 0.125
0 0.903125 0.69765625 0.11484375 0.1265625
0 0.1 0.5828125 0.1078125 0.12109375
0 0.20703125 0.58203125 0.11171875 0.1234375
0 0.3484375 0.578125 0.1125 0.1234375
0 0.45625 0.5765625 0.11015625 0.1234375
0 0.56875 0.57578125 0.11484375 0.1265625
0 0.67890625 0.575 0.1140625 0.12578125
0 0.79140625 0.57265625 0.11484375 0.125
0 0.90234375 0.57109375 0.11015625 0.12578125
0 0.1453125 0.4828125 0.23125 0.0796875
0 0.37421875 0.47890625 0.2328125 0.08359375
0 0.14296875 0.40625 0.22734375 0.0828125
0 0.14140625 0.3265625 0.23203125 0.0828125
0 0.36953125 0.4 0.23515625 0.08203125
0 0.36640625 0.31953125 0.23046875 0.08828125
0 0.1359375 0.246875 0.234375 0.08671875
0 0.36875 0.240625 0.23359375 0.08671875
0 0.134375 0.1671875 0.23046875 0.0859375
0 0.60625 0.47421875 0.23359375 0.08203125
0 0.83984375 0.46953125 0.23515625 0.08359375
0 0.603125 0.39375 0.23828125 0.08359375
0 0.83671875 0.38984375 0.23359375 0.084375
0 0.5984375 0.3140625 0.234375 0.084375
0 0.83359375 0.309375 0.23984375 0.0859375
0 0.60078125 0.234375 0.23203125 0.0828125
0 0.834375 0.22890625 0.23828125 0.08671875
0 0.83359375 0.14765625 0.24140625 0.08984375
0 0.6 0.15390625 0.228125 0.0890625
0 0.36484375 0.16171875 0.23125 0.084375