0 0.69921875 0.89375 0.0828125 0.0796875
0 0.6171875 0.83359375 0.0484375 0.178125
0 0.5171875 0.8265625 0.075 0.1671875
0 0.35859375 0.14140625 0.0578125 0.0625
0 0.41640625 0.20390625 0.0578125 0.06640625
0 0.415625 0.140625 0.0546875 0.0640625
0 0.4625 0.2265625 0.034375 0.10078125
0 0.471875 0.14296875 0.05390625 0.0609375
0 0.54453125 0.13359375 0.0375 0.1
0 0.65078125 0.10703125 0.059375 0.0578125
0 0.66875 0.28125 0.059375 0.0765625
0 0.66640625 0.21171875 0.0578125 0.06171875
0 0.65078125 0.16875 0.05546875 0.053125
0 0.709375 0.36484375 0.03984375 0.12109375
0 0.709375 0.48671875 0.040625 0.12421875
0 0.709375 0.60859375 0.03984375 0.11953125
0 0.7203125 0.728125 0.03203125 0.1015625
0 0.65234375 0.4203125 0.06875 0.07578125
0 0.6609375 0.35234375 0.05078125 0.059375
0 0.66640625 0.51875 0.0421875 0.12421875
0 0.6234375 0.52109375 0.04375 0.121875
0 0.665625 0.63984375 0.0421875 0.1171875
0 0.62265625 0.63984375 0.04140625 0.11953125
0 0.68828125 0.75390625 0.0296875 0.09921875
0 0.5734375 0.73203125 0.05625 0.05390625
0 0.33203125 0.859375 0.059375 0.05703125
0 0.3328125 0.8046875 0.0609375 0.05546875
0 0.3296875 0.74921875 0.059375 0.053125
0 0.39140625 0.85625 0.05859375 0.05859375
0 0.3921875 0.80390625 0.06015625 0.0515625
0 0.390625 0.7484375 0.0578125 0.0546875
0 0.4515625 0.78984375 0.05625 0.05
0 0.44921875 0.734375 0.0578125 0.0578125
0 0.45078125 0.85 0.0609375 0.0703125
0 0.3546875 0.653125 0.06328125 0.065625
0 0.5421875 0.64375 0.0640625 0.071875
0 0.4171875 0.64921875 0.06171875 0.0734375
0 0.4796875 0.64296875 0.06171875 0.07265625
0 0.353125 0.5875 0.059375 0.06328125
0 0.41640625 0.57890625 0.059375 0.06484375
0 0.47890625 0.5765625 0.06015625 0.06484375
0 0.540625 0.57421875 0.06171875 0.06640625
0 0.54921875 0.484375 0.0390625 0.1109375
0 0.35234375 0.5203125 0.0625 0.0640625
0 0.415625 0.51640625 0.0609375 0.06875
0 0.3515625 0.45625 0.06328125 0.0703125
0 0.4140625 0.45078125 0.0609375 0.06796875
0 0.35625 0.36953125 0.0390625 0.10859375
0 0.35234375 0.26875 0.040625 0.0609375
0 0.359375 0.20703125 0.05703125 0.06328125
0 0.39375 0.2953125 0.03359375 0.1109375
0 0.4328125 0.29296875 0.03828125 0.109375
0 0.59375 0.30546875 0.053125 0.06796875
0 0.59296875 0.24375 0.059375 0.06796875
0 0.59375 0.1828125 0.05703125 0.07109375
0 0.5328125 0.2796875 0.05703125 0.0609375
0 0.53203125 0.21640625 0.05859375 0.0640625
0 0.5375 0.39609375 0.07734375 0.06484375
0 0.465625 0.32578125 0.03359375 0.103125
0 0.465625 0.42578125 0.03203125 0.0984375
0 0.478125 0.50546875 0.05390625 0.06171875
0 0.41328125 0.3859375 0.06953125 0.0640625
0 0.59140625 0.12109375 0.053125 0.0609375