0 0.33046875 0.859375 0.06484375 0.05625
0 0.39296875 0.85859375 0.06015625 0.0578125
0 0.33203125 0.80625 0.06015625 0.053125
0 0.51796875 0.82890625 0.07265625 0.1609375
0 0.6171875 0.84140625 0.040625 0.171875
0 0.69921875 0.89765625 0.07890625 0.08671875
0 0.33125 0.7515625 0.059375 0.05703125
0 0.39375 0.74921875 0.059375 0.0546875
0 0.45078125 0.78828125 0.059375 0.046875
0 0.45078125 0.7328125 0.05703125 0.0578125
0 0.35546875 0.65546875 0.0609375 0.06171875
0 0.3546875 0.5859375 0.065625 0.0625
0 0.3546875 0.5203125 0.0625 0.0640625
0 0.35078125 0.4546875 0.0640625 0.06875
0 0.359375 0.2140625 0.05625 0.06171875
0 0.35859375 0.1453125 0.0546875 0.06796875
0 0.46484375 0.2265625 0.03125 0.1078125
0 0.47265625 0.14375 0.05703125 0.06015625
0 0.35703125 0.36796875 0.040625 0.109375
0 0.71015625 0.3671875 0.0421875 0.12265625
0 0.66796875 0.51953125 0.04375 0.125
0 0.71015625 0.4890625 0.04296875 0.11875
0 0.7109375 0.6109375 0.0421875 0.12265625
0 0.68984375 0.75390625 0.0328125 0.10390625
0 0.7203125 0.728125 0.03515625 0.10390625
0 0.6515625 0.421875 0.071875 0.07578125
0 0.62265625 0.521875 0.04375 0.11953125
0 0.62421875 0.6375 0.04140625 0.11484375
0 0.66640625 0.640625 0.0421875 0.115625
0 0.54296875 0.63828125 0.0609375 0.06875
0 0.48125 0.63828125 0.06015625 0.0640625
0 0.4171875 0.65 0.0625 0.06640625
0 0.4171875 0.58125 0.0625 0.071875
0 0.4140625 0.515625 0.06015625 0.07109375
0 0.41328125 0.44921875 0.06171875 0.071875
0 0.39375 0.2953125 0.0375 0.11015625
0 0.43203125 0.2953125 0.04140625 0.1125
0 0.41171875 0.38203125 0.0640625 0.0671875
0 0.54375 0.1328125 0.03984375 0.109375
0 0.6515625 0.10703125 0.06015625 0.071875
0 0.5921875 0.24453125 0.0625 0.059375
0 0.59375 0.1828125 0.06171875 0.06796875
0 0.5921875 0.11484375 0.06015625 0.0765625
0 0.6625 0.34921875 0.053125 0.065625
0 0.66796875 0.284375 0.06640625 0.0671875
0 0.66640625 0.2140625 0.065625 0.0796875
0 0.59375 0.3078125 0.05703125 0.05703125
0 0.5328125 0.2796875 0.0609375 0.06015625
0 0.53203125 0.21796875 0.0578125 0.06015625
0 0.5375 0.4 0.07890625 0.065625
0 0.55078125 0.48359375 0.0390625 0.10703125
0 0.4796875 0.578125 0.06015625 0.0625
0 0.41796875 0.20703125 0.05859375 0.06953125
0 0.46640625 0.42265625 0.03359375 0.1
0 0.41484375 0.13828125 0.0578125 0.06484375
0 0.47734375 0.50546875 0.05625 0.06796875
0 0.45234375 0.85078125 0.05859375 0.07421875
0 0.465625 0.32421875 0.034375 0.1