0 0.47109375 0.42421875 0.25 0.11796875
0 0.28984375 0.3125 0.07734375 0.0828125
0 0.2890625 0.23046875 0.08125 0.08046875
0 0.28828125 0.15 0.0765625 0.0859375
0 0.2859375 0.06484375 0.07890625 0.08125
0 0.3671875 0.30546875 0.071875 0.0953125
0 0.36484375 0.22109375 0.07578125 0.08046875
0 0.36328125 0.13828125 0.0734375 0.0828125
0 0.25390625 0.515625 0.04921875 0.19296875
0 0.3078125 0.5125 0.053125 0.19375
0 0.26015625 0.70546875 0.05546875 0.18671875
0 0.3109375 0.70546875 0.04921875 0.1921875
0 0.2609375 0.89765625 0.05546875 0.19765625
0 0.315625 0.896875 0.05078125 0.1921875
0 0.475 0.54453125 0.25625 0.115625
0 0.47265625 0.66328125 0.25390625 0.11953125
0 0.475 0.7765625 0.2578125 0.13671875
0 0.4875 0.91640625 0.26953125 0.13828125
0 0.6296875 0.8 0.04296875 0.0859375
0 0.62421875 0.72265625 0.04296875 0.0734375
0 0.6234375 0.6421875 0.04375 0.0796875
0 0.62421875 0.5609375 0.03984375 0.075
0 0.6609375 0.88515625 0.0578125 0.0765625
0 0.70625 0.86171875 0.0359375 0.11953125
0 0.46171875 0.2046875 0.05703125 0.06484375
0 0.559375 0.2546875 0.0625 0.06328125
0 0.559375 0.190625 0.0640625 0.06796875
0 0.5625 0.121875 0.0578125 0.07109375
0 0.62578125 0.434375 0.053125 0.06171875
0 0.62265625 0.36953125 0.059375 0.065625
0 0.62109375 0.30546875 0.05703125 0.06796875
0 0.6234375 0.240625 0.0625 0.06015625
0 0.62421875 0.17890625 0.0578125 0.0609375
0 0.625 0.1109375 0.0625 0.06953125
0 0.671875 0.609375 0.0484375 0.1296875
0 0.68203125 0.73828125 0.04765625 0.134375