0 0.25390625 0.51015625 0.0546875 0.18984375
0 0.3109375 0.51328125 0.0515625 0.1921875
0 0.25859375 0.70546875 0.05390625 0.19296875
0 0.3125 0.703125 0.053125 0.1875
0 0.26171875 0.9015625 0.0515625 0.196875
0 0.31328125 0.89921875 0.05234375 0.19375
0 0.48359375 0.90078125 0.2546875 0.1296875
0 0.47578125 0.78125 0.25703125 0.12421875
0 0.2859375 0.0625 0.0828125 0.090625
0 0.29375 0.3828125 0.0765625 0.05390625
0 0.2921875 0.31953125 0.075 0.08046875
0 0.28984375 0.23671875 0.0765625 0.08359375
0 0.28828125 0.1515625 0.07421875 0.0859375
0 0.3765625 0.6890625 0.06484375 0.05546875
0 0.37890625 0.62109375 0.06640625 0.07734375
0 0.37734375 0.53671875 0.06640625 0.0796875
0 0.37421875 0.46015625 0.06640625 0.07734375
0 0.3703125 0.38203125 0.0734375 0.08125
0 0.36875 0.30078125 0.07421875 0.0765625
0 0.36796875 0.22265625 0.0765625 0.08046875
0 0.3640625 0.14140625 0.0765625 0.0890625
0 0.5640625 0.38203125 0.05546875 0.06953125
0 0.56015625 0.321875 0.059375 0.07109375
0 0.55859375 0.2546875 0.05703125 0.07265625
0 0.559375 0.1890625 0.05625 0.06328125
0 0.56171875 0.1234375 0.06015625 0.0734375
0 0.596875 0.465625 0.03515625 0.11328125
0 0.6234375 0.371875 0.06015625 0.065625
0 0.62265625 0.30703125 0.06171875 0.07109375
0 0.62265625 0.24296875 0.0640625 0.06640625
0 0.62421875 0.17890625 0.0625 0.0609375
0 0.6234375 0.11796875 0.05859375 0.065625
0 0.475 0.33671875 0.05390625 0.06796875
0 0.4734375 0.2703125 0.05546875 0.07109375
0 0.46015625 0.2046875 0.05703125 0.06953125
0 0.46015625 0.59765625 0.09921875 0.0953125
0 0.45859375 0.52109375 0.096875 0.07265625
0 0.4578125 0.44296875 0.0921875 0.096875
0 0.4875 0.6671875 0.096875 0.0953125
0 0.5671875 0.64453125 0.0375 0.11328125
0 0.70703125 0.8640625 0.03515625 0.1125
0 0.659375 0.88671875 0.05625 0.06953125
0 0.6375 0.465625 0.040625 0.11875
0 0.70625 0.50078125 0.03515625 0.13046875
0 0.6703125 0.61875 0.04140625 0.11796875
0 0.684375 0.74453125 0.04140625 0.134375
0 0.61796875 0.71875 0.06328125 0.07734375
0 0.61640625 0.6421875 0.0640625 0.0796875
0 0.6125 0.56171875 0.07421875 0.07421875
0 0.6296875 0.80234375 0.0421875 0.08125