0 0.6984375 0.89921875 0.078125 0.0828125
0 0.61796875 0.840625 0.04765625 0.18359375
0 0.51875 0.82890625 0.07578125 0.17109375
0 0.33046875 0.80546875 0.0625 0.0515625
0 0.33203125 0.74921875 0.06015625 0.05703125
0 0.33046875 0.86015625 0.0625 0.0578125
0 0.39375 0.859375 0.059375 0.053125
0 0.39140625 0.8046875 0.0578125 0.06015625
0 0.6875 0.7546875 0.0328125 0.096875
0 0.721875 0.7296875 0.03125 0.10625
0 0.4515625 0.84765625 0.06015625 0.071875
0 0.45078125 0.78515625 0.0609375 0.059375
0 0.44921875 0.7375 0.0609375 0.0515625
0 0.3546875 0.653125 0.06328125 0.065625
0 0.41796875 0.64609375 0.06015625 0.0734375
0 0.48046875 0.64296875 0.06171875 0.07109375
0 0.5421875 0.63828125 0.06328125 0.065625
0 0.6234375 0.64375 0.040625 0.1234375
0 0.665625 0.640625 0.04453125 0.12109375
0 0.71015625 0.3640625 0.040625 0.11953125
0 0.709375 0.61015625 0.04375 0.12265625
0 0.665625 0.51796875 0.03984375 0.1203125
0 0.709375 0.48828125 0.04296875 0.12734375
0 0.6234375 0.52109375 0.040625 0.12265625
0 0.6515625 0.41953125 0.06953125 0.0796875
0 0.540625 0.575 0.06328125 0.07109375
0 0.47890625 0.5734375 0.06328125 0.071875
0 0.415625 0.5828125 0.06328125 0.06171875
0 0.353125 0.58671875 0.06640625 0.06875
0 0.41484375 0.51484375 0.06328125 0.0734375
0 0.3515625 0.52109375 0.06640625 0.0640625
0 0.4765625 0.50078125 0.05859375 0.053125
0 0.5484375 0.48359375 0.03828125 0.10703125
0 0.3515625 0.45546875 0.065625 0.06484375
0 0.35703125 0.2078125 0.06015625 0.0625
0 0.35859375 0.146875 0.0578125 0.06640625
0 0.415625 0.14140625 0.05703125 0.07109375
0 0.4625 0.2265625 0.0328125 0.1
0 0.47265625 0.14296875 0.059375 0.0671875
0 0.3578125 0.3625 0.0390625 0.10859375
0 0.3953125 0.290625 0.0375 0.11015625
0 0.43359375 0.29296875 0.0375 0.1109375
0 0.653125 0.1046875 0.05703125 0.07109375
0 0.54453125 0.13125 0.03828125 0.103125
0 0.5328125 0.27890625 0.05703125 0.06484375
0 0.5328125 0.2140625 0.05859375 0.0609375
0 0.53671875 0.39609375 0.07890625 0.06171875
0 0.66328125 0.34453125 0.05703125 0.05546875
0 0.66875 0.27734375 0.05703125 0.07109375
0 0.66640625 0.2109375 0.05859375 0.06796875
0 0.465625 0.4234375 0.03515625 0.0984375
0 0.46328125 0.3265625 0.03515625 0.10078125
0 0.59453125 0.309375 0.0640625 0.0640625
0 0.5921875 0.24296875 0.0546875 0.06328125
0 0.59453125 0.184375 0.059375 0.06875
0 0.58984375 0.11640625 0.05625 0.0765625