0 0.29453125 0.38515625 0.08203125 0.0578125
0 0.29375 0.309375 0.07578125 0.08203125
0 0.28984375 0.23203125 0.075 0.08125
0 0.2875 0.1515625 0.078125 0.090625
0 0.28671875 0.06328125 0.08125 0.0859375
0 0.36875 0.29765625 0.07421875 0.08359375
0 0.365625 0.21796875 0.07109375 0.0828125
0 0.3640625 0.1390625 0.06953125 0.08515625
0 0.25390625 0.51171875 0.0484375 0.1890625
0 0.30703125 0.5125 0.04921875 0.19375
0 0.25859375 0.70390625 0.053125 0.1859375
0 0.309375 0.703125 0.05234375 0.190625
0 0.26015625 0.89375 0.05078125 0.190625
0 0.31171875 0.8984375 0.05 0.1921875
0 0.47109375 0.42734375 0.246875 0.11640625
0 0.475 0.546875 0.25625 0.11015625
0 0.47421875 0.65703125 0.25390625 0.11640625
0 0.47578125 0.778125 0.25546875 0.13046875
0 0.48515625 0.91328125 0.27421875 0.14375
0 0.62265625 0.428125 0.05078125 0.0671875
0 0.621875 0.36953125 0.05703125 0.065625
0 0.621875 0.3046875 0.059375 0.0625
0 0.6203125 0.2421875 0.05546875 0.071875
0 0.62265625 0.1765625 0.0609375 0.06640625
0 0.625 0.1078125 0.0625 0.06953125
0 0.56015625 0.18671875 0.06328125 0.0609375
0 0.56171875 0.11796875 0.0609375 0.075
0 0.4765625 0.33359375 0.059375 0.0625
0 0.47265625 0.27109375 0.05546875 0.06953125
0 0.459375 0.20546875 0.0625 0.071875
0 0.62734375 0.8 0.040625 0.07890625
0 0.62421875 0.72109375 0.04609375 0.084375
0 0.625 0.6390625 0.04453125 0.08125
0 0.62421875 0.5609375 0.0421875 0.08125
0 0.7078125 0.865625 0.03203125 0.11171875
0 0.66015625 0.88515625 0.06328125 0.0765625
0 0.68203125 0.73984375 0.05078125 0.13046875
0 0.67265625 0.6046875 0.05390625 0.13359375
0 0.62734375 0.48984375 0.04609375 0.0609375
0 0.56171875 0.31953125 0.05625 0.07265625
0 0.55859375 0.2546875 0.0625 0.06015625