0 0.7 0.896875 0.07890625 0.08515625
0 0.61640625 0.84140625 0.046875 0.18125
0 0.51875 0.8265625 0.075 0.1703125
0 0.33125 0.86015625 0.0625 0.0578125
0 0.33203125 0.80546875 0.06328125 0.05234375
0 0.33046875 0.7484375 0.06015625 0.05546875
0 0.39296875 0.8578125 0.05859375 0.05546875
0 0.390625 0.803125 0.06328125 0.053125
0 0.390625 0.7484375 0.06484375 0.059375
0 0.3609375 0.20859375 0.05859375 0.0640625
0 0.359375 0.1453125 0.059375 0.06328125
0 0.3578125 0.3671875 0.040625 0.11484375
0 0.39375 0.29453125 0.03984375 0.11171875
0 0.4171875 0.203125 0.05390625 0.065625
0 0.4171875 0.140625 0.05625 0.0671875
0 0.4640625 0.22734375 0.03515625 0.10234375
0 0.471875 0.1421875 0.06015625 0.0640625
0 0.54375 0.13203125 0.0390625 0.10390625
0 0.65078125 0.10625 0.0609375 0.0703125
0 0.59453125 0.3046875 0.06015625 0.07578125
0 0.5921875 0.24375 0.0546875 0.071875
0 0.5953125 0.18203125 0.06171875 0.05859375
0 0.5921875 0.1140625 0.06171875 0.07265625
0 0.6625 0.3484375 0.053125 0.0703125
0 0.66875 0.2859375 0.06484375 0.071875
0 0.66796875 0.215625 0.06484375 0.0625
0 0.71015625 0.36484375 0.04375 0.1296875
0 0.6671875 0.51796875 0.04296875 0.1234375
0 0.70859375 0.48671875 0.0453125 0.11953125
0 0.6671875 0.64453125 0.04140625 0.1234375
0 0.7109375 0.609375 0.04140625 0.121875
0 0.625 0.51953125 0.04453125 0.1203125
0 0.653125 0.42265625 0.06796875 0.07109375
0 0.62265625 0.640625 0.04375 0.11953125
0 0.54453125 0.64296875 0.0640625 0.0703125
0 0.48125 0.64140625 0.0609375 0.07265625
0 0.478125 0.575 0.06015625 0.06796875
0 0.54140625 0.57578125 0.06171875 0.06640625
0 0.55 0.48515625 0.0390625 0.1109375
0 0.41875 0.646875 0.059375 0.06328125
0 0.35546875 0.65546875 0.0625 0.06484375
0 0.41484375 0.5828125 0.06015625 0.0765625
0 0.3546875 0.59140625 0.06484375 0.06328125
0 0.47578125 0.50234375 0.059375 0.06328125
0 0.43203125 0.29375 0.03984375 0.1125
0 0.353125 0.52421875 0.06328125 0.075
0 0.35234375 0.45703125 0.06640625 0.06875
0 0.4140625 0.44921875 0.06015625 0.071875
0 0.41171875 0.38203125 0.0640625 0.06953125
0 0.4625 0.328125 0.034375 0.10390625
0 0.46484375 0.42578125 0.03203125 0.09296875
0 0.5375 0.4 0.07890625 0.065625
0 0.4515625 0.85078125 0.05625 0.065625
0 0.45078125 0.78515625 0.05546875 0.053125
0 0.4515625 0.734375 0.06171875 0.05703125
0 0.53359375 0.28203125 0.05390625 0.0625
0 0.5328125 0.21875 0.0609375 0.07109375
0 0.68828125 0.75234375 0.02890625 0.10078125
0 0.7203125 0.72734375 0.034375 0.10625