0 0.1494098424855734 0.23388671875000003 0.14402656484376564 0.058135986328125035
0 0.13258399542226185 0.9784545898437499 0.15644348034902528 0.04309082031249993
0 0.13576457126986846 0.18871317889677056 0.13688698949465603 0.055160312128333784
0 0.9187886921413 0.6017626599458542 0.16177435609856503 0.05300544182704154
0 0.1407429565722177 0.14421926300425397 0.12688717533617602 0.05363300719461713
0 0.894595561784287 0.5511254848889047 0.16370324254246446 0.0487500067846905
0 0.8906722830657711 0.5036181382231727 0.16251102214032961 0.04653569620990469
0 0.26461913043123697 0.94580078125 0.14993356214933456 0.060302734375
0 0.7573135152987995 0.8623046875 0.1630219716368737 0.055511474609375
0 0.5976608371933716 0.8662109375 0.1652249712535882 0.059326171875
0 0.5981791900443633 0.81591796875 0.16496579482809237 0.058349609375
0 0.5795184874086639 0.95947265625 0.1682055001467902 0.055511474609375
0 0.4190882800267484 0.955078125 0.16133732487115082 0.06097412109375
0 0.7443546940240083 0.9111328125 0.16354032448786535 0.0535888671875
0 0.42219839713269836 0.90576171875 0.16405867733885698 0.06268310546875
0 0.2905367729808194 0.80126953125 0.15226614997879698 0.0634765625
0 0.2679884239626827 0.89599609375 0.15537626708474686 0.060089111328125
0 0.7593869267027662 0.810546875 0.16055979559466335 0.05987548828125
0 0.29079594940631526 0.849609375 0.1556354435102427 0.06536865234375
0 0.4408590997683977 0.85986328125 0.1630219716368737 0.06585693359375
0 0.7438363411730167 0.95654296875 0.1569313256377218 0.0535888671875
0 0.44163662904488515 0.8134765625 0.1619852659348904 0.0635986328125
0 0.14241744580995563 0.8447265625 0.1485080918091075 0.056976318359375
0 0.5774450760046973 0.7646484375 0.1619852659348904 0.0560302734375
0 0.902970666427453 0.90185546875 0.16276279521137788 0.0560302734375
0 0.8998605493215032 0.95263671875 0.1622444423603862 0.058013916015625
0 0.42219839713269836 0.7587890625 0.16379950091336118 0.06512451171875
0 0.7319142256002088 0.75732421875 0.16548414767908404 0.0592041015625
0 0.9159294877022442 0.85400390625 0.1556354435102427 0.058013916015625
0 0.9169661934042276 0.8037109375 0.15874556061619258 0.05718994140625
0 0.5795184874086639 0.712890625 0.16405867733885698 0.05780029296875
0 0.11935074394082724 0.93505859375 0.14228785759720772 0.057586669921875
0 0.5831469573656054 0.9111328125 0.16354032448786535 0.05511474609375
0 0.27187607034512007 0.75048828125 0.15226614997879698 0.057586669921875
0 0.1408623872569807 0.80419921875 0.15200697355330114 0.06524658203125
0 0.8920852565566284 0.751953125 0.16457703018984865 0.055206298828125
0 0.26980265894115346 0.70263671875 0.1485080918091075 0.05572509765625
0 0.4336021598545146 0.4208984375 0.1600414427436717 0.060302734375
0 0.42660439636612735 0.71044921875 0.16872385299778184 0.061981201171875
0 0.14786015074536796 0.42138671875 0.1408623872569807 0.057708740234375
0 0.7355426955571504 0.7060546875 0.1630219716368737 0.05389404296875
0 0.2895000672788361 0.42041015625 0.13930732870400575 0.058349609375
0 0.7516116339378914 0.409912109375 0.15978226631817588 0.062225341796875
0 0.44889356895876825 0.6640625 0.1632811480623695 0.05633544921875
0 0.7599052795537579 0.65576171875 0.16250361878588204 0.05419921875
0 0.12226647872765527 0.75244140625 0.15122944427681367 0.056243896484375
0 0.44630180470381003 0.615234375 0.16405867733885698 0.059967041015625
0 0.5997342485973383 0.6650390625 0.16030061916916755 0.057281494140625
0 0.5738166060477558 0.37451171875 0.16405867733885698 0.06256103515625
0 0.577963428855689 0.51611328125 0.16276279521137788 0.059661865234375
0 0.29831206574569413 0.65380859375 0.15122944427681367 0.052825927734375
0 0.12226647872765527 0.888671875 0.14552756291590555 0.0537109375
0 0.5986975428953549 0.61376953125 0.16379950091336118 0.061187744140625
0 0.902970666427453 0.26220703125 0.15848638419069677 0.05865478515625
0 0.2962386543417276 0.60498046875 0.1504519150003262 0.0535888671875
0 0.14889685644735126 0.607421875 0.14449085721392224 0.053802490234375
0 0.12122977302567198 0.70361328125 0.14630509219239302 0.05450439453125
0 0.8920852565566284 0.701171875 0.16496579482809237 0.05706787109375
0 0.7427996354710334 0.265869140625 0.1619852659348904 0.061431884765625
0 0.7583502210007829 0.6064453125 0.15719050206321764 0.055419921875
0 0.5800368402596555 0.56640625 0.16405867733885698 0.0604248046875
0 0.5898855444284968 0.467529296875 0.16081897202015918 0.0615234375
0 0.7427996354710334 0.2139892578125 0.16431785376435282 0.063232421875
0 0.28353900949243216 0.5107421875 0.15071109142582204 0.053985595703125
0 0.29649783076722336 0.4638671875 0.14876726823460334 0.054901123046875
0 0.5852203687695721 0.42236328125 0.1662616769555715 0.0633544921875
0 0.2747270110255741 0.55810546875 0.15226614997879698 0.054595947265625
0 0.736061048408142 0.55810546875 0.16172608950939457 0.05499267578125
0 0.427122749217119 0.56103515625 0.1632811480623695 0.061431884765625
0 0.13775227015103078 0.51513671875 0.14449085721392224 0.05389404296875
0 0.4408590997683977 0.46923828125 0.1577088549142093 0.061431884765625
0 0.9091909006393528 0.40283203125 0.1577088549142093 0.05780029296875
0 0.15226614997879698 0.65380859375 0.15071109142582204 0.053192138671875
0 0.9040073721294363 0.2113037109375 0.16250361878588204 0.054595947265625
0 0.7293224613452505 0.3173828125 0.1632811480623695 0.06610107421875
0 0.13904815227850992 0.331298828125 0.13969609334224947 0.058135986328125
0 0.14876726823460334 0.4677734375 0.1442316807884264 0.057373046875
0 0.9154111348512526 0.65283203125 0.15278450282978862 0.05706787109375
0 0.28353900949243216 0.372802734375 0.1421582693844598 0.05291748046875
0 0.4247901613876566 0.515625 0.1632811480623695 0.06231689453125
0 0.7365794012591336 0.5087890625 0.1652249712535882 0.057586669921875
0 0.42401263211116913 0.325927734375 0.15589461993573853 0.056854248046875
0 0.2819839509394572 0.32666015625 0.14358373972468685 0.0517578125
0 0.42738192564261485 0.2293701171875 0.16133732487115082 0.056854248046875
0 0.7490198696829332 0.4599609375 0.16405867733885698 0.060089111328125
0 0.9128193705962944 0.452392578125 0.15615379636123433 0.054595947265625
0 0.7277674027922756 0.36572265625 0.16107814844565502 0.06536865234375
0 0.5712248417927975 0.326171875 0.16678002980656315 0.06610107421875
0 0.5831469573656054 0.27587890625 0.1632811480623695 0.063232421875
0 0.8869017280467119 0.308837890625 0.15926391346718424 0.058990478515625
0 0.1473417978943763 0.560546875 0.14824891538361168 0.05450439453125
0 0.2897592437043319 0.235107421875 0.14604591576689718 0.05419921875
0 0.28872253800234865 0.2763671875 0.14630509219239302 0.055206298828125
0 0.41545981006980687 0.1766357421875 0.16081897202015918 0.052703857421875
0 0.43386133628001045 0.276123046875 0.1590047370416884 0.0560302734375
0 0.5696697832398225 0.1778564453125 0.16405867733885698 0.06866455078125
0 0.5826286045146137 0.2239990234375 0.1622444423603862 0.06512451171875
0 0.42064333857972336 0.3720703125 0.16133732487115082 0.05877685546875
0 0.8874200808977035 0.1605224609375 0.16703920623205898 0.055206298828125
0 0.14228785759720772 0.375244140625 0.141899092958964 0.0582275390625
0 0.7267306970902923 0.1668701171875 0.16379950091336118 0.060638427734375
0 0.8848283166427453 0.35791015625 0.1569313256377218 0.0604248046875
0 0.14591632755414927 0.279052734375 0.1376226819382829 0.056976318359375
0 0.2713577174941284 0.1849365234375 0.14824891538361168 0.050140380859375
0 0.2809472452374739 0.9823379516601562 0.15278450282978862 0.0353240966796875
0 0.7282857556432673 0.1171875 0.15511709065925106 0.05499267578125
0 0.2685067768136743 0.1392822265625 0.14254703402270355 0.048858642578125
0 0.566041313282881 0.1282958984375 0.16963097048701722 0.063720703125
0 0.8858650223447286 0.110107421875 0.16250361878588204 0.05718994140625
0 0.41416392794232776 0.1304931640625 0.15874556061619258 0.0531005859375