0 0.4132239583333333 0.38721875 0.15628125 0.033640625
0 0.5639427083333334 0.5374414062499999 0.157390625 0.031671875
0 0.12305208333333333 0.306109375 0.03850520833333334 0.0566171875
0 0.8932135416666667 0.319171875 0.03555208333333334 0.09537109375
0 0.24959375 0.30566796875 0.16840104166666667 0.021828125
0 0.90875 0.20488671875 0.048875 0.14839453125
0 0.41818229166666665 0.27985546875 0.169375 0.02612890625
0 0.41688020833333334 0.25530078125 0.17149479166666665 0.02831640625
0 0.4143177083333333 0.23024609375 0.17683854166666665 0.027847656250000002
0 0.4122708333333333 0.20392968749999998 0.18180208333333334 0.02507421875
0 0.41433333333333333 0.55839453125 0.14738020833333335 0.02978515625
0 0.8641249999999999 0.6187578125 0.15711458333333334 0.02955078125
0 0.25388541666666664 0.325859375 0.168515625 0.0235390625
0 0.15559375 0.306046875 0.03949479166666667 0.05956640625
0 0.10956770833333333 0.2104921875 0.04840104166666667 0.14127343750000002
0 0.13829687499999999 0.2099921875 0.047953125 0.14138671875
0 0.76134375 0.25085156249999996 0.18888020833333333 0.03726953125
0 0.7552395833333333 0.32449218750000003 0.17783854166666666 0.02763671875
0 0.8708958333333333 0.20401953125 0.04765625 0.1462890625
0 0.8574531249999999 0.3208046875 0.03966666666666666 0.08890624999999999
0 0.6888020833333334 0.14148046875 0.11344270833333334 0.03308203125
0 0.55696875 0.1390390625 0.12646354166666668 0.03050390625
0 0.4153645833333333 0.1398203125 0.12922395833333333 0.0318359375
0 0.7975260416666666 0.14599609375 0.10026041666666667 0.025468750000000002
0 0.26074479166666664 0.1536875 0.12646354166666668 0.0244296875
0 0.10131770833333334 0.353515625 0.16194791666666666 0.03402734375
0 0.4055989583333333 0.35815625 0.162515625 0.035734375
0 0.11734895833333334 0.50390625 0.15592708333333333 0.03253125
0 0.255046875 0.35571484375 0.17431770833333332 0.03396484375
0 0.1050625 0.3876953125 0.1535625 0.03436328125
0 0.415375 0.61047265625 0.14341145833333335 0.0276015625
0 0.105796875 0.41821484375000006 0.15788020833333333 0.03460546875
0 0.8893229166666666 0.3864765625 0.17024999999999998 0.03689453125
0 0.7299062500000001 0.35890234374999996 0.16521875000000003 0.03562109375
0 0.2537447916666667 0.38916015625 0.1605625 0.03167578125
0 0.57259375 0.3583984375 0.17252604166666666 0.0365
0 0.237140625 0.177125 0.169109375 0.02887109375
0 0.2760416666666667 0.6875 0.14933333333333335 0.030378906249999997
0 0.272296875 0.58447265625 0.15144791666666665 0.027433593750000002
0 0.8815104166666666 0.48071484375000006 0.17057291666666666 0.03366015625
0 0.4168177083333333 0.58376953125 0.14643229166666666 0.028499999999999998
0 0.5654322916666668 0.3923359375 0.15950520833333334 0.03726171875
0 0.41321875 0.6337890625 0.14381770833333332 0.0305625
0 0.11905729166666666 0.529296875 0.15486458333333333 0.030625000000000003
0 0.12621875 0.58251953125 0.14835416666666665 0.031859375
0 0.41419791666666667 0.6591796875 0.14553645833333334 0.029875000000000002
0 0.2612291666666667 0.4482421875 0.155109375 0.0303359375
0 0.2740885416666667 0.6328125 0.14705208333333333 0.029875000000000002
0 0.266765625 0.53125 0.15088020833333332 0.028335937500000002
0 0.8815104166666666 0.45141796875000006 0.17317708333333334 0.0364375
0 0.7242031250000001 0.39187109375 0.16519791666666667 0.032730468750000005
0 0.1136875 0.44775390625 0.15438020833333335 0.03079296875
0 0.7026666666666667 0.66970703125 0.14685416666666665 0.029843750000000002
0 0.4088541666666667 0.41845703125 0.15169270833333334 0.0305625
0 0.7058229166666667 0.64502734375 0.15221874999999999 0.0266015625
0 0.5592447916666666 0.59130859375 0.14273958333333334 0.028976562500000004
0 0.4115989583333333 0.447984375 0.15343229166666666 0.0318359375
0 0.7760416666666666 0.17053125 0.16878125 0.038390625
0 0.258953125 0.419921875 0.15836458333333334 0.031921875
0 0.4148020833333333 0.47680859375000006 0.15480208333333334 0.03180078125
0 0.131265625 0.63134765625 0.142984375 0.030105468749999996
0 0.2750677083333333 0.65966796875 0.14778645833333334 0.03004296875
0 0.5657552083333334 0.423828125 0.16227083333333334 0.03402734375
0 0.13590625 0.6796875 0.14249479166666665 0.029375000000000002
0 0.13305729166666666 0.65478515625 0.14322916666666666 0.03050390625
0 0.4137395833333333 0.1773671875 0.18587499999999998 0.027375
0 0.888671875 0.4189453125 0.17252604166666666 0.03396484375
0 0.7122499999999999 0.56689453125 0.15440104166666666 0.030105468749999996
0 0.26660416666666664 0.47729687500000006 0.1589375 0.0315546875
0 0.41787500000000005 0.68380859375 0.13567708333333334 0.026777343749999998
0 0.12313020833333334 0.55517578125 0.15250520833333334 0.02981640625
0 0.7196197916666667 0.45211328125000005 0.15752083333333333 0.03499609375
0 0.418296875 0.50439453125 0.141765625 0.02954296875
0 0.11759375 0.47412109375 0.1570625 0.03173828125
0 0.8587239583333334 0.6455078125 0.16284375 0.030851562500000002
0 0.12890625 0.60498046875 0.1447760416666667 0.0290390625
0 0.2709947916666666 0.55859375 0.1535625 0.027695312500000003
0 0.4160052083333333 0.52990625 0.14723958333333334 0.027218750000000003
0 0.2669270833333333 0.50390625 0.1564947916666667 0.029417968750000002
0 0.5641302083333334 0.453125 0.15730729166666665 0.03259375
0 0.7240729166666667 0.42164453125 0.16584375 0.03225
0 0.2734375 0.60888671875 0.14908854166666666 0.02914453125
0 0.7674270833333333 0.1982421875 0.18389583333333331 0.03534375
0 0.7142760416666667 0.5110234375 0.15821354166666665 0.029046875
0 0.5545833333333333 0.6633320312500001 0.14530208333333333 0.032632812500000004
0 0.5895208333333334 0.1755390625 0.19384895833333332 0.027375
0 0.5602239583333334 0.56494140625 0.147296875 0.029375000000000002
0 0.85225 0.67157421875 0.15355208333333334 0.029964843749999998
0 0.70884375 0.61794921875 0.14995312500000002 0.02905078125
0 0.5571770833333333 0.6398007812500001 0.14535937499999999 0.028988281249999998
0 0.8717447916666666 0.56689453125 0.16617708333333334 0.02975390625
0 0.87890625 0.5107421875 0.17333854166666668 0.03390625
0 0.5588854166666667 0.61716015625 0.14690625 0.0270625
0 0.7181822916666667 0.48125 0.16089583333333335 0.03128125
0 0.56478125 0.4833984375 0.15486458333333333 0.0316171875
0 0.7106770833333333 0.59344140625 0.15554166666666666 0.02668359375
0 0.876953125 0.53857421875 0.170734375 0.031203124999999998
0 0.24316666666666667 0.258546875 0.1710625 0.029707031249999998
0 0.556859375 0.6881406250000001 0.14536979166666666 0.02835546875
0 0.23844270833333334 0.20593359375000003 0.17366666666666666 0.027222656249999998
0 0.7180989583333334 0.53857421875 0.15462499999999998 0.02981640625
0 0.5830104166666668 0.2548828125 0.18343229166666666 0.028488281250000004
0 0.5836614583333334 0.20178124999999997 0.18489583333333334 0.02880859375
0 0.41015625 0.3298359375 0.169921875 0.02271875
0 0.869140625 0.59521484375 0.16650520833333332 0.030105468749999996
0 0.248046875 0.281984375 0.17138541666666668 0.0283828125
0 0.562828125 0.51171875 0.1535625 0.029417968750000002
0 0.4212239583333333 0.3044453125 0.17138541666666668 0.0260625
0 0.75390625 0.30126953125 0.165609375 0.0321640625
0 0.23991145833333333 0.2314453125 0.170734375 0.026503906249999997
0 0.5794270833333334 0.2810078125 0.18066666666666667 0.027265624999999998
0 0.7565104166666666 0.27661328125 0.16959895833333333 0.03594921875
0 0.583359375 0.3033671875 0.17672395833333335 0.02475
0 0.5813802083333334 0.22888281250000003 0.18098958333333334 0.026503906249999997
0 0.5809791666666667 0.32666015625 0.17652604166666666 0.023375
0 0.7009375 0.69367578125 0.14704166666666665 0.027375
0 0.85090625 0.69581640625 0.148609375 0.02737109375
0 0.767109375 0.22433593749999997 0.18541666666666667 0.0349921875