0 0.7077135416666667 0.64725 0.22427083333333334 0.03165234375
0 0.7065104166666667 0.6249140625 0.21716145833333333 0.029488281249999998
0 0.491375 0.68766796875 0.20255729166666667 0.02797265625
0 0.4947708333333333 0.7106796875 0.202515625 0.03103515625
0 0.494953125 0.6408984375 0.205890625 0.028488281250000004
0 0.2953958333333333 0.6162109375 0.19267708333333333 0.02262890625
0 0.716671875 0.7626640625000001 0.2189947916666667 0.0354921875
0 0.7113020833333333 0.7188203125 0.22675520833333335 0.032421875
0 0.4980260416666667 0.66483984375 0.20169791666666667 0.028152343749999996
0 0.7077656250000001 0.6702343749999999 0.22253645833333333 0.03375
0 0.49759895833333334 0.75412109375 0.2028802083333333 0.03213671875
0 0.706484375 0.7823203125 0.21960416666666666 0.0380546875
0 0.4932447916666666 0.61892578125 0.21011979166666667 0.024734375
0 0.7082395833333333 0.6937851562499999 0.21954166666666666 0.034175781249999995
0 0.12133333333333333 0.65390625 0.16747395833333334 0.025875
0 0.71403125 0.7397773437499999 0.22444791666666666 0.0362578125
0 0.7077864583333333 0.8039296874999999 0.21838020833333335 0.0367734375
0 0.9094739583333333 0.65608984375 0.13498437500000002 0.030714843749999998
0 0.49914583333333334 0.7333671875000001 0.2053229166666667 0.03372265625
0 0.13003125 0.7708671875 0.16566145833333332 0.03230078125
0 0.9107760416666667 0.70394140625 0.134765625 0.030441406250000004
0 0.7126874999999999 0.8257890625 0.218015625 0.03692578125
0 0.13719791666666667 0.80866015625 0.17127604166666668 0.0310234375
0 0.11903124999999999 0.61583984375 0.166609375 0.019171874999999998
0 0.8949114583333333 0.63041015625 0.136421875 0.028359375
0 0.4944479166666667 0.7734687499999999 0.20577083333333332 0.03381640625
0 0.49841145833333333 0.79319921875 0.20124999999999998 0.0341484375
0 0.12525520833333334 0.6927265625000001 0.16929166666666667 0.02643359375
0 0.895140625 0.679453125 0.1325 0.02752734375
0 0.8945885416666666 0.72602734375 0.13533333333333333 0.0285234375
0 0.502703125 0.8127734375 0.19998958333333333 0.0325625
0 0.9110208333333334 0.75144140625 0.13302083333333334 0.028976562500000004
0 0.136359375 0.78890234375 0.17538541666666668 0.031015625
0 0.59559375 0.6005859375 0.12201041666666666 0.02488671875
0 0.7123489583333333 0.6036406249999999 0.129453125 0.02537109375
0 0.9083020833333334 0.77515625 0.13409895833333335 0.031058593750000002
0 0.908203125 0.79597265625 0.14575520833333336 0.032875
0 0.26551041666666664 0.595703125 0.10432812500000001 0.0231484375
0 0.7330520833333334 0.2476171875 0.12958333333333333 0.040035156249999995
0 0.609046875 0.25769140625000003 0.12361458333333333 0.0336015625
0 0.7160781249999999 0.48583203125 0.12763020833333333 0.0270390625
0 0.732703125 0.2726015625 0.13197916666666668 0.03839453125
0 0.7154427083333333 0.5568828124999999 0.129125 0.02684375
0 0.7120208333333333 0.43686328124999996 0.12611979166666668 0.03228515625
0 0.7150520833333334 0.53418359375 0.12395312500000001 0.02353515625
0 0.7168541666666666 0.41245703125000005 0.12121354166666666 0.03094921875
0 0.4815729166666667 0.26183984374999997 0.11906770833333334 0.0348515625
0 0.6009166666666667 0.86592578125 0.07874479166666666 0.03891796875
0 0.604171875 0.28181640625000004 0.12272916666666665 0.030515625
0 0.4783177083333333 0.28759765625 0.11540625 0.0353828125
0 0.743 0.387234375 0.1204375 0.029640624999999997
0 0.7707552083333333 0.8772578125000001 0.08915625 0.04534765625
0 0.72784375 0.29644921874999997 0.128890625 0.0339921875
0 0.8659687500000001 0.845765625 0.09440104166666667 0.047515625
0 0.724609375 0.32129296875 0.12963541666666667 0.037078125
0 0.7398489583333333 0.3669921875 0.12777083333333333 0.032609375
0 0.6022031250000001 0.30519140624999996 0.12120833333333333 0.03121875
0 0.683921875 0.9065546875000001 0.08785416666666666 0.04351953125
0 0.472921875 0.3330078125 0.118453125 0.02897265625
0 0.388125 0.381546875 0.10966145833333334 0.029828125
0 0.6802604166666666 0.87295703125 0.08529166666666667 0.04605078125
0 0.7254375 0.3430390625 0.12680208333333334 0.03360546875
0 0.47791145833333337 0.31060937499999997 0.118171875 0.03176953125
0 0.5187239583333334 0.85699609375 0.07954687499999999 0.04248046875
0 0.474015625 0.44231640624999996 0.11481770833333332 0.02518359375
0 0.181296875 0.38790625 0.09847916666666667 0.02407421875
0 0.7722187500000001 0.9116523437499999 0.09098958333333333 0.04208203125
0 0.4753125 0.42088671875 0.11322395833333333 0.025449218750000002
0 0.07186979166666667 0.28759375 0.097671875 0.0214140625
0 0.08354687499999999 0.38950390625 0.09358333333333334 0.022296875
0 0.5188437499999999 0.89050390625 0.0826875 0.0406171875
0 0.162265625 0.3681875 0.10027604166666666 0.02264453125
0 0.5001979166666667 0.3763984375 0.116109375 0.031296875
0 0.28248958333333335 0.38462109375 0.10500520833333334 0.02279296875
0 0.43949479166666666 0.88683984375 0.0791875 0.0419296875
0 0.6848177083333333 0.940828125 0.08646875000000001 0.044984375
0 0.5240520833333333 0.9242851562500001 0.07967708333333333 0.0407421875
0 0.17850520833333333 0.4093046875 0.10293749999999999 0.022382812499999998
0 0.6008177083333333 0.32694140625 0.12124479166666666 0.02619140625
0 0.7701458333333334 0.9451289062500001 0.09086458333333333 0.04559375
0 0.38671875 0.40255859374999997 0.11108854166666667 0.027480468749999997
0 0.5976458333333333 0.8973984375 0.08103645833333334 0.03983984375
0 0.2973645833333334 0.66064453125 0.1875 0.02758984375
0 0.11905729166666666 0.63427734375 0.16699479166666667 0.02780078125
0 0.29785416666666664 0.63818359375 0.1883125 0.0250859375
0 0.12686979166666668 0.71240234375 0.166828125 0.028976562500000004
0 0.12597916666666667 0.73291015625 0.16813020833333334 0.031203124999999998
0 0.3024114583333333 0.74560546875 0.18782812499999998 0.03173828125
0 0.1285 0.751953125 0.16650520833333332 0.031859375
0 0.301921875 0.70361328125 0.18652604166666667 0.030105468749999996
0 0.3025729166666667 0.7265625 0.18798958333333332 0.03234765625
0 0.3120104166666666 0.818359375 0.18961458333333334 0.03271484375
0 0.305828125 0.7822265625 0.190265625 0.0336015625
0 0.84375 0.51025390625 0.13379166666666667 0.026261718750000003
0 0.06746354166666667 0.57373046875 0.09936458333333334 0.025468750000000002
0 0.7155208333333333 0.509765625 0.12819791666666666 0.027480468749999997
0 0.8463541666666666 0.5791015625 0.12874479166666666 0.0250859375
0 0.064046875 0.44873046875 0.09578645833333334 0.025222656249999996
0 0.06847916666666666 0.5537109375 0.0980625 0.0249921875
0 0.06734375000000001 0.59521484375 0.09846875000000001 0.02360546875
0 0.06709895833333333 0.42846875000000006 0.09342708333333333 0.025421875
0 0.8450520833333334 0.48657421875000006 0.13330208333333332 0.02691796875
0 0.06416666666666666 0.47119140625 0.095296875 0.026703125
0 0.1640625 0.53271484375 0.09952604166666666 0.024796875
0 0.166828125 0.595703125 0.10099479166666667 0.023070312500000002
0 0.26269791666666664 0.53125 0.10319270833333333 0.02346875
0 0.83984375 0.60302734375 0.13688020833333334 0.025710937499999996
0 0.2649739583333333 0.57373046875 0.10294791666666667 0.0236953125
0 0.16154166666666667 0.49292187500000006 0.09952604166666666 0.024140625
0 0.06799479166666668 0.5126953125 0.095296875 0.02562109375
0 0.84375 0.46167187500000006 0.13305729166666666 0.02591015625
0 0.4776197916666666 0.5774375 0.11628645833333334 0.025007812499999997
0 0.47546875 0.5330781250000001 0.11841666666666667 0.02504296875
0 0.8717447916666666 0.36548046875 0.13615104166666667 0.03050390625
0 0.8430989583333334 0.53369140625 0.13102083333333334 0.026199218749999996
0 0.8470052083333334 0.4150390625 0.13305729166666666 0.0280625
0 0.1605625 0.47265625 0.0980625 0.0249921875
0 0.2596041666666667 0.42724609375 0.103921875 0.02288671875
0 0.263671875 0.552734375 0.103515625 0.02365234375
0 0.5924322916666667 0.5764609375 0.12033333333333333 0.02665625
0 0.07881770833333333 0.4091796875 0.09496875 0.023375
0 0.8444010416666666 0.5576171875 0.130046875 0.02615234375
0 0.37109375 0.55517578125 0.10733854166666666 0.0236953125
0 0.8430989583333334 0.43798828125 0.13191666666666665 0.026199218749999996
0 0.36426041666666664 0.8515625 0.07470833333333333 0.0420234375
0 0.71084375 0.580078125 0.12388541666666668 0.025710937499999996
0 0.47918229166666665 0.55575390625 0.11648958333333333 0.025359375
0 0.86328125 0.26513671875 0.1398125 0.029707031249999998
0 0.16446875 0.513671875 0.09952604166666666 0.0249921875
0 0.262859375 0.509765625 0.10205208333333333 0.02451953125
0 0.59375 0.52783203125 0.11547916666666666 0.02493359375
0 0.373375 0.59814453125 0.10750520833333334 0.022765625
0 0.15909895833333335 0.42993359375000006 0.09773958333333334 0.024140625
0 0.869140625 0.38989453125 0.13525520833333332 0.029984375
0 0.8665364583333334 0.23840234374999997 0.13566145833333335 0.029207031249999998
0 0.36816666666666664 0.5751953125 0.106203125 0.02423046875
0 0.597421875 0.416015625 0.12832291666666668 0.02661328125
0 0.16544791666666667 0.5556640625 0.10221354166666667 0.026109375
0 0.5900156249999999 0.43529296874999995 0.12201041666666666 0.026234374999999997
0 0.06636458333333334 0.30712890625 0.090578125 0.023027343750000002
0 0.15918229166666667 0.451171875 0.0980625 0.023070312500000002
0 0.3684895833333333 0.53271484375 0.10733854166666666 0.02423046875
0 0.3671875 0.5107421875 0.10693229166666667 0.02409375
0 0.5947291666666668 0.46020703125000006 0.11222395833333333 0.02493359375
0 0.08296875000000001 0.830078125 0.06913020833333333 0.03860546875
0 0.5908229166666668 0.48217968750000006 0.11328125 0.02409375
0 0.591796875 0.50537109375 0.11409375000000001 0.024335937499999998
0 0.94140625 0.83447265625 0.06335416666666667 0.04821875
0 0.36816666666666664 0.46606640625000006 0.11043229166666667 0.02427734375
0 0.37207291666666664 0.274171875 0.10929166666666666 0.02859375
0 0.2594739583333333 0.44775390625 0.10651562499999999 0.0250859375
0 0.859375 0.34106640625 0.13590625 0.028976562500000004
0 0.219890625 0.84033203125 0.06990625 0.040984375
0 0.1519375 0.833984375 0.07145312499999999 0.038820312499999995
0 0.2613958333333333 0.49267578125 0.10074999999999999 0.027695312500000003
0 0.8580729166666666 0.88623046875 0.09073958333333333 0.04559375
0 0.716796875 0.46142578125 0.11613020833333333 0.028441406250000002
0 0.3665364583333333 0.48901562500000006 0.10693229166666667 0.0243828125
0 0.08699479166666667 0.857421875 0.06860416666666666 0.03430078125
0 0.861328125 0.31787109375 0.13761458333333335 0.0305625
0 0.8619791666666666 0.29052734375 0.13590625 0.02887109375
0 0.16699479166666667 0.28515625 0.09716666666666667 0.02409375
0 0.2664375 0.28051953125 0.09879687499999999 0.025269531249999998
0 0.3655625 0.44751171875000006 0.109703125 0.0237734375
0 0.155109375 0.861328125 0.07173437499999999 0.03527734375
0 0.25879166666666664 0.32348828125 0.09822395833333333 0.02423046875
0 0.22281770833333334 0.86669921875 0.06709895833333333 0.03796484375
0 0.29134375 0.84423828125 0.07372916666666667 0.038390625
0 0.3665364583333333 0.8798828125 0.07132812499999999 0.0364375
0 0.06551041666666667 0.369140625 0.09863541666666667 0.023515625000000002
0 0.36816666666666664 0.2946796875 0.109703125 0.028761718749999998
0 0.1599114583333333 0.3056640625 0.09716666666666667 0.025957031250000002
0 0.262046875 0.3662109375 0.10058854166666667 0.0260625
0 0.36426041666666664 0.42700390625000006 0.10888541666666667 0.025328125
0 0.615234375 0.37378125 0.11759375 0.02914453125
0 0.9420572916666666 0.5107421875 0.06465625 0.0667109375
0 0.6041666666666666 0.93359375 0.08113541666666667 0.0406171875
0 0.61328125 0.3955078125 0.11653645833333333 0.02981640625
0 0.363609375 0.3200703125 0.10636458333333333 0.02655078125
0 0.29378125 0.87353515625 0.07320312500000001 0.038390625
0 0.064046875 0.35180859375 0.094078125 0.025710937499999996
0 0.2596041666666667 0.46826171875 0.10131770833333334 0.02451953125
0 0.2799479166666667 0.40478515625 0.10205208333333333 0.0237265625
0 0.8600260416666666 0.9189453125 0.08797395833333334 0.04559375
0 0.064046875 0.33056640625 0.092203125 0.02427734375
0 0.9427083333333334 0.58056640625 0.06746354166666667 0.0653671875
0 0.2965520833333333 0.90625 0.07108333333333333 0.03948828125
0 0.9375 0.8857421875 0.06278645833333334 0.0642109375
0 0.37109375 0.361328125 0.10847916666666667 0.027695312500000003
0 0.258953125 0.3037109375 0.09911979166666667 0.02562109375
0 0.15869270833333332 0.3271484375 0.09496875 0.0244765625
0 0.359375 0.34033203125 0.10432812500000001 0.025328125
0 0.22493749999999998 0.900390625 0.06913020833333333 0.03790234375
0 0.09253125 0.8876953125 0.06575520833333333 0.0367109375
0 0.3678385416666667 0.91357421875 0.07470833333333333 0.04183984375
0 0.9537760416666666 0.42993359375000006 0.045572916666666664 0.0946640625
0 0.1570625 0.89306640625 0.07067708333333332 0.0378125
0 0.25488541666666664 0.345703125 0.09846875000000001 0.02591015625
0 0.857421875 0.95263671875 0.08715625 0.04611328125
0 0.9544270833333334 0.33154296875 0.042479166666666665 0.09686328125
0 0.9348958333333334 0.94775390625 0.06278645833333334 0.06231640625
0 0.600296875 0.34928906249999997 0.12082812500000001 0.02729296875
0 0.47524479166666667 0.35448046875 0.11850000000000001 0.0301328125
0 0.4974322916666667 0.39758984375 0.11289583333333333 0.027753906249999998
0 0.476828125 0.464078125 0.11833333333333333 0.027472656249999998
0 0.47474479166666667 0.486953125 0.11416145833333333 0.029402343749999997
0 0.476796875 0.5115664062499999 0.11720833333333333 0.029441406250000003
0 0.5946927083333333 0.55338671875 0.11870312499999999 0.024546875000000003
0 0.48032291666666665 0.59990625 0.11640104166666668 0.023683593750000002
0 0.159875 0.34685156250000004 0.093796875 0.02358984375
0 0.06716666666666667 0.49151171875 0.1015625 0.02064453125
0 0.069703125 0.53346875 0.098015625 0.0217734375
0 0.168328125 0.5760859375 0.09780208333333333 0.020999999999999998
0 0.2968645833333333 0.6805195312500001 0.18600520833333334 0.027796875
0 0.12178125 0.67280859375 0.16415625 0.02497265625
0 0.44130729166666666 0.85271484375 0.07633333333333334 0.034328125
0 0.4448697916666667 0.92144921875 0.07734895833333333 0.04237890625
0 0.3051770833333334 0.762578125 0.18430729166666668 0.03042578125
0 0.31094791666666666 0.8006484374999999 0.18363020833333332 0.027546875
0 0.506390625 0.83029296875 0.19733854166666667 0.0364375
0 0.7133333333333333 0.844890625 0.21113541666666666 0.03471484375
0 0.8669114583333334 0.807390625 0.09377604166666667 0.04331640625