0 0.41462025703423033 0.8542775632432204 0.1403977406309608 0.16058549851355933
0 0.3780732076203175 0.7292775446974661 0.11777971602188501 0.10007527168659885
0 0.4826349265807174 0.7362172469692004 0.09808235316143506 0.09548136893840083
0 0.5802171879207999 0.7454427083333333 0.09640849693534995 0.09187825520833341
0 0.5659356861957303 0.6255613550470294 0.08822140104603923 0.15138380032260818
0 0.6742157857453173 0.7532552083333334 0.08530901289688476 0.08829752604166671
0 0.47499263422196963 0.6138214321816212 0.09976554188143939 0.14442744813675734
0 0.3736786763703174 0.6013478386517119 0.11704729414688497 0.15570276019657597
0 0.5373756902702477 0.8589597925470294 0.1444068097850027 0.156999034697608
0 0.6553385674370523 0.6380208333333333 0.0874105333116044 0.1395670572916666
0 0.267333984375 0.8515625 0.1573486328125 0.17073567708333334
0 0.65625 0.8665364583333334 0.11859130859375 0.14835611979166666
0 0.255126953125 0.7200520833333334 0.1285400390625 0.10221354166666667
0 0.11029052734375 0.8470052083333334 0.184814453125 0.17757161458333334
0 0.76025390625 0.8684895833333334 0.140869140625 0.14680989583333334
0 0.130615234375 0.712890625 0.1409912109375 0.1044921875
0 0.14404296875 0.5859375 0.1424560546875 0.150634765625
0 0.04400634765625 0.6057942708333334 0.086181640625 0.15673828125
0 0.26708984375 0.5865885416666666 0.127685546875 0.15836588541666666
0 0.7587890625 0.7610677083333334 0.08465576171875 0.08528645833333333
0 0.034088134765625 0.7643229166666666 0.06817626953125 0.164794921875
0 0.5830078125 0.4951171875 0.082275390625 0.13614908854166666
0 0.3994140625 0.4599609375 0.09893798828125 0.14396158854166666
0 0.493408203125 0.4798177083333333 0.08197021484375 0.13427734375
0 0.66748046875 0.5078125 0.07489013671875 0.13525390625
0 0.1639404296875 0.4365234375 0.129150390625 0.15087890625
0 0.73779296875 0.6474609375 0.0816650390625 0.13981119791666666
0 0.30126953125 0.44140625 0.12213134765625 0.15380859375
0 0.055511474609375 0.4514973958333333 0.1070556640625 0.161376953125
0 0.751953125 0.5218098958333334 0.081787109375 0.13614908854166666
0 0.09332275390625 0.3694661458333333 0.158935546875 0.078369140625