0 0.130859375 0.57716796875 0.15298958333333335 0.0693125
0 0.4849583333333333 0.5151054687500001 0.090734375 0.06903125
0 0.5289166666666667 0.58320703125 0.08847916666666666 0.06575
0 0.5715677083333334 0.51806640625 0.08860416666666666 0.06719921875
0 0.3001302083333333 0.51220703125 0.0894375 0.069640625
0 0.390625 0.5166015625 0.09073958333333333 0.068421875
0 0.441734375 0.583984375 0.09122916666666667 0.06817578125
0 0.443359375 0.45044140625000006 0.08715625 0.071046875
0 0.6610260416666667 0.52001953125 0.09071875 0.06658984375
0 0.6530781250000001 0.65234375 0.091109375 0.0667109375
0 0.4765625 0.650390625 0.08878645833333333 0.06854296875
0 0.623375 0.45166015625 0.08602083333333334 0.0703125
0 0.3515625 0.58349609375 0.094078125 0.06719921875
0 0.6166197916666667 0.5855937499999999 0.09302083333333333 0.067640625
0 0.3489583333333333 0.44409375000000006 0.09236458333333333 0.0745234375
0 0.2571875 0.5810546875 0.10697395833333333 0.06982421875
0 0.38847916666666665 0.65204296875 0.09246875 0.0724375
0 0.7059375 0.45434765625000006 0.08952604166666665 0.069640625
0 0.4332708333333333 0.71826171875 0.08976041666666666 0.065125
0 0.5228645833333333 0.71435546875 0.09011458333333335 0.06487890625
0 0.2973645833333334 0.6494140625 0.0910625 0.0700703125
0 0.5576197916666668 0.7822265625 0.07922395833333334 0.065734375
0 0.74265625 0.6544414062499999 0.08928124999999999 0.0646484375
0 0.6457239583333333 0.7802734375 0.08945833333333333 0.06561328125
0 0.20638020833333334 0.5087890625 0.09513541666666667 0.06854296875
0 0.7467447916666666 0.52099609375 0.082640625 0.06524609375
0 0.47168229166666664 0.78369140625 0.088625 0.06683203125
0 0.6092604166666666 0.71484375 0.08659895833333334 0.06359765625
0 0.7024739583333334 0.58642578125 0.08056770833333333 0.0667109375
0 0.3424479166666667 0.716796875 0.09236458333333333 0.06561328125
0 0.2565104166666667 0.43896484375 0.09846875000000001 0.07574609375
0 0.5322291666666666 0.44751171875000006 0.08496354166666667 0.0692734375
0 0.25066666666666665 0.715921875 0.102890625 0.0697265625
0 0.20431770833333335 0.64892578125 0.102234375 0.06982421875
0 0.384765625 0.78369140625 0.09236458333333333 0.0676875
0 0.78125 0.58740234375 0.08602083333333334 0.06683203125
0 0.4313177083333333 0.84716796875 0.08764583333333334 0.064515625
0 0.2950833333333333 0.78466796875 0.09171354166666666 0.06719921875
0 0.5192083333333334 0.845703125 0.08447395833333333 0.0653671875
0 0.7317708333333334 0.7802734375 0.07910416666666667 0.06305078125
0 0.6033072916666666 0.8443828124999999 0.08586458333333334 0.06605078125
0 0.7942708333333334 0.45703125 0.086671875 0.0692734375
0 0.342125 0.8486328125 0.08927604166666667 0.0642109375
0 0.6869322916666667 0.8436054687500001 0.08630729166666667 0.06370703125
0 0.7777447916666667 0.7140117187499999 0.09011458333333335 0.0646484375
0 0.20019791666666667 0.78564453125 0.09285416666666667 0.0699453125
0 0.576171875 0.38134765625 0.082359375 0.07238671875
0 0.4000677083333333 0.37719921875 0.09269270833333333 0.07598828125
0 0.2516302083333333 0.849609375 0.09326041666666667 0.06598046875
0 0.10408333333333333 0.646484375 0.096109375 0.06915234375
0 0.109703125 0.50537109375 0.09846875000000001 0.06756640625
0 0.771484375 0.8408203125 0.08191145833333334 0.063109375
0 0.48926041666666664 0.37841796875 0.09090104166666667 0.0738515625
0 0.8723958333333334 0.5908203125 0.09041145833333333 0.0661015625
0 0.7473958333333334 0.38671875 0.08146354166666667 0.0667109375
0 0.662109375 0.3845234375 0.08084895833333333 0.069640625
0 0.4664739583333333 0.90869140625 0.08280208333333333 0.06384375
0 0.5555572916666667 0.90625 0.09173437499999999 0.06359765625
0 0.8795572916666666 0.45678906250000006 0.09008854166666666 0.06878515625
0 0.3111979166666667 0.36841015625 0.09757291666666666 0.07763671875
0 0.383140625 0.90966796875 0.09204166666666666 0.064390625
0 0.8645833333333334 0.7158203125 0.08715625 0.0621015625
0 0.845703125 0.6572265625 0.12296354166666666 0.063109375
0 0.10717708333333334 0.78564453125 0.09561979166666666 0.07080078125
0 0.8515625 0.521484375 0.12646354166666668 0.0686640625
0 0.12784895833333335 0.71533203125 0.1350104166666667 0.0673203125
0 0.8522135416666666 0.8388671875 0.08976041666666666 0.06305078125
0 0.289390625 0.91162109375 0.08528645833333333 0.065125
0 0.8365885416666666 0.77978515625 0.12532812499999998 0.06335546875
0 0.21061458333333333 0.36059765625 0.100015625 0.0751953125
0 0.7228645833333334 0.90185546875 0.08533854166666667 0.06487890625
0 0.6905729166666668 0.71533203125 0.08326041666666667 0.0625625
0 0.8600260416666666 0.38989453125 0.12516145833333334 0.06719921875
0 0.13525520833333332 0.43603515625 0.14575 0.071046875
0 0.19905729166666666 0.91357421875 0.08650520833333333 0.06634375
0 0.13191666666666665 0.85009765625 0.13403125 0.06463671875
0 0.5690104166666666 0.64990234375 0.08715625 0.068296875
0 0.109703125 0.3603515625 0.09773958333333334 0.072265625
0 0.8248697916666666 0.8984375 0.12166145833333333 0.06335546875
0 0.10775 0.91552734375 0.090578125 0.0654921875
0 0.639 0.904296875 0.07722916666666667 0.06359765625