0 0.6775208333333332 0.73028125 0.088921875 0.07130468749999999
0 0.8385416666666666 0.53271484375 0.13403125 0.074890625
0 0.830078125 0.66845703125 0.12443229166666667 0.068421875
0 0.7290364583333333 0.5290781250000001 0.09096354166666668 0.0689609375
0 0.609703125 0.52685546875 0.07893750000000001 0.061980468749999997
0 0.7747395833333334 0.60009765625 0.08797395833333334 0.07159375
0 0.26074479166666664 0.4482421875 0.088296875 0.06756640625
0 0.7258020833333333 0.66455078125 0.09434895833333333 0.06951953125
0 0.6692395833333333 0.5920664062500001 0.116875 0.07640625
0 0.6348125 0.658828125 0.09392708333333334 0.07162890625
0 0.857421875 0.60498046875 0.09309895833333333 0.07208203125
0 0.5670572916666666 0.58349609375 0.0765 0.0628046875
0 0.82421875 0.79931640625 0.12313020833333334 0.065125
0 0.6271979166666667 0.794921875 0.08922916666666666 0.06384375
0 0.14599479166666668 0.43530468750000006 0.13525520833333332 0.0615234375
0 0.7291666666666666 0.46875 0.07694270833333333 0.05603125
0 0.8483072916666666 0.73193359375 0.08813541666666666 0.06292578125
0 0.656578125 0.46655468750000006 0.077515625 0.060515624999999997
0 0.197328125 0.5009765625 0.10689583333333334 0.07305859375
0 0.8372395833333334 0.8623046875 0.09472916666666667 0.06335546875
0 0.4528020833333333 0.65234375 0.091390625 0.0778203125
0 0.109703125 0.5732421875 0.14273958333333334 0.07019140625
0 0.29215625 0.50927734375 0.07763541666666667 0.0628046875
0 0.13858854166666665 0.3747578125 0.08650520833333333 0.05941796875000001
0 0.5442708333333334 0.65185546875 0.09651562500000001 0.0817890625
0 0.22314583333333332 0.3786640625 0.08813541666666666 0.0640859375
0 0.83903125 0.46607421875000005 0.13582291666666665 0.0680703125
0 0.5859375 0.46337890625 0.07625520833333334 0.06143359375
0 0.7825520833333334 0.41479687500000006 0.09716666666666667 0.054902343750000006
0 0.4114583333333333 0.580078125 0.08512499999999999 0.06658984375
0 0.23209895833333333 0.57666015625 0.10042187500000001 0.07598828125
0 0.09093229166666666 0.50111328125 0.10390104166666667 0.06808984375
0 0.3051770833333334 0.384765625 0.08544791666666667 0.0653671875
0 0.6204427083333334 0.40649609375000006 0.07580729166666668 0.061769531249999995
0 0.48948958333333337 0.57861328125 0.07602083333333334 0.06042578125
0 0.3411458333333333 0.45166015625 0.08296875000000001 0.06598046875
0 0.5439479166666668 0.40307812500000006 0.07678125 0.06463671875
0 0.09122916666666667 0.85791015625 0.14005729166666667 0.07019140625
0 0.7584635416666666 0.7333984375 0.08764583333333334 0.06683203125
0 0.7526041666666666 0.8623046875 0.08602083333333334 0.0642109375
0 0.3763020833333333 0.5166015625 0.08390104166666666 0.0640859375
0 0.453125 0.51953125 0.072265625 0.06231640625
0 0.6927083333333334 0.40991406250000006 0.074421875 0.06097265625
0 0.17627083333333332 0.6494140625 0.09790104166666666 0.07409765625
0 0.5049583333333333 0.46144140624999996 0.08559895833333334 0.0600859375
0 0.423828125 0.45727734375000006 0.07954687499999999 0.06634375
0 0.3313802083333333 0.5830078125 0.09985416666666666 0.0751953125
0 0.06937499999999999 0.787109375 0.100015625 0.0731796875
0 0.5297083333333333 0.5216367187500001 0.07886458333333332 0.061003906249999997
0 0.586265625 0.72802734375 0.08252083333333333 0.06891015625
0 0.7137708333333334 0.79615234375 0.09290625 0.06388671875
0 0.077515625 0.6455078125 0.10172395833333334 0.0731796875
0 0.6725260416666666 0.52783203125 0.04695833333333333 0.06335546875
0 0.8072916666666666 0.9267578125 0.12402604166666667 0.0661015625
0 0.490234375 0.861328125 0.08845833333333333 0.06561328125
0 0.5363489583333333 0.794921875 0.093046875 0.06719921875
0 0.3912760416666667 0.3923359375 0.08585416666666666 0.0661015625
0 0.2696927083333333 0.65380859375 0.09895833333333333 0.0739765625
0 0.663640625 0.8625390625 0.09201562499999999 0.06569140625
0 0.258953125 0.791015625 0.09651562500000001 0.0713515625
0 0.363609375 0.65625 0.096109375 0.07342578125
0 0.09849479166666668 0.7160546875 0.14303645833333334 0.07051171875
0 0.16796875 0.78857421875 0.10026041666666667 0.07251171875
0 0.466796875 0.39794921875 0.07853125 0.065125
0 0.5007135416666667 0.72607421875 0.091796875 0.0692734375
0 0.408203125 0.72607421875 0.091390625 0.068421875
0 0.21321874999999998 0.859375 0.10261979166666667 0.0693984375
0 0.447265625 0.7939453125 0.0910625 0.0673203125
0 0.3548177083333333 0.79345703125 0.09440104166666667 0.069640625
0 0.7033541666666667 0.92552734375 0.09116145833333333 0.06770703125000001
0 0.30696875 0.8603515625 0.09561979166666666 0.065734375
0 0.22103124999999998 0.7197265625 0.10115625 0.07080078125
0 0.6142604166666668 0.927734375 0.08813541666666666 0.0667109375
0 0.5758489583333334 0.861328125 0.08479687500000001 0.0654921875
0 0.31559375 0.72265625 0.09668229166666667 0.0674453125
0 0.40527604166666664 0.86279296875 0.09651562500000001 0.06561328125
0 0.4361979166666667 0.92724609375 0.08959895833333334 0.067078125
0 0.5227864583333334 0.927734375 0.08699479166666667 0.06658984375
0 0.06429166666666666 0.92626953125 0.09822395833333333 0.068296875
0 0.15909895833333335 0.9267578125 0.09651562500000001 0.07043359375
0 0.25228125 0.92578125 0.09358854166666666 0.068421875
0 0.345703125 0.92724609375 0.09391145833333334 0.06780859375
0 0.05969270833333333 0.849609375 0.05082291666666667 0.03985546875