0 0.455010162601626 0.3965568181818182 0.15673780487804878 0.062125
0 0.15945121951219512 0.3758295454545455 0.14465447154471545 0.06535227272727273
0 0.6104065040650406 0.6094659090909091 0.16003048780487805 0.06610227272727273
0 0.14919715447154472 0.2161818181818182 0.15283536585365853 0.06671590909090909
0 0.28478658536585366 0.4888181818181819 0.15771341463414634 0.06842045454545455
0 0.27783536585365853 0.5452727272727272 0.15917682926829269 0.06944318181818182
0 0.15261178861788616 0.6394204545454546 0.1509959349593496 0.07215909090909091
0 0.6104674796747968 0.6578409090909091 0.16967479674796748 0.0676590909090909
0 0.30934959349593494 0.6451931818181817 0.15564024390243902 0.062409090909090914
0 0.3054471544715447 0.5918522727272728 0.15332317073170731 0.06429545454545454
0 0.1430691056910569 0.7370113636363637 0.14684959349593496 0.059852272727272726
0 0.15310975609756097 0.011545454545454546 0.14704268292682926 0.022261363636363635
0 0.1560060975609756 0.5892954545454546 0.1486382113821138 0.05886363636363636
0 0.14128048780487806 0.6909431818181818 0.14768292682926829 0.06884090909090909
0 0.578821138211382 0.29175 0.1652337398373984 0.06085227272727273
0 0.3017578125 0.38573996803977273 0.154541015625 0.06405112526633523
0 0.60107421875 0.4032115589488636 0.1629638671875 0.06289090243252841
0 0.4345703125 0.23409201882102273 0.1591796875 0.0679412841796875
0 0.299072265625 0.4378817471590909 0.1573486328125 0.0686920166015625
0 0.5859375 0.5544500177556818 0.159423828125 0.06428999467329545
0 0.2841796875 0.16966552734375 0.15380859375 0.06558671431107954
0 0.7568359375 0.39638671875 0.155029296875 0.06016096635298295
0 0.76416015625 0.660098544034091 0.1502685546875 0.06394875266335227
0 0.27880859375 0.2783169833096591 0.1597900390625 0.06036571155894886
0 0.45556640625 0.654638671875 0.1507568359375 0.06026333895596591
0 0.432861328125 0.4990323153409091 0.1553955078125 0.06893088600852272
0 0.434326171875 0.5511740944602272 0.157958984375 0.07036410245028409
0 0.280517578125 0.3289572975852273 0.1553955078125 0.06016096635298295
0 0.13427734375 0.4785577947443182 0.154541015625 0.07650645862926136
0 0.4296875 0.3431529651988636 0.157958984375 0.06357338645241477
0 0.272705078125 0.11745549982244319 0.15283203125 0.06780478737571023
0 0.129638671875 0.10291859019886364 0.1444091796875 0.06463123668323864
0 0.5927734375 0.240234375 0.1600341796875 0.06275440562855114
0 0.4541015625 0.6071377840909091 0.154541015625 0.06289090243252841
0 0.7451171875 0.5530850497159091 0.157958984375 0.06439236727627841
0 0.5986328125 0.4534423828125 0.1607666015625 0.060604580965909094
0 0.4462890625 0.4482555042613636 0.1514892578125 0.06357338645241477
0 0.13232421875 0.5337025035511364 0.15283203125 0.07636996182528409
0 0.9052734375 0.18249622691761364 0.1636962890625 0.0686920166015625
0 0.147705078125 0.42969193892045454 0.1488037109375 0.07930464311079545
0 0.74560546875 0.1717129794034091 0.1610107421875 0.059614979137073865
0 0.587890625 0.18235973011363638 0.1658935546875 0.06254966042258522
0 0.74462890625 0.5006702769886363 0.158447265625 0.06241316361860796
0 0.58544921875 0.3458829012784091 0.164306640625 0.06005859375
0 0.4287109375 0.17608087713068182 0.159423828125 0.06957924582741477
0 0.89501953125 0.5566339666193182 0.15771484375 0.07200206409801137
0 0.42041015625 0.13008145419034092 0.1591796875 0.07555098100142045
0 0.5849609375 0.5061301491477272 0.1602783203125 0.062174294211647725
0 0.755859375 0.4496204723011364 0.154052734375 0.060502208362926135
0 0.89599609375 0.29019220525568185 0.1656494140625 0.062174294211647725
0 0.91650390625 0.6710182883522727 0.1502685546875 0.0664398193359375
0 0.1322021484375 0.2710826526988636 0.1553955078125 0.07036410245028409
0 0.418701171875 0.068316650390625 0.1568603515625 0.07056884765625
0 0.8994140625 0.5072221235795454 0.158203125 0.06695168235085228
0 0.7509765625 0.2272671786221591 0.15869140625 0.06657631613991477
0 0.59033203125 0.714697265625 0.1600341796875 0.0664398193359375
0 0.74169921875 0.3398770419034091 0.158935546875 0.059922096946022727
0 0.57275390625 0.07514149058948863 0.165283203125 0.058523004705255684
0 0.89599609375 0.3458829012784091 0.159423828125 0.06289090243252841
0 0.912109375 0.40812544389204547 0.158935546875 0.06930625221946023
0 0.429931640625 0.2871892755681818 0.1561279296875 0.061389437588778406
0 0.73046875 0.07200206409801137 0.1600341796875 0.0574310302734375
0 0.76416015625 0.6098677201704545 0.15380859375 0.06524547230113636
0 0.1287841796875 0.32322443181818183 0.153564453125 0.06585970791903409
0 0.5771484375 0.13240189985795456 0.1702880859375 0.06347101384943182
0 0.268310546875 0.05463284579190341 0.1490478515625 0.06370988325639204
0 0.736328125 0.12482632723721591 0.1571044921875 0.059819724343039775
0 0.297119140625 0.01820526123046875 0.1507568359375 0.034687250310724435
0 0.1270751953125 0.04599942294034091 0.1396484375 0.05947848233309659
0 0.91650390625 0.618603515625 0.153076171875 0.07473200017755682
0 0.290771484375 0.7054154829545455 0.1517333984375 0.07336703213778409
0 0.890625 0.12243763316761364 0.1650390625 0.0654843417080966
0 0.88818359375 0.06299327503551136 0.1597900390625 0.06115056818181818
0 0.432373046875 0.7114213423295455 0.155029296875 0.074322509765625
0 0.59326171875 0.7671120383522727 0.15478515625 0.06265203302556818
0 0.1375732421875 0.15983775745738638 0.1505126953125 0.06487010609019886
0 0.90771484375 0.45726429332386365 0.1510009765625 0.06173067959872159
0 0.744140625 0.7228870738636364 0.159423828125 0.0711148348721591
0 0.442138671875 0.7616521661931818 0.1561279296875 0.06254966042258522
0 0.293212890625 0.7556463068181818 0.1517333984375 0.06766829057173296
0 0.291748046875 0.22248979048295456 0.1517333984375 0.06173067959872159
0 0.90625 0.23750443892045456 0.1591796875 0.06633744673295454
0 0.90625 0.018273509632457385 0.154541015625 0.036308149857954546
0 0.73974609375 0.2852783203125 0.1629638671875 0.061969549005681815
0 0.74658203125 0.7725719105113636 0.1591796875 0.06084345037286932
0 0.89892578125 0.7261629971590909 0.158203125 0.07418601296164773
0 0.436767578125 0.023264174027876422 0.152587890625 0.046528348055752844
0 0.59375 0.02415993430397727 0.1605224609375 0.04831986860795454
0 0.74658203125 0.023110615123401988 0.1563720703125 0.046221230246803975
0 0.9013671875 0.7873135653409091 0.158203125 0.06428999467329545