0 0.70726171875 0.6200104166666667 0.1370546875 0.12509375
0 0.08346484374999999 0.22294270833333335 0.09140625 0.17435937499999998
0 0.2 0.2656875 0.12916796875 0.12095833333333333
0 0.5810546875 0.36816145833333336 0.13141015625000002 0.12915104166666666
0 0.57389453125 0.617515625 0.12498046874999999 0.12874479166666666
0 0.46477734374999996 0.7454427083333334 0.12712890625 0.12296354166666666
0 0.5903632812499999 0.494140625 0.1267734375 0.11905729166666666
0 0.7252265625 0.8782552083333334 0.13752734375 0.129640625
0 0.34323046874999996 0.9671875 0.12395703124999999 0.065625
0 0.33125 0.8662708333333333 0.13125 0.12421354166666668
0 0.47018359375 0.9671875 0.13046875 0.065625
0 0.59869921875 0.9680572916666667 0.1296875 0.06388541666666667
0 0.73333203125 0.9706614583333334 0.13333203124999998 0.05867708333333333
0 0.45281640625 0.87228125 0.145828125 0.12130208333333334
0 0.58801953125 0.8778906249999999 0.13958203125 0.13703125000000002
0 0.864453125 0.8758072916666666 0.14296875 0.13286979166666668
0 0.868359375 0.9723958333333333 0.13515625 0.05520833333333333
0 0.336234375 0.7467447916666666 0.12815234375 0.12117708333333334
0 0.3232421875 0.2553697916666667 0.12744140625 0.130046875
0 0.59002734375 0.7472708333333333 0.13557421875 0.125734375
0 0.44458593750000003 0.623046875 0.12736328125000002 0.12825520833333334
0 0.44707421875 0.3717447916666667 0.12589453125 0.12801041666666665
0 0.20373437499999997 0.8704427083333334 0.12683203125 0.12117708333333334
0 0.322265625 0.623375 0.11962890625 0.12621875
0 0.72665625 0.7483593749999999 0.13912109374999998 0.13075
0 0.3193359375 0.3802083333333333 0.12274218750000002 0.12670833333333334
0 0.20691015625000003 0.74609375 0.14013671875 0.11970833333333333
0 0.5800625 0.23690104166666667 0.13021875 0.12980729166666666
0 0.1929921875 0.3899739583333333 0.12878515625 0.12532812499999998
0 0.46128515625000005 0.49386979166666667 0.1264375 0.12643229166666667
0 0.72117578125 0.23169270833333336 0.13425 0.12980729166666666
0 0.8641249999999999 0.7457552083333333 0.13857031250000001 0.13246354166666668
0 0.215578125 0.9635416666666666 0.13427734375 0.06966145833333333
0 0.4524453125 0.24450520833333333 0.12791015625 0.13183333333333333
0 0.7204765625 0.35827604166666666 0.136265625 0.13020833333333334
0 0.85205078125 0.613609375 0.1589375 0.12784895833333335
0 0.72340625 0.48713541666666665 0.13473828125 0.12653125
0 0.08542578125 0.3945208333333333 0.0965703125 0.16843229166666665
0 0.857421875 0.3567708333333333 0.14465234375 0.13403125
0 0.20178124999999997 0.508140625 0.13659765625 0.1171875
0 0.33269140625000004 0.5005260416666667 0.12766015625 0.11572395833333333
0 0.85400390625 0.22444791666666666 0.14172265625 0.13191666666666665
0 0.0871328125 0.5628437500000001 0.09272265625000001 0.16206770833333334
0 0.08978125 0.7220052083333334 0.09503125 0.15730729166666665
0 0.197875 0.6246770833333334 0.1298828125 0.121828125
0 0.0993046875 0.8854166666666666 0.098265625 0.16284375
0 0.8580937499999999 0.48644270833333336 0.1441640625 0.13441145833333332