0 0.515640625 0.38964453125 0.10696354166666668 0.024285156250000002
0 0.4497291666666667 0.8928125 0.10396875 0.02480859375
0 0.745828125 0.36790625 0.12512500000000001 0.038875
0 0.552625 0.87644921875 0.10525520833333334 0.02413671875
0 0.5176041666666666 0.43016796875 0.11016145833333332 0.018984375
0 0.8717447916666666 0.40185546875 0.13029166666666667 0.0368359375
0 0.628625 0.39940625 0.117109375 0.034195312500000005
0 0.633484375 0.46262109375 0.11694270833333334 0.03241015625
0 0.19954687499999998 0.44677734375 0.10652604166666667 0.02880859375
0 0.625296875 0.33103515625 0.11680729166666667 0.03408984375
0 0.4059427083333333 0.3718203125 0.11071875 0.023558593750000002
0 0.8679375 0.25539453125 0.13570833333333335 0.038839843750000005
0 0.7505729166666666 0.45590234374999994 0.12045312500000001 0.03830078125
0 0.51275 0.34496484375 0.10861979166666667 0.02998046875
0 0.24316666666666667 0.88818359375 0.09269270833333333 0.0217734375
0 0.8765885416666667 0.44558593750000003 0.12768229166666667 0.031859375
0 0.40953124999999996 0.47607421875 0.1105625 0.02363671875
0 0.3068020833333333 0.45923046875000006 0.10652604166666667 0.026703125
0 0.869140625 0.3063984375 0.134765625 0.044191406249999995
0 0.5470520833333333 0.83837890625 0.10744791666666667 0.025468750000000002
0 0.44921875 0.87353515625 0.09375 0.02191015625
0 0.19842708333333334 0.383296875 0.105 0.0298046875
0 0.39746354166666664 0.30786328125 0.11344270833333334 0.026703125
0 0.09635416666666667 0.44653515625000006 0.100015625 0.0249921875
0 0.145265625 0.8447265625 0.09684374999999999 0.025957031250000002
0 0.293296875 0.33520703125 0.10733854166666666 0.027910156250000002
0 0.2967135416666667 0.37622265625 0.112875 0.02859375
0 0.7483333333333333 0.41226953125000004 0.11967187500000001 0.035175781249999996
0 0.5104479166666667 0.32323828125 0.11152604166666666 0.028675781249999997
0 0.7744635416666666 0.8637734375000001 0.1146875 0.021855468750000002
0 0.6638177083333333 0.89990234375 0.11319791666666666 0.02418359375
0 0.1398125 0.80908203125 0.09545833333333334 0.026414062500000002
0 0.51875 0.4511796875 0.10871354166666666 0.02405078125
0 0.34277604166666664 0.85400390625 0.11165625 0.02346875
0 0.40854166666666664 0.43383593749999994 0.10671875 0.0234140625
0 0.3028958333333333 0.41748046875 0.10986458333333333 0.02914453125
0 0.3997604166666667 0.32933984375 0.11194270833333334 0.02292578125
0 0.660171875 0.84228515625 0.11206770833333332 0.02666796875
0 0.51728125 0.47240624999999997 0.10983854166666666 0.0219921875
0 0.8821614583333334 0.5146484375 0.129640625 0.02948046875
0 0.13403125 0.77294921875 0.09651562500000001 0.024660156250000002
0 0.548828125 0.80078125 0.10847916666666667 0.0263046875
0 0.6461614583333334 0.64111328125 0.112875 0.025558593750000004
0 0.09496875 0.42431640625 0.10294791666666667 0.024703125
0 0.20003125 0.48510937500000006 0.10595833333333333 0.0251328125
0 0.12915104166666666 0.73583984375 0.09790104166666666 0.02752734375
0 0.4277708333333334 0.64209375 0.10828645833333334 0.02191015625
0 0.149578125 0.8837890625 0.09326041666666667 0.0260625
0 0.11824479166666667 0.64404296875 0.09822395833333333 0.026199218749999996
0 0.09204166666666666 0.38501171875 0.10335416666666666 0.025374999999999998
0 0.42386979166666666 0.59912109375 0.11418229166666666 0.02288671875
0 0.5419531249999999 0.7604960937499999 0.11050520833333333 0.02291015625
0 0.42548958333333337 0.6201171875 0.11001041666666667 0.02328515625
0 0.41833333333333333 0.55859375 0.114984375 0.02427734375
0 0.1875 0.32177734375 0.103921875 0.028273437499999998
0 0.5296614583333333 0.59912109375 0.11132291666666667 0.023421875
0 0.7548854166666668 0.49973046875 0.12120833333333333 0.032953125
0 0.6438802083333334 0.6015625 0.11328125 0.0276328125
0 0.7623645833333333 0.61058203125 0.11892708333333334 0.028441406250000002
0 0.77771875 0.9033203125 0.11231770833333334 0.024046875000000002
0 0.321453125 0.6396484375 0.10945833333333334 0.0256640625
0 0.21695833333333334 0.66455078125 0.10376041666666666 0.02267578125
0 0.336265625 0.79638671875 0.10481770833333333 0.02267578125
0 0.8736979166666666 0.35180859375 0.12915104166666666 0.03955078125
0 0.8951822916666666 0.84326171875 0.12296354166666666 0.02685546875
0 0.5383593750000001 0.67943359375 0.11047916666666667 0.024765625
0 0.29785416666666664 0.49926953125000006 0.10465624999999999 0.0251328125
0 0.6565520833333333 0.78197265625 0.11419270833333334 0.02311328125
0 0.23014583333333333 0.759765625 0.09846875000000001 0.02333203125
0 0.3227552083333334 0.67919921875 0.10791145833333333 0.02488671875
0 0.4275 0.6804296875 0.10996354166666666 0.0230078125
0 0.21175 0.6064453125 0.10319270833333333 0.02288671875
0 0.20866145833333333 0.58740234375 0.10449479166666667 0.023195312500000002
0 0.3287760416666667 0.75927734375 0.10058854166666667 0.023375
0 0.23372395833333334 0.8154296875 0.09456250000000001 0.025328125
0 0.633140625 0.50830078125 0.11303645833333334 0.03143359375
0 0.6611979166666667 0.86254296875 0.11121354166666667 0.02425
0 0.34472916666666664 0.8896484375 0.10717708333333334 0.02293359375
0 0.22672395833333334 0.7216796875 0.10058854166666667 0.022582031250000002
0 0.44002083333333336 0.81796875 0.10540624999999999 0.0243828125
0 0.3129895833333334 0.58154296875 0.11002604166666667 0.024335937499999998
0 0.62371875 0.28612890625 0.10973958333333332 0.0338203125
0 0.09090104166666667 0.364015625 0.10245833333333333 0.024796875
0 0.12516145833333334 0.69873046875 0.09651562500000001 0.025710937499999996
0 0.5378697916666667 0.72120703125 0.11032812500000001 0.023195312500000002
0 0.09700520833333333 0.48486328125 0.09952604166666666 0.023421875
0 0.5345520833333333 0.62012109375 0.11288541666666667 0.0226796875
0 0.6478385416666667 0.6809023437499999 0.11541666666666667 0.02073828125
0 0.953421875 0.2552109375 0.040546874999999996 0.0973359375
0 0.11165625 0.58447265625 0.09952604166666666 0.023027343750000002
0 0.7447447916666667 0.32200390625 0.11764583333333332 0.036777343750000004
0 0.43783854166666664 0.77980078125 0.10785937500000001 0.02362109375
0 0.89453125 0.80126953125 0.12516145833333334 0.025421875
0 0.200359375 0.525390625 0.10278125 0.02517578125
0 0.9565208333333334 0.34962109375 0.04032291666666667 0.09701171875
0 0.21354166666666666 0.626953125 0.09790104166666666 0.02298046875
0 0.7767499999999999 0.8830585937500001 0.11461458333333334 0.02204296875
0 0.08797395833333334 0.34228515625 0.10294791666666667 0.024335937499999998
0 0.205890625 0.56494140625 0.10563020833333334 0.022203125
0 0.5267239583333333 0.5791015625 0.11082291666666667 0.02153125
0 0.22005208333333334 0.68408203125 0.10221354166666667 0.022539062500000002
0 0.24186458333333333 0.8515625 0.09741145833333334 0.02391015625
0 0.8932291666666666 0.88525390625 0.119875 0.028441406250000002
0 0.7122291666666667 0.27017578124999997 0.041192708333333335 0.09515625
0 0.6426510416666668 0.5529609375 0.11351041666666667 0.026796874999999998
0 0.8893229166666666 0.6264023437499999 0.12915104166666666 0.02413671875
0 0.6360833333333333 0.5317265625 0.11249479166666668 0.0298828125
0 0.430609375 0.701171875 0.10072395833333332 0.02229296875
0 0.310875 0.56103515625 0.10538541666666666 0.0237734375
0 0.10261979166666667 0.54443359375 0.09716666666666667 0.023421875
0 0.8841145833333334 0.5595703125 0.12801041666666665 0.025957031250000002
0 0.100015625 0.50537109375 0.09895833333333333 0.023515625000000002
0 0.10563020833333334 0.564453125 0.09846875000000001 0.02262890625
0 0.4321354166666667 0.75927734375 0.10292708333333334 0.02293359375
0 0.8958333333333334 0.75830078125 0.12532812499999998 0.026765624999999998
0 0.510078125 0.3015234375 0.10932291666666667 0.032140625
0 0.3046875 0.5205078125 0.109703125 0.025511718750000002
0 0.9587291666666666 0.442453125 0.03904166666666666 0.09445703125
0 0.11466666666666667 0.60400390625 0.09700520833333333 0.023421875
0 0.44121354166666665 0.7990976562500001 0.10272395833333332 0.02137890625
0 0.892578125 0.69287109375 0.12670833333333334 0.025328125
0 0.7754218749999999 0.78124609375 0.11741145833333334 0.02657421875
0 0.3280052083333333 0.74072265625 0.10515104166666665 0.02096484375
0 0.3333333333333333 0.8173828125 0.10847916666666667 0.0244296875
0 0.8854166666666666 0.603515625 0.127359375 0.0270703125
0 0.408890625 0.49682421874999994 0.11253645833333333 0.023328124999999998
0 0.8899739583333334 0.71484375 0.12760416666666666 0.024660156250000002
0 0.7593802083333333 0.5456484374999999 0.120328125 0.03166015625
0 0.10074999999999999 0.525390625 0.09863541666666667 0.02237109375
0 0.7727864583333334 0.80224609375 0.11741666666666667 0.0231484375
0 0.5546875 0.89599609375 0.09635416666666667 0.02288671875
0 0.325359375 0.7001953125 0.11328125 0.023375
0 0.8912760416666666 0.67138671875 0.12801041666666665 0.02386328125
0 0.410828125 0.51904296875 0.109015625 0.0224609375
0 0.7455625 0.2653828125 0.043375000000000004 0.09753515625
0 0.7675520833333334 0.6774921875000001 0.1194375 0.0271484375
0 0.7728177083333333 0.822265625 0.115703125 0.02191015625
0 0.76690625 0.69568359375 0.11993229166666668 0.02733203125
0 0.7698645833333334 0.738515625 0.11920312500000001 0.02762109375
0 0.41115625 0.53955078125 0.11031770833333333 0.021242187500000002
0 0.42941145833333333 0.72023046875 0.109796875 0.0199453125
0 0.9752604166666666 0.8777617187500001 0.034932291666666664 0.08218359374999999
0 0.971609375 0.7087734375 0.03786458333333333 0.0885078125
0 0.890625 0.73681640625 0.12597916666666667 0.02328515625
0 0.9632864583333334 0.5325585937499999 0.03486979166666667 0.09355078125
0 0.9754322916666667 0.79502734375 0.042765625 0.08598828124999999
0 0.9673072916666666 0.6191328125 0.03348958333333333 0.084640625
0 0.8694479166666667 0.2786171875 0.12997916666666667 0.0401171875
0 0.8728072916666666 0.325953125 0.127546875 0.037191406249999996
0 0.8738541666666666 0.37334765625 0.12971875 0.0356015625
0 0.8730729166666666 0.42026562500000003 0.12456249999999999 0.031980468750000005
0 0.8782239583333333 0.46544921875 0.127703125 0.0316171875
0 0.8802395833333333 0.48980859375 0.12815104166666666 0.029921874999999997
0 0.8836041666666666 0.5340703125 0.12590625 0.02603125
0 0.8841614583333333 0.5795078124999999 0.12703125 0.0278515625
0 0.8877447916666666 0.6482929687500001 0.12882291666666668 0.025960937499999996
0 0.8936458333333334 0.7771679687499999 0.12473958333333333 0.025527343749999997
0 0.8954479166666667 0.8216640625 0.12441145833333334 0.0199765625
0 0.895859375 0.86161328125 0.12522916666666667 0.02253125
0 0.896921875 0.9092968750000001 0.12408333333333334 0.02826953125
0 0.7461510416666666 0.34340234375 0.12179166666666667 0.03461328125
0 0.749671875 0.3892421875 0.11966666666666666 0.03421875
0 0.7497552083333333 0.43137890624999997 0.121140625 0.032546874999999996
0 0.7545000000000001 0.4756875 0.12146875 0.03522265625
0 0.7584270833333334 0.52212109375 0.12179166666666667 0.03109765625
0 0.7616197916666666 0.56766015625 0.12032291666666667 0.0313125
0 0.761046875 0.5893828125 0.12310416666666667 0.028109375
0 0.7653072916666667 0.63144140625 0.121140625 0.0275078125
0 0.7676770833333334 0.65341015625 0.11803125 0.024792968749999998
0 0.7676770833333334 0.717765625 0.11966666666666666 0.0258125
0 0.772015625 0.7589414062500001 0.11917708333333334 0.02591015625
0 0.77709375 0.8418125 0.11884895833333334 0.022214843749999998
0 0.6338541666666667 0.48460546875 0.1139375 0.0334140625
0 0.6232916666666667 0.30860937499999996 0.11541145833333334 0.03378515625
0 0.626484375 0.35340625000000003 0.1139375 0.03252734375
0 0.6275520833333333 0.37520312499999997 0.11573958333333333 0.0306953125
0 0.6309895833333333 0.4206171875 0.11279166666666667 0.02826953125
0 0.6307447916666666 0.443140625 0.11720833333333333 0.031105468749999997
0 0.6623385416666667 0.88045703125 0.11164583333333335 0.02338671875
0 0.6589010416666666 0.82252734375 0.11458854166666667 0.0204765625
0 0.6575885416666666 0.80497265625 0.11197395833333333 0.022207031250000002
0 0.5140208333333333 0.364515625 0.10968229166666667 0.028964843750000004
0 0.4048333333333333 0.35033984375 0.10869791666666666 0.0239375
0 0.409828125 0.39244140625 0.10689583333333334 0.02096875
0 0.41195312500000003 0.412015625 0.10591666666666667 0.02205859375
0 0.5174583333333334 0.40896875 0.106078125 0.023328124999999998
0 0.4153125 0.4542578125 0.10083854166666667 0.027964843750000003
0 0.3049739583333333 0.43615234375 0.105421875 0.02981640625
0 0.29957291666666663 0.39331640625 0.10640625000000001 0.02517578125
0 0.2990833333333333 0.35551171875 0.10411458333333333 0.030593749999999996
0 0.293109375 0.31126171875 0.10133333333333333 0.0317265625
0 0.19366145833333331 0.3420078125 0.098875 0.03305859375
0 0.19856770833333334 0.36146484375 0.10215104166666666 0.0265390625
0 0.198734375 0.40411328125 0.098546875 0.02958203125
0 0.20208854166666665 0.42362890625 0.10002083333333332 0.03178125
0 0.08708854166666667 0.3217578125 0.099203125 0.0195703125
0 0.09814062500000001 0.40430078125 0.10165625 0.021359375
0 0.09781250000000001 0.46499218750000004 0.1023125 0.02365234375
0 0.20159895833333333 0.4633359375 0.10427604166666667 0.028933593749999997
0 0.20085937499999998 0.5036328125 0.10411458333333333 0.026039062499999998
0 0.3012135416666667 0.4772421875 0.10313020833333333 0.024828125
0 0.20651041666666667 0.5442578124999999 0.10100520833333333 0.026257812499999998
0 0.30825 0.5378164062499999 0.11197395833333333 0.02933203125
0 0.31938020833333336 0.59858984375 0.10280208333333334 0.0256484375
0 0.31938020833333336 0.61926953125 0.10935416666666667 0.026496093749999998
0 0.32314583333333335 0.658890625 0.11164583333333335 0.02593359375
0 0.21984895833333334 0.6436132812500001 0.105421875 0.021156249999999998
0 0.1184375 0.6220117187499999 0.10034895833333332 0.0172421875
0 0.123921875 0.6586484375 0.10083854166666667 0.02053125
0 0.12793229166666667 0.6772421875 0.10100520833333333 0.0245703125
0 0.130140625 0.7170078125 0.10149479166666667 0.025527343749999997
0 0.13276041666666666 0.7556093749999999 0.10018750000000001 0.02292578125
0 0.13963541666666668 0.7908359375 0.09429166666666666 0.02216796875
0 0.144875 0.82753515625 0.091671875 0.0194453125
0 0.14553125 0.86478515625 0.09953125 0.02151171875
0 0.22738020833333333 0.7027734375 0.09953125 0.021609375
0 0.22934374999999999 0.7400234375 0.10345833333333333 0.023671875000000002
0 0.235078125 0.776046875 0.10509895833333333 0.02328515625
0 0.23335416666666667 0.7975859375 0.09674999999999999 0.02339453125
0 0.23973958333333334 0.83465234375 0.09969270833333334 0.023859375
0 0.24317708333333332 0.8688750000000001 0.10329687500000001 0.0223203125
0 0.3447552083333333 0.87200390625 0.10836979166666666 0.019984375
0 0.34094270833333334 0.8370625 0.104203125 0.021128906250000003
0 0.33503645833333334 0.77567578125 0.10341666666666667 0.0211328125
0 0.3250416666666667 0.72032421875 0.10703645833333333 0.02140234375
0 0.4418385416666667 0.8379296875 0.10923958333333333 0.024042968749999998
0 0.44388541666666664 0.8545703124999999 0.11018229166666667 0.0171875
0 0.5517864583333334 0.8568125 0.10719270833333333 0.02403125
0 0.5461979166666667 0.8196953125 0.10703645833333333 0.021812500000000002
0 0.5441510416666666 0.779625 0.1108125 0.026675781250000002
0 0.43428125 0.73944140625 0.10514583333333333 0.018320312499999998
0 0.5428125 0.73967578125 0.10971354166666666 0.02351171875
0 0.5393489583333333 0.70012109375 0.10908333333333334 0.0211328125
0 0.42507291666666663 0.66117578125 0.10719270833333333 0.018796874999999998
0 0.42145312500000004 0.57740625 0.10939583333333333 0.02007421875
0 0.6457552083333333 0.6158789062500001 0.112546875 0.026187500000000002
0 0.5332916666666666 0.639953125 0.11553645833333334 0.0223984375
0 0.5311666666666667 0.65877734375 0.11159895833333335 0.0187265625
0 0.6488229166666667 0.65832421875 0.117421875 0.022539062500000002
0 0.6500052083333333 0.7003398437499999 0.11348958333333334 0.0215703125
0 0.65165625 0.7206953125 0.11805208333333334 0.01860546875
0 0.6549635416666667 0.7418203125 0.11458854166666667 0.02071875
0 0.6559062499999999 0.761 0.119 0.0201171875
0 0.6417395833333334 0.5751640625000001 0.11963020833333333 0.028335937500000002
0 0.5189635416666667 0.493359375 0.1108125 0.0172578125
0 0.5208541666666666 0.51477734375 0.11458854166666667 0.0235
0 0.521171875 0.5359609375 0.10892708333333333 0.019828125
0 0.5300625 0.5560273437500001 0.10625 0.022175781250000002