0 0.5094427083333334 0.56787109375 0.12890625 0.0751953125
0 0.8001302083333334 0.873046875 0.14201041666666667 0.07989453125
0 0.6597447916666667 0.8693476562500001 0.140140625 0.076296875
0 0.7838541666666666 0.48901562500000006 0.13688020833333334 0.08019921875
0 0.7747395833333334 0.40844921875000006 0.13663541666666665 0.07934765625
0 0.6334635416666666 0.41430859375000006 0.13265104166666666 0.07965234375
0 0.6423697916666666 0.48916015625 0.14053125 0.0821640625
0 0.7897708333333333 0.79325 0.16329166666666667 0.08061328125
0 0.2578125 0.56787109375 0.124265625 0.068421875
0 0.5192083333333334 0.86572265625 0.12670833333333334 0.0755625
0 0.23681770833333332 0.3544921875 0.13525520833333332 0.07666015625
0 0.500328125 0.41723828125000006 0.13053645833333333 0.07696484375
0 0.371421875 0.42163281250000006 0.13191666666666665 0.07433984375
0 0.501953125 0.79150390625 0.12760416666666666 0.07366796875
0 0.50228125 0.64013671875 0.12760416666666666 0.07305859375
0 0.243 0.42700390625000006 0.13142708333333333 0.070921875
0 0.79296875 0.71533203125 0.13858854166666665 0.07641796875
0 0.7963749999999999 0.9493750000000001 0.15883333333333333 0.0775703125
0 0.5048854166666666 0.93798828125 0.13077604166666668 0.0755625
0 0.9192708333333334 0.61865234375 0.11572395833333333 0.0985703125
0 0.1136875 0.35962109375 0.12313020833333334 0.07574609375
0 0.3717447916666667 0.63818359375 0.130046875 0.0699453125
0 0.3782552083333333 0.9345703125 0.1345208333333333 0.07629296875
0 0.11263020833333333 0.42919921875 0.12646354166666668 0.07171484375
0 0.38769791666666664 0.8623046875 0.1258125 0.07476953125
0 0.6477864583333334 0.56201171875 0.13427604166666668 0.07183984375
0 0.4996770833333333 0.3464375 0.139078125 0.08312890625
0 0.2613958333333333 0.86083984375 0.12801041666666665 0.0731796875
0 0.3678385416666667 0.35083203125 0.13858854166666665 0.07965234375
0 0.7825520833333334 0.56201171875 0.14347395833333335 0.07464453125
0 0.244953125 0.640625 0.12313020833333334 0.0700703125
0 0.7701822916666666 0.33325390625 0.13688020833333334 0.0830078125
0 0.7858072916666666 0.6376953125 0.15088020833333332 0.07598828125
0 0.5153020833333334 0.71630859375 0.12467708333333333 0.07147265625
0 0.5029322916666666 0.4921875 0.14249479166666665 0.07433984375
0 0.9309895833333334 0.833984375 0.11303645833333334 0.10797265625000001
0 0.38735416666666667 0.71315625 0.12577083333333333 0.07503125000000001
0 0.24007291666666666 0.49853515625 0.129640625 0.07019140625
0 0.3736979166666667 0.7890625 0.131265625 0.0738515625
0 0.9103072916666667 0.514953125 0.11512499999999999 0.10901171875
0 0.3723958333333333 0.49585156250000006 0.13216145833333334 0.07159375
0 0.24739583333333334 0.78662109375 0.127359375 0.0731796875
0 0.6363958333333334 0.64111328125 0.13427604166666668 0.0745234375
0 0.9274010416666666 0.728234375 0.11139583333333333 0.10705078125
0 0.13265104166666666 0.85546875 0.133546875 0.07275390625
0 0.650390625 0.7138671875 0.13240625 0.07275390625
0 0.25228125 0.9306640625 0.12597916666666667 0.07342578125
0 0.258453125 0.7121953125 0.12668229166666667 0.07372265624999999
0 0.11531770833333334 0.5009765625 0.12443229166666667 0.07080078125
0 0.121421875 0.78466796875 0.12491666666666666 0.0726328125
0 0.6315104166666666 0.3388671875 0.13240625 0.08123828125
0 0.3824895833333333 0.564453125 0.12760416666666666 0.07208203125
0 0.12117708333333334 0.64208984375 0.13142708333333333 0.06817578125
0 0.127359375 0.923828125 0.12556770833333333 0.07342578125
0 0.639109375 0.79340625 0.14182291666666666 0.07639453125
0 0.6446145833333333 0.9426132812500001 0.13924479166666667 0.0729609375
0 0.9049479166666666 0.40698437500000006 0.11466666666666667 0.1052265625
0 0.12443229166666667 0.5693359375 0.13240625 0.06658984375
0 0.9348958333333334 0.94189453125 0.11507291666666666 0.11047265625
0 0.12646354166666668 0.71044921875 0.131671875 0.06335546875