0 0.5399583333333333 0.69384765625 0.111734375 0.06118749999999999
0 0.43534375000000003 0.63525390625 0.10636458333333333 0.057921875
0 0.43098437500000003 0.6904296875 0.11383854166666667 0.057585937499999997
0 0.23763020833333334 0.5978749999999999 0.09122916666666667 0.08179296875
0 0.23313541666666668 0.6754687500000001 0.08410416666666666 0.08094921875
0 0.8757291666666667 0.5773984375000001 0.07770833333333332 0.0757890625
0 0.5406979166666667 0.638671875 0.106359375 0.061066406250000003
0 0.65396875 0.64404296875 0.10985937500000001 0.06066796875
0 0.6513697916666668 0.7006875 0.11172395833333333 0.065671875
0 0.5416666666666666 0.76416015625 0.0840625 0.0784921875
0 0.6979166666666666 0.77099609375 0.07763541666666667 0.07763671875
0 0.6692708333333334 0.5810546875 0.10042187500000001 0.06305078125
0 0.78515625 0.77099609375 0.08813541666666666 0.07696484375
0 0.3854166666666667 0.75732421875 0.081296875 0.07501171875
0 0.6207708333333334 0.7666015625 0.08056770833333333 0.0772109375
0 0.3024114583333333 0.7578125 0.07910416666666667 0.07433984375
0 0.5611979166666666 0.58056640625 0.10261979166666667 0.058562499999999997
0 0.13834895833333333 0.62109375 0.11946875 0.05877734375
0 0.453125 0.578125 0.09716666666666667 0.0562421875
0 0.768875 0.70166015625 0.120765625 0.0652421875
0 0.13216145833333334 0.69140625 0.12313020833333334 0.06878515625
0 0.765625 0.640625 0.11709895833333334 0.05621484375
0 0.3208020833333334 0.69091796875 0.10099479166666667 0.059203125
0 0.380859375 0.83642578125 0.08219270833333334 0.08154296875
0 0.539390625 0.845703125 0.08146354166666667 0.0833125
0 0.4567083333333333 0.76123046875 0.07389583333333333 0.07641796875
0 0.13834895833333333 0.55859375 0.10945833333333334 0.058562499999999997
0 0.24039583333333334 0.52587890625 0.10595833333333333 0.055296875
0 0.2513020833333333 0.37109375 0.10026041666666667 0.05194140625
0 0.3258489583333333 0.63330078125 0.105796875 0.0589921875
0 0.455078125 0.8408203125 0.07820833333333334 0.08477734375
0 0.779296875 0.5283203125 0.10595833333333333 0.05749609375
0 0.22640104166666666 0.75634765625 0.07735416666666667 0.074890625
0 0.7903645833333334 0.85107421875 0.08528645833333333 0.084046875
0 0.7037760416666666 0.85009765625 0.08747916666666668 0.0836171875
0 0.15625 0.3513203125 0.112875 0.05071875
0 0.1398125 0.51611328125 0.10750520833333334 0.05419921875
0 0.7786458333333334 0.5849609375 0.10807291666666667 0.06109765625
0 0.12532812499999998 0.82763671875 0.11775520833333333 0.07251171875
0 0.25309375 0.42529296875 0.10115625 0.052703124999999997
0 0.4544270833333333 0.5244140625 0.10497395833333334 0.06021093749999999
0 0.14103125 0.45678906250000006 0.10750520833333334 0.05480859375
0 0.1447760416666667 0.4033203125 0.10595833333333333 0.053191406249999997
0 0.299640625 0.83447265625 0.08011979166666668 0.07922265625
0 0.34765625 0.578125 0.11303125 0.052953125000000004
0 0.3551458333333333 0.36352734375 0.10319270833333333 0.05358984375
0 0.87890625 0.82861328125 0.09635416666666667 0.09808203125
0 0.783203125 0.41919140625000006 0.10677083333333333 0.055207031250000003
0 0.5611979166666666 0.525390625 0.10058854166666667 0.058562499999999997
0 0.248859375 0.47509765625 0.103921875 0.05166796875
0 0.6204427083333334 0.84716796875 0.08056770833333333 0.08154296875
0 0.355796875 0.4169921875 0.103921875 0.05194140625
0 0.221515625 0.8310546875 0.07853125 0.07696484375
0 0.7766927083333334 0.47412109375 0.10677083333333333 0.057585937499999997
0 0.78125 0.36376953125 0.103515625 0.056640625
0 0.351890625 0.5205078125 0.10563020833333334 0.05706640625
0 0.8736979166666666 0.4306640625 0.07836979166666666 0.07476953125
0 0.457359375 0.41650390625 0.09863541666666667 0.053496093749999994
0 0.5615260416666668 0.46997265625000006 0.09895833333333333 0.0557265625
0 0.4586614583333333 0.3623046875 0.103921875 0.05224609375
0 0.127359375 0.7568359375 0.12272395833333333 0.06903125
0 0.6686197916666666 0.47265625 0.10319270833333333 0.0582265625
0 0.5602239583333334 0.416015625 0.09969270833333334 0.0546875
0 0.35644791666666664 0.46826171875 0.103921875 0.050812500000000003
0 0.873046875 0.5048828125 0.0765 0.06658984375
0 0.8671875 0.3583984375 0.0843125 0.0726328125
0 0.5625 0.36181640625 0.10481770833333333 0.05380078125
0 0.876953125 0.73681640625 0.10205208333333333 0.0808671875
0 0.4576822916666667 0.46899609375000006 0.09741145833333334 0.054109375
0 0.6666666666666666 0.36279296875 0.10546354166666667 0.054960937499999994
0 0.6692708333333334 0.41626171875000006 0.10335416666666666 0.054414062500000006
0 0.66959375 0.52734375 0.114734375 0.06030859374999999
0 0.8756510416666666 0.6577109375 0.10074999999999999 0.08269140625
0 0.390625 0.916015625 0.10831770833333333 0.08508203125
0 0.8802083333333334 0.9296875 0.0980625 0.10430859374999998
0 0.78125 0.93359375 0.10432812500000001 0.0894765625
0 0.10449479166666667 0.8994140625 0.096109375 0.08831640625
0 0.4921875 0.92138671875 0.083578125 0.0849609375
0 0.5797552083333334 0.92578125 0.095296875 0.0875859375
0 0.2874375 0.91259765625 0.09440104166666667 0.0856953125
0 0.19433854166666667 0.9091796875 0.095296875 0.086
0 0.6783854166666666 0.92919921875 0.09204166666666666 0.08728125