0 0.8483072916666666 0.787109375 0.09985416666666666 0.028015625
0 0.8515625 0.72509765625 0.09773958333333334 0.026503906249999997
0 0.8528645833333334 0.640625 0.09952604166666666 0.025328125
0 0.8528645833333334 0.6806640625 0.10042187500000001 0.0256640625
0 0.8483072916666666 0.82861328125 0.10221354166666667 0.027222656249999998
0 0.8515625 0.61865234375 0.10099479166666667 0.024003906250000002
0 0.8502604166666666 0.703125 0.09741145833333334 0.0263046875
0 0.5642135416666666 0.85942578125 0.09033854166666666 0.0254296875
0 0.845703125 0.3591328125 0.100015625 0.023421875
0 0.8522135416666666 0.3359375 0.09895833333333333 0.024796875
0 0.853 0.4873046875 0.09746354166666667 0.0236953125
0 0.7513020833333334 0.78466796875 0.08780729166666666 0.0270078125
0 0.47620312499999995 0.8591679687499999 0.08867708333333332 0.024109375
0 0.8541666666666666 0.31494140625 0.09895833333333333 0.0243828125
0 0.8450520833333334 0.44482421875 0.1050625 0.0243828125
0 0.849609375 0.748046875 0.09561979166666666 0.027433593750000002
0 0.8522135416666666 0.29345703125 0.09911979166666667 0.022796875
0 0.7498958333333333 0.8465234374999999 0.097296875 0.02493359375
0 0.6542447916666667 0.8625859374999999 0.092875 0.025453125
0 0.06527083333333333 0.8401015624999999 0.07551041666666666 0.02271875
0 0.7545572916666666 0.5927734375 0.09855208333333333 0.029078125
0 0.7528802083333334 0.637078125 0.09795833333333334 0.027222656249999998
0 0.6642083333333333 0.3216640625 0.0930625 0.025875
0 0.7574687499999999 0.33642578125 0.0949375 0.0244296875
0 0.853515625 0.57470703125 0.10563020833333334 0.024140625
0 0.142765625 0.80859375 0.08159374999999999 0.024003906250000002
0 0.7544895833333333 0.70122265625 0.09418229166666667 0.0246015625
0 0.8430989583333334 0.3798828125 0.10319270833333333 0.0236953125
0 0.22263020833333333 0.8484257812499999 0.081734375 0.0230390625
0 0.063109375 0.80712890625 0.07893750000000001 0.02451953125
0 0.5676249999999999 0.8008593749999999 0.08951041666666668 0.024890625
0 0.3041979166666666 0.833984375 0.08146354166666667 0.023515625000000002
0 0.3893229166666667 0.83544921875 0.08447395833333333 0.02328515625
0 0.8489583333333334 0.53076171875 0.10319270833333333 0.024003906250000002
0 0.754453125 0.61572265625 0.098265625 0.027265624999999998
0 0.564453125 0.8798828125 0.08406770833333334 0.02298046875
0 0.749625 0.53125 0.09592708333333334 0.02562109375
0 0.756234375 0.48767578125 0.0971875 0.021703125
0 0.7552083333333334 0.2939453125 0.08976041666666666 0.02461328125
0 0.85440625 0.5078125 0.09709374999999999 0.022582031250000002
0 0.066515625 0.85791015625 0.07675520833333334 0.023027343750000002
0 0.7580833333333333 0.5096093749999999 0.09917708333333333 0.021593750000000002
0 0.8528645833333334 0.270265625 0.09895833333333333 0.02409375
0 0.4768697916666667 0.64041796875 0.089765625 0.026199218749999996
0 0.756375 0.744140625 0.098765625 0.02536328125
0 0.6578072916666666 0.8046875 0.09003125000000001 0.0260625
0 0.06298958333333333 0.7705078125 0.08056770833333333 0.02517578125
0 0.3904375 0.8738164062499999 0.08458333333333333 0.02130078125
0 0.05455208333333333 0.65275390625 0.08285416666666667 0.027828125
0 0.5660833333333334 0.66015625 0.087484375 0.026414062500000002
0 0.05676041666666667 0.69287109375 0.08252083333333333 0.02615234375
0 0.22477083333333334 0.7919921875 0.08101562500000001 0.023027343750000002
0 0.6608072916666666 0.42798046875000006 0.09285416666666667 0.02284375
0 0.3925416666666666 0.7395898437499999 0.08574479166666667 0.02511328125
0 0.7545572916666666 0.67822265625 0.089109375 0.027433593750000002
0 0.5677083333333334 0.72412109375 0.08878645833333333 0.025800781249999998
0 0.137171875 0.6764765625 0.08452604166666666 0.02232421875
0 0.5686875 0.68212890625 0.08878645833333333 0.025558593750000004
0 0.06026041666666667 0.73193359375 0.07954687499999999 0.02488671875
0 0.6624114583333333 0.30079687499999996 0.09183333333333334 0.0268984375
0 0.3907447916666667 0.660515625 0.09025520833333332 0.02607421875
0 0.7556927083333334 0.2721640625 0.09888020833333333 0.0242578125
0 0.7484895833333333 0.360171875 0.09634895833333333 0.0208515625
0 0.6584791666666666 0.76444140625 0.09299479166666667 0.0263984375
0 0.4811197916666667 0.6806640625 0.09293749999999999 0.025039062499999997
0 0.6564739583333333 0.88194140625 0.09508854166666666 0.0215703125
0 0.30759375 0.8120898437499999 0.08340104166666666 0.02299609375
0 0.388671875 0.59814453125 0.08512499999999999 0.0244296875
0 0.057171875 0.57275390625 0.07983333333333334 0.02461328125
0 0.30799479166666666 0.6787890625 0.09055729166666666 0.0219453125
0 0.30466145833333336 0.8698359375000001 0.083890625 0.02128515625
0 0.5675729166666666 0.76375 0.090625 0.025285156250000003
0 0.1350104166666667 0.63671875 0.08174479166666666 0.024660156250000002
0 0.4817604166666667 0.34792578125 0.09088541666666666 0.02273046875
0 0.6513697916666668 0.4482421875 0.09073958333333333 0.02461328125
0 0.22066145833333334 0.6569453125 0.09053125 0.02194140625
0 0.052734375 0.52978515625 0.08174479166666666 0.024660156250000002
0 0.8541666666666666 0.40014843750000006 0.10058854166666667 0.024796875
0 0.13864583333333333 0.6953125 0.0806875 0.0217734375
0 0.4775729166666667 0.79764453125 0.08580208333333333 0.02278125
0 0.3932760416666667 0.33059375 0.09034895833333333 0.0215234375
0 0.9190468749999999 0.318796875 0.03523958333333333 0.07128124999999999
0 0.7591145833333334 0.40185546875 0.08845833333333333 0.02293359375
0 0.304875 0.65938671875 0.08729166666666667 0.021453125
0 0.39160416666666664 0.81640625 0.08447395833333333 0.0217734375
0 0.13943750000000002 0.575890625 0.087875 0.02325390625
0 0.3922552083333333 0.796875 0.08252083333333333 0.0225078125
0 0.57040625 0.30291796875 0.09094270833333334 0.024210937499999998
0 0.30153645833333337 0.31255078125 0.087859375 0.02203515625
0 0.8566354166666666 0.86803515625 0.0986875 0.02248046875
0 0.570640625 0.2810078125 0.08878645833333333 0.02323828125
0 0.14221354166666667 0.86284375 0.07515625000000001 0.02040625
0 0.0606875 0.31278125 0.07620833333333334 0.0212109375
0 0.05535416666666667 0.6120859375000001 0.08315625 0.02556640625
0 0.38824479166666664 0.31051953125 0.08451041666666666 0.020347656250000002
0 0.473484375 0.306125 0.08865625 0.02057421875
0 0.3883489583333333 0.5546875 0.08715625 0.02271875
0 0.22102083333333333 0.67830078125 0.08612500000000001 0.02034375
0 0.306640625 0.3335234375 0.0878125 0.022089843749999998
0 0.6514010416666667 0.38703906250000003 0.09186458333333333 0.023847656249999998
0 0.6619739583333334 0.2792890625 0.09088020833333334 0.02699609375
0 0.29922916666666666 0.29426171874999996 0.08509895833333332 0.0196875
0 0.46790625 0.28474609375000004 0.08913020833333334 0.02145703125
0 0.22519791666666666 0.75333984375 0.08471875 0.02293359375
0 0.3903020833333333 0.62060546875 0.08797395833333334 0.024335937499999998
0 0.4789791666666667 0.740234375 0.08486979166666667 0.02423046875
0 0.14054166666666665 0.31494140625 0.0806875 0.02262890625
0 0.9174895833333333 0.7344765625 0.03559895833333333 0.064625
0 0.05634895833333333 0.38940625 0.081046875 0.0217734375
0 0.1350104166666667 0.59716796875 0.08011979166666668 0.0243828125
0 0.30578125 0.73709765625 0.08690625 0.0212109375
0 0.06813020833333333 0.42798046875000006 0.07842708333333334 0.023328124999999998
0 0.21776041666666668 0.3139921875 0.08111458333333334 0.02434765625
0 0.301921875 0.61865234375 0.08512499999999999 0.0218671875
0 0.22477083333333334 0.716796875 0.07995833333333334 0.022765625
0 0.5719427083333334 0.3466796875 0.08732291666666667 0.024703125
0 0.1350104166666667 0.5341796875 0.082640625 0.02191015625
0 0.38509375 0.28833203125 0.08569270833333334 0.02284375
0 0.14396354166666667 0.7724609375 0.0806875 0.02451953125
0 0.3055364583333333 0.35359375000000004 0.08403645833333333 0.02407421875
0 0.058145833333333334 0.48999218750000006 0.08028125 0.02386328125
0 0.39160416666666664 0.49194531250000006 0.0843125 0.02267578125
0 0.22263541666666667 0.3356953125 0.0841875 0.022539062500000002
0 0.48240625000000004 0.71895703125 0.08724479166666667 0.025296875000000003
0 0.30710937499999996 0.69811328125 0.08113020833333334 0.02000390625
0 0.30946874999999996 0.77595703125 0.08471354166666667 0.02137890625
0 0.3873697916666667 0.3916015625 0.08561458333333333 0.0225078125
0 0.48277604166666666 0.3271484375 0.090875 0.021363281249999998
0 0.21921875 0.59662890625 0.084765625 0.019886718749999997
0 0.13938020833333334 0.7336796875 0.08047395833333333 0.02396875
0 0.38671875 0.47192578125000006 0.08650520833333333 0.022796875
0 0.06332291666666666 0.35140625000000003 0.084734375 0.01999609375
0 0.22415625 0.57568359375 0.08265625 0.022109375
0 0.14225520833333333 0.714125 0.08325 0.021242187500000002
0 0.3926979166666667 0.35151171875 0.08706770833333333 0.02215234375
0 0.21677083333333333 0.2942265625 0.08246354166666667 0.02018359375
0 0.3041979166666666 0.57666015625 0.08373958333333334 0.0218203125
0 0.223515625 0.35451953125 0.08346875 0.023234374999999998
0 0.3873697916666667 0.53271484375 0.08813541666666666 0.02271875
0 0.13883333333333334 0.49341015625000006 0.08191145833333334 0.02391015625
0 0.30397916666666663 0.55517578125 0.08769791666666667 0.02271875
0 0.845703125 0.46655468750000006 0.10319270833333333 0.0224140625
0 0.21716666666666665 0.6376953125 0.08361979166666668 0.0218671875
0 0.5650885416666667 0.36721484375 0.09225 0.01996484375
0 0.22459375 0.51346484375 0.08565625 0.020753906250000002
0 0.137125 0.29541015625 0.077515625 0.02165234375
0 0.05784375 0.4489375 0.08489062500000001 0.0237890625
0 0.31227083333333333 0.43133203125 0.08612500000000001 0.02348046875
0 0.397171875 0.41121093750000004 0.08580208333333333 0.021640625
0 0.7480781249999999 0.8820937499999999 0.09047916666666667 0.02319921875
0 0.14642708333333332 0.43212890625 0.08403645833333333 0.02293359375
0 0.4753072916666667 0.53212109375 0.087171875 0.0219921875
0 0.13916666666666666 0.37303515625 0.08615104166666666 0.022101562499999998
0 0.30326041666666664 0.3736640625 0.08434375 0.0237109375
0 0.918859375 0.38887890625 0.034640625 0.06995703125
0 0.3102239583333333 0.4130859375 0.08325 0.022109375
0 0.13761458333333335 0.45141796875000006 0.07922395833333334 0.02237109375
0 0.06683854166666667 0.40869140625 0.07780208333333333 0.02191015625
0 0.922421875 0.5292148437499999 0.036843749999999995 0.07124609374999999
0 0.14249479166666665 0.3349609375 0.0806875 0.02267578125
0 0.3064791666666667 0.49365234375 0.08011979166666668 0.02288671875
0 0.22405208333333335 0.49487500000000006 0.08461979166666667 0.022078125
0 0.3899739583333333 0.640625 0.08634375 0.0243828125
0 0.3014322916666667 0.5341796875 0.08296875000000001 0.0217421875
0 0.47825520833333335 0.8396132812499999 0.08992708333333334 0.023070312500000002
0 0.3081041666666666 0.513671875 0.08252083333333333 0.0218203125
0 0.21889062499999998 0.5546875 0.08361458333333333 0.021363281249999998
0 0.9212239583333334 0.24729687500000003 0.034546875 0.07155859375
0 0.9217708333333333 0.4590703125 0.037109375 0.07026171875000001
0 0.05771875 0.2926875 0.081296875 0.0225078125
0 0.22705208333333332 0.41414062500000004 0.08471354166666667 0.02080078125
0 0.389 0.45068359375 0.08569270833333334 0.021242187500000002
0 0.9253697916666667 0.870296875 0.03260416666666667 0.06623046875000001
0 0.39353645833333334 0.757890625 0.08826041666666667 0.0212890625
0 0.9205729166666666 0.5977265625 0.03609375 0.07091015625
0 0.9188958333333334 0.80319921875 0.037828125 0.07091015625
0 0.9205729166666666 0.66671875 0.03416145833333333 0.06819531250000001
0 0.06496354166666667 0.332078125 0.07373437499999999 0.020503906250000002
0 0.05886458333333333 0.369484375 0.07935416666666667 0.0171953125
0 0.14321875 0.3529921875 0.07948958333333334 0.02223828125
0 0.13855729166666667 0.38962109375 0.08113541666666667 0.024578125
0 0.147875 0.41243359375 0.083328125 0.020867187500000002
0 0.05797395833333333 0.46743750000000006 0.07894270833333333 0.022941406249999997
0 0.13821354166666666 0.47195703125 0.08181770833333334 0.02376171875
0 0.06180729166666667 0.5083828125000001 0.08113541666666667 0.021578125
0 0.05338020833333333 0.5498984375 0.08483333333333333 0.022375
0 0.05660416666666667 0.591703125 0.0803125 0.02169921875
0 0.053927083333333334 0.6328046875 0.07907812500000001 0.025785156250000003
0 0.05858854166666667 0.67316015625 0.08154687499999999 0.02426953125
0 0.05906770833333333 0.7114882812500001 0.08387499999999999 0.024859375
0 0.06098958333333333 0.7493828125 0.080859375 0.02253515625
0 0.06331770833333333 0.78755859375 0.08277604166666667 0.02179296875
0 0.06578645833333334 0.82429296875 0.07675000000000001 0.02228515625
0 0.14211979166666666 0.8465390625 0.07866666666666666 0.0205234375
0 0.14335416666666667 0.82768359375 0.07839062499999999 0.0228984375
0 0.14485937499999998 0.79115625 0.07866666666666666 0.022816406249999997
0 0.14294270833333333 0.75091015625 0.0803125 0.02353125
0 0.22572395833333334 0.7711015625 0.08140625 0.021769531249999998
0 0.22654166666666667 0.8102499999999999 0.08305208333333333 0.0240078125
0 0.22421354166666668 0.8295703124999999 0.08113541666666667 0.02153125
0 0.22215625 0.8675390625 0.079765625 0.020374999999999997
0 0.22284375 0.73378515625 0.08387499999999999 0.02319921875
0 0.13759895833333333 0.6549921875 0.083328125 0.02287890625
0 0.22332291666666665 0.6967265625 0.08620312499999999 0.0200078125
0 0.13691145833333335 0.617140625 0.07921354166666666 0.022214843749999998
0 0.21859375 0.6173984375 0.08359895833333333 0.02169921875
0 0.13855729166666667 0.555046875 0.08250520833333333 0.021367187500000002
0 0.141984375 0.5146640625 0.08113541666666667 0.0207734375
0 0.21791145833333334 0.53403125 0.08496875 0.021480468750000002
0 0.221609375 0.47292968750000003 0.08415104166666666 0.019535156249999998
0 0.221609375 0.45248046875 0.08415104166666666 0.01933984375
0 0.22805208333333335 0.43321484374999997 0.083328125 0.01925
0 0.3037708333333333 0.45258203124999996 0.08538020833333333 0.0199609375
0 0.30363541666666666 0.471234375 0.08236458333333332 0.02128515625
0 0.22181770833333334 0.37572265625 0.08044791666666667 0.01836328125
0 0.21934895833333332 0.39303515624999996 0.08428645833333334 0.0231796875
0 0.3026770833333333 0.39180078125 0.08675520833333333 0.024824218749999998
0 0.30356770833333335 0.59743359375 0.08359895833333333 0.020828125
0 0.3025364583333333 0.63815625 0.08565625 0.02415234375
0 0.3956614583333333 0.68002734375 0.08826041666666667 0.02566796875
0 0.3926458333333333 0.6998593750000001 0.08771354166666666 0.0221640625
0 0.39491145833333335 0.71986328125 0.08538020833333333 0.0241328125
0 0.307953125 0.7179609375 0.08277604166666667 0.021359375
0 0.3077447916666667 0.75625390625 0.08236458333333332 0.019828125
0 0.3092552083333333 0.7931445312500001 0.082640625 0.02165625
0 0.30603125000000003 0.84986328125 0.08579166666666667 0.0199765625
0 0.3901822916666667 0.85515625 0.08415104166666666 0.02336328125
0 0.47926562500000003 0.8171875 0.08689062500000001 0.02451953125
0 0.3945 0.77721484375 0.0831875 0.020636718749999998
0 0.4802239583333333 0.75928515625 0.08606770833333334 0.025890625
0 0.4802239583333333 0.777625 0.08606770833333334 0.024542968749999998
0 0.5695104166666667 0.78004296875 0.085109375 0.022175781250000002
0 0.5669062500000001 0.8193476562500001 0.088125 0.021640625
0 0.566359375 0.8386640625 0.08702604166666666 0.02326953125
0 0.4786458333333333 0.8777421875 0.08702604166666666 0.023308593750000002
0 0.5696458333333333 0.7416640625 0.088125 0.02251171875
0 0.6603072916666667 0.7830234375 0.08990625000000001 0.0250546875
0 0.6578385416666667 0.82273828125 0.090453125 0.02533984375
0 0.6573593750000001 0.8434921875000001 0.088125 0.02573828125
0 0.7491822916666667 0.8641992187499999 0.09086458333333333 0.02294921875
0 0.7499375 0.8257187500000001 0.09374479166666667 0.0251328125
0 0.7507604166666667 0.80475390625 0.08990625000000001 0.028433593750000003
0 0.8460104166666667 0.8879453125 0.09264583333333333 0.026242187500000003
0 0.8453229166666667 0.8479218749999999 0.09401562499999999 0.0232890625
0 0.8477239583333334 0.8080546875 0.09470312500000001 0.025777343749999997
0 0.8532031250000001 0.765921875 0.09470312500000001 0.02375
0 0.7528177083333334 0.76375 0.09264583333333333 0.02556640625
0 0.7574739583333333 0.722234375 0.096484375 0.0288828125
0 0.8532708333333333 0.59601953125 0.09894791666666666 0.022109375
0 0.848203125 0.55101171875 0.09703125 0.022546875
0 0.85409375 0.42279296874999994 0.09922395833333333 0.023078124999999998
0 0.759875 0.3143515625 0.095796875 0.022050781250000002
0 0.7446614583333333 0.38073437499999996 0.09552604166666666 0.02324609375
0 0.5735520833333333 0.3243046875 0.08908333333333333 0.01934375
0 0.6659270833333333 0.34305859375000003 0.09401562499999999 0.0229296875
0 0.6572916666666667 0.363609375 0.091546875 0.0229140625
0 0.6671614583333334 0.40575390625 0.08826041666666667 0.0249765625
0 0.7584322916666667 0.42250390624999995 0.09429166666666666 0.01941796875
0 0.7471979166666666 0.44398046874999997 0.09264583333333333 0.023308593750000002
0 0.745828125 0.465984375 0.09538541666666665 0.022093750000000002
0 0.6524947916666667 0.46886328125 0.092921875 0.023734375
0 0.47727604166666665 0.69920703125 0.08839583333333333 0.02496875
0 0.5697187499999999 0.7029062500000001 0.091 0.02414453125
0 0.47912499999999997 0.6605195312500001 0.087984375 0.026738281250000002
0 0.3925104166666667 0.57660546875 0.09017708333333332 0.02439453125
0 0.3951145833333333 0.5123515624999999 0.08716145833333333 0.0212890625
0 0.38819270833333336 0.37102734375 0.08565625 0.02028515625
0 0.47494791666666664 0.37056640625 0.08647916666666666 0.02449609375
0 0.4736458333333333 0.390859375 0.087984375 0.020890625
0 0.5616979166666667 0.3881875 0.08730208333333334 0.02376953125
0 0.48584375 0.4116171875 0.08771354166666666 0.0212890625
0 0.39676041666666667 0.43011328125 0.090453125 0.02127734375
0 0.48502083333333335 0.43134765625 0.08606770833333334 0.0196328125
0 0.57184375 0.40853515625 0.091140625 0.019234375
0 0.570609375 0.4290859375 0.09141145833333333 0.01922265625
0 0.47563020833333336 0.45107421875 0.09031770833333333 0.0220859375
0 0.4763177083333333 0.47101171875 0.08620312499999999 0.02083984375
0 0.5647135416666667 0.45153906250000003 0.08784895833333332 0.021980468750000003
0 0.5634791666666668 0.47203906250000005 0.088125 0.02289453125
0 0.5696458333333333 0.49171484374999996 0.09223437500000001 0.0221640625
0 0.4813177083333333 0.48861328125 0.08853645833333333 0.02109765625
0 0.48220833333333335 0.51091015625 0.088125 0.0184140625
0 0.6610625 0.48923046875000004 0.09689583333333333 0.022332031250000002
0 0.752953125 0.5498671875000001 0.09703125 0.0253984375
0 0.7574739583333333 0.57005859375 0.09785416666666666 0.02363671875
0 0.6611979166666667 0.510921875 0.09305729166666667 0.0194609375
0 0.5700572916666666 0.51271875 0.08894791666666667 0.024085937499999998
0 0.6549635416666667 0.534453125 0.09566145833333332 0.0233515625
0 0.6557864583333333 0.55428515625 0.09182291666666667 0.02395703125
0 0.6605833333333333 0.57637890625 0.09319270833333333 0.02496875
0 0.6592083333333334 0.59754296875 0.090453125 0.02619140625
0 0.6576354166666667 0.617546875 0.09141145833333333 0.028160156250000002
0 0.66003125 0.64041015625 0.09209895833333334 0.0276328125
0 0.7537760416666667 0.65645703125 0.09319270833333333 0.02683203125
0 0.8546458333333333 0.66041015625 0.097578125 0.025496093749999997
0 0.6587968750000001 0.6637500000000001 0.09236979166666666 0.027035156249999998
0 0.6652395833333333 0.68296484375 0.091546875 0.02640625
0 0.6596197916666667 0.7035703125 0.09401562499999999 0.025468750000000002
0 0.6620885416666666 0.7231953125 0.09346875 0.0256640625
0 0.660921875 0.74246484375 0.09251041666666666 0.02
0 0.5632760416666667 0.53390234375 0.090453125 0.0253359375
0 0.5654687500000001 0.5548671875 0.08935416666666667 0.026144531250000002
0 0.5693072916666666 0.5766484375 0.091546875 0.02448828125
0 0.566015625 0.5969453125 0.090453125 0.02498828125
0 0.568484375 0.61955078125 0.08990625000000001 0.0249765625
0 0.5693750000000001 0.63897265625 0.09031770833333333 0.0247578125
0 0.47734375 0.5530039062500001 0.09127604166666667 0.02241796875
0 0.4802239583333333 0.574734375 0.08880729166666666 0.021687500000000002
0 0.47851041666666666 0.5963125 0.08675520833333333 0.02373046875
0 0.4770729166666667 0.6193828124999999 0.09072916666666667 0.02361328125