0 0.9101354166666666 0.52646875 0.14910416666666665 0.0808515625
0 0.9176666666666667 0.67499609375 0.14461979166666666 0.078171875
0 0.9029375000000001 0.751953125 0.15278645833333335 0.0751953125
0 0.49414583333333334 0.5276796874999999 0.13510416666666666 0.069703125
0 0.6116614583333334 0.45394921874999994 0.13469791666666667 0.0777578125
0 0.487640625 0.74530078125 0.135359375 0.0726953125
0 0.637296875 0.8226015625 0.13926041666666666 0.07476953125
0 0.10799479166666666 0.49219140625 0.10083333333333333 0.098578125
0 0.6324583333333333 0.6728515625 0.13983333333333334 0.06817578125
0 0.11422395833333333 0.5889296875000001 0.10311979166666667 0.09516015625
0 0.119140625 0.6849999999999999 0.09814583333333333 0.09808984375
0 0.7586979166666666 0.7516171875000001 0.14125520833333333 0.07183984375
0 0.7686145833333333 0.5267890625 0.1426875 0.07647265625
0 0.7734322916666667 0.6775820312499999 0.14358854166666665 0.0700703125
0 0.7798125 0.8267421875000001 0.138734375 0.07875390625
0 0.48026562500000003 0.600421875 0.12947395833333333 0.07283984375
0 0.9075520833333334 0.36767578125 0.14990104166666668 0.0755625
0 0.8977864583333334 0.44580078125 0.16650520833333332 0.0770859375
0 0.21484375 0.3151875 0.13330208333333332 0.076109375
0 0.47363541666666664 0.455078125 0.1258125 0.07501171875
0 0.62903125 0.37459375 0.14038541666666668 0.0801015625
0 0.7643229166666666 0.3728046875 0.127359375 0.076109375
0 0.6100260416666666 0.60107421875 0.12890625 0.07055859375
0 0.36328125 0.52978515625 0.13053645833333333 0.06915234375
0 0.6201197916666668 0.74755859375 0.1285 0.072875
0 0.9108072916666666 0.289796875 0.1462395833333333 0.08312890625
0 0.49654166666666666 0.671875 0.12971354166666668 0.0692734375
0 0.3463541666666667 0.45923046875000006 0.12874479166666666 0.07275390625
0 0.7509739583333332 0.60392578125 0.15102083333333333 0.07473437499999999
0 0.76171875 0.2958984375 0.13102083333333334 0.08251953125
0 0.35058854166666664 0.60205078125 0.12711458333333334 0.06780859375
0 0.22981770833333334 0.7412109375 0.12874479166666666 0.06951953125
0 0.47949479166666664 0.3044453125 0.13525520833333332 0.07837109375
0 0.23844270833333334 0.87890625 0.12467708333333333 0.073546875
0 0.35058854166666664 0.31005859375 0.13932291666666666 0.07965234375
0 0.6242291666666666 0.52580078125 0.13272916666666668 0.0769296875
0 0.10205208333333333 0.39380078125 0.09578645833333334 0.09417578125
0 0.37402604166666664 0.81591796875 0.12784895833333335 0.0713515625
0 0.24088541666666666 0.81201171875 0.13615104166666667 0.07147265625
0 0.21923958333333332 0.46069531250000006 0.131265625 0.070921875
0 0.35840104166666664 0.3845234375 0.13403125 0.073546875
0 0.7584739583333333 0.89697265625 0.13161458333333334 0.07366796875
0 0.4899114583333333 0.3806171875 0.12801041666666665 0.074890625
0 0.22298437499999998 0.3884296875 0.14201041666666667 0.07305859375
0 0.36230729166666664 0.88427734375 0.12874479166666666 0.07342578125
0 0.3655625 0.673828125 0.123375 0.0676875
0 0.9069010416666666 0.6015625 0.16390104166666666 0.06903125
0 0.6200208333333334 0.298421875 0.14413020833333334 0.0856171875
0 0.22786458333333334 0.60009765625 0.13265104166666666 0.06598046875
0 0.503703125 0.817546875 0.12930729166666668 0.0726328125
0 0.3606666666666667 0.7422695312500001 0.12628125 0.06917187500000001
0 0.6188072916666666 0.8905429687499999 0.13275 0.07688671875
0 0.9036458333333334 0.900390625 0.15755208333333334 0.07409765625
0 0.123375 0.7734375 0.090578125 0.09039453125
0 0.23063020833333334 0.533203125 0.13956770833333335 0.06719921875
0 0.23519791666666665 0.66853515625 0.14203125 0.072046875
0 0.49143749999999997 0.8876953125 0.125609375 0.073546875
0 0.129640625 0.86572265625 0.09594791666666666 0.09332421875
0 0.7462968750000001 0.4510078125 0.14413020833333334 0.07694140625
0 0.09757291666666666 0.29610546875 0.08845833333333333 0.10038671875
0 0.9167864583333334 0.8280820312499999 0.15527083333333333 0.08003906250000001