0 0.514 0.8466796875 0.13053645833333333 0.076109375
0 0.6524375 0.849609375 0.140640625 0.0755625
0 0.9010416666666666 0.41333203125000006 0.103515625 0.0974140625
0 0.7808854166666667 0.4070625 0.13605208333333335 0.0702265625
0 0.7825520833333334 0.70068359375 0.12784895833333335 0.07421875
0 0.383140625 0.8447265625 0.13077604166666668 0.0751953125
0 0.7830104166666667 0.3338515625 0.13389062499999999 0.07187109375
0 0.7863177083333334 0.85107421875 0.13633854166666665 0.07641796875
0 0.6341302083333333 0.62548828125 0.135609375 0.07366796875
0 0.4977239583333333 0.77197265625 0.13240625 0.07922265625
0 0.7755 0.481640625 0.15240104166666668 0.07320703125
0 0.77825 0.624890625 0.15374479166666666 0.07394140625
0 0.7853958333333334 0.5538203125 0.14093750000000002 0.0648515625
0 0.9049479166666666 0.61328125 0.10131770833333334 0.0935078125
0 0.513671875 0.69580078125 0.12825520833333334 0.07251171875
0 0.7752187500000001 0.77501171875 0.14854166666666666 0.07211328125000001
0 0.5172552083333334 0.40478515625 0.131671875 0.073546875
0 0.6336197916666666 0.775390625 0.13394270833333335 0.07598828125
0 0.6482552083333334 0.40698437500000006 0.13055729166666666 0.0713515625
0 0.3649114583333333 0.77099609375 0.1350104166666667 0.07464453125
0 0.9055989583333334 0.8125 0.10131770833333334 0.0974140625
0 0.6502395833333333 0.33537109374999996 0.13071875 0.07516015625
0 0.5133489583333334 0.3330078125 0.13191666666666665 0.0726328125
0 0.24853645833333332 0.84423828125 0.12915104166666666 0.0739765625
0 0.3756510416666667 0.6220703125 0.129640625 0.0700703125
0 0.23421354166666666 0.76904296875 0.13289583333333332 0.0738515625
0 0.6490677083333334 0.55420703125 0.13089583333333332 0.0728359375
0 0.4973958333333333 0.6220703125 0.12467708333333333 0.07251171875
0 0.11824479166666667 0.40356640625000006 0.14705208333333333 0.07159375
0 0.5087916666666666 0.4775390625 0.127359375 0.069640625
0 0.9055989583333334 0.7127343749999999 0.10245833333333333 0.09856640625
0 0.90346875 0.31396484375 0.10476041666666666 0.10034375
0 0.24283854166666666 0.62060546875 0.13330208333333332 0.07080078125
0 0.10058854166666667 0.7685546875 0.13305729166666666 0.07159375
0 0.5153020833333334 0.5498046875 0.12491666666666666 0.06817578125
0 0.648875 0.69916796875 0.136203125 0.075890625
0 0.390625 0.40600781250000006 0.12670833333333334 0.0712265625
0 0.3763020833333333 0.4765625 0.129640625 0.0680546875
0 0.258140625 0.40625 0.13077604166666668 0.071046875
0 0.37988541666666664 0.69580078125 0.130046875 0.06951953125
0 0.1050625 0.62109375 0.137125 0.07019140625
0 0.24446874999999998 0.33154296875 0.13566145833333335 0.0731796875
0 0.24348958333333334 0.4755859375 0.13289583333333332 0.0676875
0 0.3824895833333333 0.332765625 0.13289583333333332 0.0733046875
0 0.6339479166666667 0.9205195312500001 0.12743229166666667 0.07345703125
0 0.11027083333333333 0.32861328125 0.13427604166666668 0.07208203125
0 0.4986979166666667 0.91943359375 0.13403125 0.0751953125
0 0.11124479166666666 0.47534375000000006 0.1345208333333333 0.0703125
0 0.3688177083333333 0.91845703125 0.133546875 0.07476953125
0 0.7761510416666667 0.9232304687499999 0.15736458333333334 0.07577734375
0 0.109703125 0.8408203125 0.14225520833333333 0.0731796875
0 0.9045208333333333 0.514453125 0.10290104166666666 0.09647265625
0 0.251359375 0.6954765625 0.13259895833333332 0.0714375
0 0.9029947916666666 0.9140625 0.10058854166666667 0.09875390625
0 0.10986458333333333 0.693359375 0.14371875 0.06561328125
0 0.10115625 0.9130859375 0.130046875 0.07464453125
0 0.6365677083333333 0.47998046875 0.13633333333333333 0.0700703125
0 0.23535416666666667 0.916015625 0.12988541666666667 0.076109375
0 0.25823958333333336 0.54943359375 0.13886979166666666 0.07036328124999999
0 0.38775 0.55030078125 0.13829166666666665 0.07161328125000001
0 0.11653645833333333 0.54833984375 0.14705208333333333 0.0654921875