0 0.20027083333333331 0.77001953125 0.09902604166666666 0.02333203125
0 0.100265625 0.673203125 0.09432812500000001 0.028652343749999996
0 0.4832708333333333 0.35086328125 0.112625 0.020953125
0 0.6181822916666667 0.8672226562500001 0.11298958333333334 0.02272265625
0 0.29469791666666667 0.7177734375 0.10576041666666666 0.022078125
0 0.19696875 0.7158203125 0.09958854166666667 0.02288671875
0 0.5088541666666667 0.84228515625 0.10981250000000001 0.026960937499999997
0 0.6200156250000001 0.8493124999999999 0.11120833333333334 0.03186328125
0 0.7370052083333333 0.87384765625 0.12004166666666666 0.025894531250000002
0 0.6220364583333333 0.9052929687500001 0.11280729166666667 0.023953125
0 0.08599479166666667 0.42532421875 0.088734375 0.01887890625
0 0.6186458333333333 0.8296445312499999 0.11563541666666667 0.02290234375
0 0.4025104166666667 0.83339453125 0.10531249999999999 0.0219609375
0 0.7237656250000001 0.5968554687500001 0.12725520833333334 0.02519140625
0 0.513296875 0.8798476562499999 0.10906770833333333 0.02345703125
0 0.7303958333333332 0.81037109375 0.11570833333333333 0.024875
0 0.20143229166666668 0.7880859375 0.09486458333333332 0.02456640625
0 0.4069114583333333 0.872734375 0.10328645833333333 0.026257812499999998
0 0.4039114583333333 0.8522070312500001 0.10641145833333333 0.026558593749999998
0 0.48347395833333334 0.3310546875 0.11001562499999999 0.0237265625
0 0.19888541666666668 0.7517968749999999 0.09957291666666666 0.022941406249999997
0 0.29324999999999996 0.69921875 0.10221354166666667 0.0205234375
0 0.5961875 0.32658984375 0.11451041666666667 0.02679296875
0 0.7256041666666667 0.76853515625 0.11650520833333333 0.02462109375
0 0.7355208333333334 0.8518945312499999 0.12455729166666667 0.028249999999999997
0 0.09476562499999999 0.6359179687500001 0.09683854166666667 0.02607421875
0 0.10320833333333333 0.7101367187500001 0.09622916666666666 0.027785156249999998
0 0.7278125000000001 0.7268945312499999 0.11265104166666666 0.02588671875
0 0.48056770833333334 0.3708515625 0.11600520833333333 0.022582031250000002
0 0.28699479166666664 0.6202929687500001 0.10377604166666667 0.02412109375
0 0.48509895833333333 0.3909375 0.10641145833333333 0.02509765625
0 0.7190833333333334 0.40270703125 0.117203125 0.0342890625
0 0.292390625 0.67919921875 0.10496875 0.02423046875
0 0.61075 0.7041015625 0.11003645833333334 0.026765624999999998
0 0.49242708333333335 0.44946484375000006 0.1066875 0.023027343750000002
0 0.18578645833333332 0.50244140625 0.1005 0.02386328125
0 0.7382708333333333 0.9127890624999999 0.11806770833333333 0.03075
0 0.7266979166666666 0.7473828124999999 0.11634895833333332 0.025789062499999998
0 0.49193749999999997 0.4716796875 0.10838541666666666 0.023027343750000002
0 0.615484375 0.8077734375000001 0.11386458333333334 0.03003515625
0 0.09053645833333333 0.57763671875 0.09546354166666667 0.0237265625
0 0.49038541666666663 0.43244140625 0.10780208333333333 0.02294921875
0 0.3989322916666667 0.7571484374999999 0.10303645833333334 0.02272265625
0 0.4059427083333333 0.8898046875000001 0.100796875 0.025687500000000002
0 0.5125364583333334 0.9186328125 0.10808333333333334 0.03008984375
0 0.7282395833333334 0.7044335937499999 0.12278125000000001 0.02390234375
0 0.385109375 0.5359570312499999 0.103140625 0.021609375
0 0.6013385416666667 0.5154687499999999 0.11584375 0.02199609375
0 0.7394270833333334 0.8918984375000001 0.11989583333333333 0.024531249999999998
0 0.18374479166666668 0.5416601562500001 0.09949999999999999 0.024085937499999998
0 0.27661458333333333 0.34333203125 0.10144270833333334 0.0228125
0 0.38251041666666663 0.43610546875 0.10323958333333333 0.0270390625
0 0.7180416666666667 0.38015625000000003 0.11725520833333333 0.033847656250000004
0 0.4931302083333333 0.51318359375 0.11220833333333333 0.022203125
0 0.9320572916666666 0.7419453125000001 0.032713541666666665 0.08917968750000001
0 0.7274791666666667 0.66013671875 0.12120833333333333 0.02305078125
0 0.7301875 0.79001953125 0.11539583333333334 0.02497265625
0 0.7348177083333333 0.8313867187499999 0.12102083333333334 0.0285703125
0 0.0871875 0.48315625000000006 0.09648958333333332 0.02427734375
0 0.387234375 0.45512890625 0.10910937500000001 0.02619140625
0 0.18178645833333332 0.521484375 0.09672916666666667 0.0217421875
0 0.7237760416666668 0.5100781249999999 0.11755208333333332 0.03002734375
0 0.7218645833333334 0.4225546875 0.12072916666666668 0.034898437500000004
0 0.7191927083333333 0.336984375 0.114875 0.0321484375
0 0.7397604166666666 0.93328125 0.11355208333333335 0.03125
0 0.2951875 0.73629296875 0.1046875 0.02020703125
0 0.7244166666666667 0.53322265625 0.1231875 0.02931640625
0 0.7287395833333333 0.681640625 0.11674479166666667 0.02284375
0 0.93359375 0.8277578125 0.03540104166666667 0.0844140625
0 0.19806249999999997 0.7342187499999999 0.09754166666666667 0.02417578125
0 0.721765625 0.5548984375 0.12788541666666667 0.02982421875
0 0.7165364583333333 0.31553515625 0.11755729166666667 0.037101562500000004
0 0.6030833333333334 0.49232421875 0.11621875 0.0193203125
0 0.7214895833333334 0.48791406249999997 0.119421875 0.031757812499999996
0 0.93296875 0.6520234375 0.03510416666666667 0.08975
0 0.7201614583333333 0.44557421875000003 0.11729687500000001 0.0350078125
0 0.92515625 0.3813203125 0.040130208333333334 0.093390625
0 0.48956770833333335 0.49283203125 0.11105208333333333 0.025046875000000003
0 0.7218645833333334 0.46452734375000004 0.116578125 0.02915625
0 0.29690625 0.7936132812500001 0.0991875 0.02422265625
0 0.6216354166666667 0.88525390625 0.11501562500000001 0.0260625
0 0.9248958333333334 0.47327734374999997 0.035708333333333335 0.092796875
0 0.9232760416666667 0.28925390625 0.036359375 0.09456250000000001
0 0.928828125 0.5617656249999999 0.035166666666666666 0.0884375
0 0.8524166666666667 0.70514453125 0.13379166666666667 0.027710937499999998
0 0.288609375 0.6370703125 0.10288541666666666 0.02083984375
0 0.5134479166666667 0.8987695312499999 0.10708854166666668 0.0247578125
0 0.50053125 0.67770703125 0.109703125 0.02634375
0 0.3001302083333333 0.88818359375 0.09773958333333334 0.027222656249999998
0 0.10408333333333333 0.7294921875 0.08992708333333334 0.025328125
0 0.85546875 0.8369140625 0.12621875 0.02981640625
0 0.2768541666666666 0.4013671875 0.10147916666666666 0.02360546875
0 0.3002916666666666 0.8515625 0.09846875000000001 0.02655078125
0 0.39941666666666664 0.79541015625 0.10221354166666667 0.025269531249999998
0 0.8587239583333334 0.92041015625 0.12247916666666667 0.0341796875
0 0.3012708333333334 0.869140625 0.10042187500000001 0.026261718750000003
0 0.85546875 0.87890625 0.121421875 0.02914453125
0 0.3977864583333333 0.814453125 0.09822395833333333 0.026109375
0 0.09472916666666667 0.61767578125 0.09090104166666667 0.024660156250000002
0 0.384765625 0.39599609375 0.106203125 0.02655078125
0 0.6240260416666668 0.92431640625 0.11507291666666666 0.0313125
0 0.6009114583333334 0.3903828125 0.11572395833333333 0.024003906250000002
0 0.19466145833333334 0.6787109375 0.09309895833333333 0.024003906250000002
0 0.275390625 0.36279296875 0.10172395833333334 0.02418359375
0 0.3032239583333334 0.8125 0.09700520833333333 0.02655078125
0 0.6110052083333334 0.43237500000000006 0.12801041666666665 0.025222656249999996
0 0.3984375 0.77880859375 0.10042187500000001 0.025710937499999996
0 0.178875 0.34790234375 0.09358854166666666 0.02194140625
0 0.2838541666666667 0.48095703125 0.10432812500000001 0.023558593750000002
0 0.10115625 0.74560546875 0.090578125 0.02661328125
0 0.849609375 0.7294921875 0.13403125 0.029707031249999998
0 0.20638020833333334 0.82763671875 0.091390625 0.02517578125
0 0.10677083333333333 0.78662109375 0.09188020833333334 0.027480468749999997
0 0.19189583333333332 0.6396484375 0.09423958333333333 0.02284375
0 0.597984375 0.349609375 0.11067708333333333 0.025710937499999996
0 0.3020833333333333 0.9052734375 0.09846875000000001 0.025957031250000002
0 0.8515625 0.7958984375 0.13142708333333333 0.02914453125
0 0.8509114583333334 0.66259765625 0.131265625 0.02752734375
0 0.176921875 0.36645703125 0.09188020833333334 0.02215625
0 0.09073958333333333 0.52099609375 0.092203125 0.023195312500000002
0 0.5045572916666666 0.80029296875 0.10245833333333333 0.026960937499999997
0 0.18343229166666666 0.599609375 0.09472916666666667 0.02165234375
0 0.18538541666666666 0.57958984375 0.09342708333333333 0.0211640625
0 0.176921875 0.38671875 0.09122916666666667 0.0211640625
0 0.8600260416666666 0.94384765625 0.12166145833333333 0.031203124999999998
0 0.11222395833333333 0.82275390625 0.08927604166666667 0.02665625
0 0.08174479166666666 0.37133984375 0.09155208333333334 0.023027343750000002
0 0.6064479166666668 0.45385937500000006 0.119875 0.0243828125
0 0.18379166666666666 0.56005859375 0.09797395833333335 0.02224609375
0 0.27571875 0.38330078125 0.09911979166666667 0.02461328125
0 0.2766927083333333 0.42260937500000006 0.10147916666666666 0.0231484375
0 0.0843125 0.3513203125 0.09204166666666666 0.0237734375
0 0.8483072916666666 0.576171875 0.12915104166666666 0.024046875000000002
0 0.3805364583333333 0.3759765625 0.10522395833333334 0.027375
0 0.3834635416666667 0.41821484375000006 0.10432812500000001 0.025558593750000004
0 0.18017708333333332 0.4248046875 0.09651562500000001 0.0224140625
0 0.6139322916666666 0.7470703125 0.11303645833333334 0.027742187499999998
0 0.20654166666666668 0.86474609375 0.09073958333333333 0.025511718750000002
0 0.11466666666666667 0.8720703125 0.08845833333333333 0.027175781249999996
0 0.08585416666666666 0.38916015625 0.09073958333333333 0.023027343750000002
0 0.2819010416666667 0.54052734375 0.100015625 0.02237109375
0 0.3805364583333333 0.35546875 0.106203125 0.02887109375
0 0.2807604166666666 0.49975781250000006 0.10733854166666666 0.0224140625
0 0.17903645833333334 0.40600781250000006 0.09440104166666667 0.020890625
0 0.178875 0.44311718750000006 0.09423958333333333 0.022765625
0 0.08780729166666666 0.49951171875 0.09090104166666667 0.024046875000000002
0 0.08878645833333333 0.46411328125000006 0.09171354166666666 0.0231484375
0 0.08732291666666667 0.40673828125 0.09025 0.02232421875
0 0.3971354166666667 0.71728515625 0.096109375 0.023195312500000002
0 0.20328645833333334 0.84521484375 0.08813541666666666 0.0236953125
0 0.20735937499999998 0.880859375 0.09269270833333333 0.03050390625
0 0.2810885416666667 0.51904296875 0.09969270833333334 0.02293359375
0 0.8404947916666666 0.349609375 0.12646354166666668 0.0313125
0 0.8580729166666666 0.90087890625 0.120359375 0.02975390625
0 0.8515625 0.685546875 0.13216145833333334 0.028976562500000004
0 0.6028645833333334 0.47314453125 0.11426041666666667 0.02395703125
0 0.20931249999999998 0.900390625 0.08813541666666666 0.026000000000000002
0 0.2805989583333333 0.44311718750000006 0.10278125 0.0225078125
0 0.6171875 0.787109375 0.11637499999999999 0.029207031249999998
0 0.0894375 0.55810546875 0.0910625 0.02284375
0 0.8522135416666666 0.75390625 0.13216145833333334 0.02914453125
0 0.39453125 0.67919921875 0.10058854166666667 0.026000000000000002
0 0.10733854166666666 0.765625 0.09073958333333333 0.024660156250000002
0 0.3824895833333333 0.49682812500000006 0.09879687499999999 0.0237734375
0 0.184734375 0.482421875 0.09741145833333334 0.025757812499999998
0 0.11303645833333334 0.8544921875 0.08715625 0.026457031250000002
0 0.6012395833333334 0.3671875 0.10677083333333333 0.025558593750000004
0 0.18033854166666666 0.46264843750000006 0.09757291666666666 0.0225078125
0 0.84765625 0.52978515625 0.12988541666666667 0.024660156250000002
0 0.8444010416666666 0.42065625000000006 0.12939583333333332 0.027847656250000002
0 0.4069010416666667 0.90869140625 0.09879687499999999 0.025511718750000002
0 0.11572395833333333 0.89013671875 0.088625 0.0270703125
0 0.37988541666666664 0.3359375 0.10888541666666667 0.028761718749999998
0 0.849609375 0.6181640625 0.12801041666666665 0.02427734375
0 0.8430989583333334 0.3037109375 0.13029166666666667 0.029984375
0 0.6017760416666668 0.55930859375 0.11907812499999999 0.02377734375
0 0.8561197916666666 0.85791015625 0.12247916666666667 0.027433593750000002
0 0.8411458333333334 0.37255859375 0.12670833333333334 0.02880859375
0 0.8463541666666666 0.48559765625000006 0.1285 0.0250859375
0 0.8430989583333334 0.44140625 0.12711458333333334 0.02810546875
0 0.6020625000000001 0.537109375 0.117046875 0.021117187500000002
0 0.8483072916666666 0.59716796875 0.131671875 0.02267578125
0 0.8404947916666666 0.328859375 0.127359375 0.028335937500000002
0 0.92871875 0.9120312500000001 0.03224479166666667 0.085875
0 0.8424479166666666 0.4619140625 0.12491666666666666 0.025421875
0 0.8463541666666666 0.55322265625 0.12801041666666665 0.02346875
0 0.8411458333333334 0.39599609375 0.12621875 0.02615234375
0 0.7152968749999999 0.35726171875 0.11766666666666666 0.03240234375
0 0.6029375 0.40966796875 0.112359375 0.024410156250000002
0 0.49102083333333335 0.41257031250000004 0.10616666666666667 0.01860546875
0 0.84878125 0.50709375 0.12275520833333334 0.021863281249999998
0 0.38783854166666665 0.47357421874999994 0.10461979166666667 0.0278125
0 0.28454687500000003 0.45939453124999996 0.10329166666666666 0.024335937499999998
0 0.088140625 0.44444921875 0.09134895833333333 0.0160078125
0 0.38396875 0.51517578125 0.1079375 0.02309375
0 0.2844375 0.55962109375 0.10351041666666667 0.025722656249999996
0 0.2832239583333333 0.5790234375 0.0993125 0.0213984375
0 0.2849895833333333 0.599421875 0.10461979166666667 0.0190625
0 0.09013020833333334 0.53996875 0.095328125 0.0199296875
0 0.09156770833333333 0.59679296875 0.091125 0.02044140625
0 0.18866666666666668 0.6189296875 0.09599479166666666 0.01993359375
0 0.096546875 0.65309375 0.09223437500000001 0.02190234375
0 0.10130208333333333 0.6876953125 0.08935937499999999 0.02308984375
0 0.11047916666666667 0.80278515625 0.095328125 0.02103125
0 0.11335416666666666 0.8376093750000001 0.09179166666666667 0.024328125
0 0.191875 0.65751171875 0.10063541666666667 0.0224453125
0 0.29041145833333337 0.656765625 0.10483854166666666 0.02261328125
0 0.19673958333333333 0.6941601562499999 0.09090625 0.02607421875
0 0.20426041666666667 0.8056015625 0.09355729166666667 0.0233515625
0 0.29759895833333333 0.7533671875 0.10196354166666667 0.021726562499999998
0 0.29826041666666664 0.77359765625 0.09886979166666668 0.022375
0 0.30124999999999996 0.82998046875 0.098203125 0.022339843749999998
0 0.8538697916666667 0.77302734375 0.12629166666666666 0.026207031250000002
0 0.855859375 0.81605859375 0.12585416666666666 0.027675781249999996
0 0.5086041666666666 0.8615 0.11258333333333333 0.025656250000000002
0 0.611234375 0.76477734375 0.11214062500000001 0.02630078125
0 0.6122291666666667 0.7247265625 0.11191666666666666 0.024167968749999998
0 0.723703125 0.573734375 0.12253645833333333 0.0224375
0 0.8512135416666666 0.6389101562499999 0.12761979166666668 0.023390625
0 0.7275729166666667 0.6179296875 0.12717708333333333 0.02290625
0 0.7283489583333334 0.63973828125 0.11855208333333334 0.021734375
0 0.3943645833333333 0.694796875 0.09643229166666667 0.019046874999999998
0 0.39757291666666666 0.73600390625 0.10063541666666667 0.02681640625
0 0.507390625 0.81784375 0.10572395833333334 0.026265624999999997
0 0.5070572916666667 0.777828125 0.10727083333333334 0.02751953125
0 0.5031875 0.75684765625 0.10616666666666667 0.027035156249999998
0 0.5021927083333334 0.73926953125 0.10638541666666666 0.0250546875
0 0.5023020833333333 0.7187890625 0.10439583333333333 0.0288828125
0 0.49787499999999996 0.6975625 0.10439583333333333 0.026242187500000003
0 0.4923489583333333 0.53369140625 0.10660937499999999 0.02529296875
0 0.490359375 0.55433984375 0.10705208333333333 0.0251171875
0 0.492125 0.5745703125 0.11058854166666668 0.025765624999999997
0 0.493453125 0.597125 0.10439583333333333 0.02442578125
0 0.49721354166666665 0.6161953125 0.10749479166666666 0.02607421875
0 0.49831770833333333 0.63493359375 0.10528124999999999 0.0270546875
0 0.49876041666666665 0.65873046875 0.10616666666666667 0.029859375
0 0.3845208333333333 0.5564140625 0.10107812499999999 0.02096875
0 0.3859583333333333 0.5763125 0.10174479166666667 0.02095703125
0 0.388171875 0.5955507812499999 0.10616666666666667 0.0196171875
0 0.3895 0.61611328125 0.10882291666666667 0.02093359375
0 0.39303645833333334 0.6370078125 0.10705208333333333 0.02291015625
0 0.39403125 0.6569921875 0.10682812500000001 0.021406249999999998
0 0.6024947916666666 0.5780546875 0.11457291666666666 0.02278125
0 0.6022760416666666 0.59977734375 0.109703125 0.02309765625
0 0.6083593749999999 0.62034375 0.115234375 0.024410156250000002
0 0.6133333333333333 0.6409882812500001 0.11413020833333333 0.024234375
0 0.6093541666666666 0.662796875 0.11501562500000001 0.023058593750000002
0 0.6104583333333333 0.6829453125 0.11280208333333334 0.025203125