0 0.3038461538461538 0.7933894230769231 0.14615384615384616 0.12572115384615384
0 0.31314102564102564 0.6759615384615385 0.1391025641025641 0.1110576923076923
0 0.6838141025641026 0.4871394230769231 0.11570512820512821 0.09302884615384616
0 0.5665064102564102 0.3933894230769231 0.11698717948717949 0.09591346153846154
0 0.5727564102564102 0.575 0.12179487179487179 0.10240384615384615
0 0.44887820512820514 0.5668269230769231 0.12916666666666668 0.10673076923076923
0 0.6748397435897436 0.40108173076923076 0.11057692307692307 0.08966346153846154
0 0.8245192307692307 0.7954326923076923 0.11634615384615385 0.11057692307692307
0 0.5810897435897436 0.7919471153846154 0.13012820512820514 0.12379807692307693
0 0.6969551282051282 0.6849759615384615 0.12403846153846154 0.1045673076923077
0 0.23733974358974358 0.2996394230769231 0.12916666666666668 0.06322115384615384
0 0.4495192307692308 0.3861778846153846 0.11955128205128206 0.09495192307692307
0 0.3283653846153846 0.4719951923076923 0.12532051282051282 0.0920673076923077
0 0.7084935897435898 0.7932692307692307 0.13365384615384615 0.12067307692307692
0 0.1578525641025641 0.7945913461538462 0.1503205128205128 0.1233173076923077
0 0.5745192307692307 0.6754807692307693 0.12532051282051282 0.10673076923076923
0 0.31987179487179485 0.5694711538461539 0.13525641025641025 0.10625
0 0.6895833333333333 0.5820913461538462 0.12275641025641025 0.09975961538461539
0 0.17083333333333334 0.6731971153846154 0.14935897435897436 0.115625
0 0.6381410256410256 0.3233173076923077 0.1141025641025641 0.06923076923076923
0 0.5661858974358974 0.4807692307692308 0.11826923076923077 0.0985576923076923
0 0.7886217948717948 0.4969951923076923 0.11826923076923077 0.09495192307692307
0 0.21330128205128204 0.3765625 0.1330128205128205 0.09927884615384615
0 0.4423076923076923 0.7902644230769231 0.13782051282051283 0.12524038461538461
0 0.8139423076923077 0.6854567307692307 0.12147435897435897 0.10264423076923077
0 0.4443910256410256 0.6756009615384615 0.13557692307692307 0.11370192307692308
0 0.3328525641025641 0.38317307692307695 0.12788461538461537 0.09711538461538462
0 0.8011217948717949 0.5853365384615384 0.12275641025641025 0.10096153846153846
0 0.5145833333333333 0.31598557692307694 0.11955128205128206 0.06947115384615385
0 0.4514423076923077 0.4748798076923077 0.12211538461538461 0.09350961538461539
0 0.7798076923076923 0.4106971153846154 0.11538461538461539 0.090625
0 0.7567307692307692 0.33389423076923075 0.11730769230769231 0.07211538461538461
0 0.20016025641025642 0.4674278846153846 0.13557692307692307 0.09975961538461539
0 0.19134615384615383 0.5651442307692308 0.14038461538461539 0.10913461538461539
0 0.37580128205128205 0.30252403846153847 0.1330128205128205 0.07860576923076923