0 0.7375 0.8256009615384615 0.13397435897435897 0.11947115384615385
0 0.1625 0.7350961538461539 0.14615384615384616 0.12548076923076923
0 0.16025641025641027 0.614423076923077 0.14807692307692308 0.12259615384615384
0 0.15625 0.4941105769230769 0.1483974358974359 0.11947115384615385
0 0.8604166666666667 0.7051682692307693 0.13173076923076923 0.11899038461538461
0 0.5988782051282051 0.8330528846153846 0.1375 0.12235576923076923
0 0.715224358974359 0.48028846153846155 0.13237179487179487 0.11586538461538462
0 0.8451923076923077 0.4793269230769231 0.12692307692307692 0.11346153846153846
0 0.5834935897435898 0.6010817307692308 0.1375 0.11514423076923076
0 0.16762820512820512 0.8560096153846154 0.14487179487179488 0.12548076923076923
0 0.3004807692307692 0.4913461538461538 0.14262820512820512 0.11923076923076924
0 0.30528846153846156 0.6103365384615385 0.14326923076923076 0.12259615384615384
0 0.5814102564102565 0.36899038461538464 0.13782051282051283 0.11826923076923077
0 0.4411858974358974 0.4875 0.1375 0.11826923076923077
0 0.5818910256410257 0.48701923076923076 0.13365384615384615 0.11826923076923077
0 0.4461538461538462 0.6045673076923077 0.1371794871794872 0.11826923076923077
0 0.1889423076923077 0.2639423076923077 0.1605769230769231 0.1
0 0.4581730769230769 0.8420673076923076 0.1407051282051282 0.12067307692307692
0 0.5142628205128205 0.25997596153846153 0.15352564102564104 0.09879807692307692
0 0.45240384615384616 0.7219951923076923 0.14006410256410257 0.12379807692307693
0 0.3145833333333333 0.8489182692307692 0.14711538461538462 0.12091346153846154
0 0.8174679487179487 0.26177884615384617 0.1516025641025641 0.09903846153846153
0 0.5921474358974359 0.7176682692307692 0.13814102564102565 0.12139423076923077
0 0.4424679487179487 0.36778846153846156 0.14134615384615384 0.12163461538461538
0 0.7144230769230769 0.36622596153846154 0.1294871794871795 0.11274038461538462
0 0.8496794871794872 0.5912259615384615 0.12884615384615383 0.11322115384615385
0 0.8424679487179487 0.36670673076923077 0.1266025641025641 0.11129807692307692
0 0.8693910256410257 0.8193509615384615 0.12403846153846154 0.11466346153846153
0 0.6682692307692307 0.2631009615384615 0.14166666666666666 0.09399038461538461
0 0.15400641025641026 0.3739182692307692 0.14775641025641026 0.12283653846153846
0 0.29935897435897435 0.371875 0.14423076923076922 0.12067307692307692
0 0.7185897435897436 0.5943509615384616 0.1326923076923077 0.11466346153846153
0 0.7277243589743589 0.7085336538461539 0.13557692307692307 0.11899038461538461
0 0.30977564102564104 0.7300480769230769 0.14455128205128207 0.12692307692307692
0 0.350801282051282 0.2614182692307692 0.1625 0.10072115384615385