0 0.8426666666666667 0.62075 0.10066666666666667 0.0925
0 0.415 0.65775 0.12 0.1
0 0.2805 0.156125 0.155 0.10925
0 0.8346666666666667 0.25325 0.10666666666666667 0.0985
0 0.2961666666666667 0.667 0.12433333333333334 0.099
0 0.74 0.63 0.10333333333333333 0.094
0 0.2855 0.572375 0.12766666666666668 0.10275
0 0.27566666666666667 0.472125 0.13066666666666665 0.10475
0 0.2653333333333333 0.36775 0.134 0.1065
0 0.3805 0.26875 0.127 0.1055
0 0.25783333333333336 0.2615 0.137 0.11
0 0.5271666666666667 0.647375 0.113 0.09875
0 0.5116666666666667 0.462125 0.11733333333333333 0.09925
0 0.635 0.638 0.10866666666666666 0.0945
0 0.38866666666666666 0.369125 0.12466666666666666 0.10325
0 0.5031666666666667 0.36525 0.11633333333333333 0.102
0 0.8416666666666667 0.5325 0.10466666666666667 0.093
0 0.405 0.563875 0.11933333333333333 0.10075
0 0.6255 0.547875 0.107 0.09375
0 0.7315 0.446125 0.11233333333333333 0.09925
0 0.5008333333333334 0.264375 0.117 0.10425
0 0.426 0.16775 0.142 0.099
0 0.6166666666666667 0.360125 0.11066666666666666 0.10175
0 0.5603333333333333 0.156 0.134 0.1005
0 0.6986666666666667 0.15575 0.12533333333333332 0.093
0 0.834 0.348 0.098 0.0925
0 0.734 0.539625 0.11 0.09525
0 0.7286666666666667 0.35325 0.11733333333333333 0.099
0 0.6208333333333333 0.456125 0.10833333333333334 0.09725
0 0.5191666666666667 0.55625 0.11433333333333333 0.0975
0 0.8378333333333333 0.43925 0.103 0.099
0 0.7278333333333333 0.253875 0.111 0.10375
0 0.8155 0.161375 0.113 0.08675
0 0.39566666666666667 0.46825 0.12133333333333333 0.0995
0 0.6137333333333334 0.2527875 0.11813333333333333 0.1113725