0 0.5128333333333334 0.650625 0.115 0.10125
0 0.22866666666666666 0.264875 0.14266666666666666 0.11175
0 0.26666666666666666 0.57975 0.13333333333333333 0.106
0 0.3995 0.663 0.12433333333333334 0.1035
0 0.7266666666666667 0.62825 0.104 0.096
0 0.6211666666666666 0.638875 0.111 0.09675
0 0.7035 0.251875 0.10966666666666666 0.10275
0 0.2535 0.47825 0.135 0.1085
0 0.281 0.674875 0.13066666666666665 0.10225
0 0.24766666666666667 0.157125 0.162 0.10925
0 0.8276666666666667 0.617375 0.10133333333333333 0.09425
0 0.8093333333333333 0.249 0.104 0.0985
0 0.38866666666666666 0.568875 0.12266666666666666 0.10375
0 0.5906666666666667 0.2525 0.12466666666666666 0.114
0 0.354 0.2705 0.13133333333333333 0.107
0 0.23933333333333334 0.37275 0.14 0.1085
0 0.8236666666666667 0.52925 0.104 0.0945
0 0.47933333333333333 0.366375 0.118 0.10375
0 0.6703333333333333 0.153125 0.126 0.09325
0 0.609 0.548375 0.108 0.09675
0 0.7116666666666667 0.444375 0.112 0.10075
0 0.36433333333333334 0.372375 0.13 0.10425
0 0.4761666666666667 0.2645 0.11966666666666667 0.1065
0 0.37516666666666665 0.471875 0.125 0.10375
0 0.39616666666666667 0.167625 0.14566666666666667 0.10075
0 0.8126666666666666 0.344625 0.09933333333333333 0.09575
0 0.49266666666666664 0.464125 0.12133333333333333 0.10175
0 0.5318333333333334 0.154 0.137 0.1
0 0.5938333333333333 0.359 0.115 0.104
0 0.5026666666666667 0.558375 0.116 0.10025
0 0.8186666666666667 0.435375 0.10333333333333333 0.10175
0 0.706 0.3505 0.118 0.1005
0 0.7181666666666666 0.538625 0.11233333333333333 0.09725
0 0.6031666666666666 0.456125 0.10966666666666666 0.10025
0 0.7885 0.1575 0.11366666666666667 0.0865