0 0.8238333333333333 0.609625 0.099 0.09325
0 0.7223333333333334 0.620875 0.104 0.09425
0 0.2805 0.6655 0.12766666666666668 0.1025
0 0.618 0.631375 0.108 0.09575
0 0.8206666666666667 0.522625 0.102 0.09275
0 0.25233333333333335 0.153625 0.158 0.11025
0 0.5118333333333334 0.642125 0.113 0.09925
0 0.23183333333333334 0.2585 0.13966666666666666 0.1105
0 0.2555 0.47025 0.135 0.105
0 0.8098333333333333 0.24475 0.105 0.0985
0 0.3565 0.264125 0.131 0.10675
0 0.399 0.654125 0.12133333333333333 0.10225
0 0.2683333333333333 0.570875 0.13 0.10525
0 0.3993333333333333 0.161875 0.144 0.09975
0 0.36666666666666664 0.3655 0.12666666666666668 0.1035
0 0.7083333333333334 0.345625 0.114 0.09975
0 0.594 0.247375 0.11933333333333333 0.11275
0 0.6015 0.44975 0.109 0.0985
0 0.535 0.1475 0.136 0.096
0 0.5016666666666667 0.551125 0.11466666666666667 0.09775
0 0.24116666666666667 0.36625 0.13833333333333334 0.1085
0 0.37633333333333335 0.464875 0.124 0.10175
0 0.3885 0.56125 0.121 0.103
0 0.7051666666666667 0.246375 0.10633333333333334 0.10275
0 0.48383333333333334 0.3605 0.121 0.103
0 0.5953333333333334 0.35175 0.112 0.101
0 0.8173333333333334 0.43275 0.104 0.0955
0 0.7161666666666666 0.53225 0.10966666666666666 0.0955
0 0.812 0.3405 0.09933333333333333 0.0945
0 0.477 0.25925 0.12 0.1055
0 0.49216666666666664 0.457625 0.11966666666666667 0.09975
0 0.7113333333333334 0.438875 0.11 0.09975
0 0.6736666666666666 0.148375 0.126 0.09275
0 0.6078333333333333 0.542 0.107 0.0955
0 0.79 0.153375 0.11466666666666667 0.08625