0 0.308 0.6075 0.14933333333333335 0.115
0 0.13616666666666666 0.72425 0.16566666666666666 0.1305
0 0.733 0.739375 0.16066666666666668 0.13675
0 0.2821666666666667 0.7275 0.163 0.1315
0 0.5796666666666667 0.734625 0.15333333333333332 0.13525
0 0.8881666666666667 0.7435 0.16633333333333333 0.138
0 0.32516666666666666 0.50325 0.139 0.0995
0 0.4445 0.608875 0.14233333333333334 0.11625
0 0.7268333333333333 0.614375 0.149 0.11725
0 0.42883333333333334 0.730625 0.153 0.13225
0 0.855 0.49425 0.154 0.1105
0 0.8763333333333333 0.6083725 0.16866666666666666 0.130245
0 0.53 0.241 0.132 0.0745
0 0.5816666666666667 0.50575 0.13066666666666665 0.1035
0 0.796 0.239375 0.134 0.06925
0 0.5848333333333333 0.612125 0.139 0.11475
0 0.4675 0.32175 0.12233333333333334 0.092
0 0.16916666666666666 0.604 0.15833333333333333 0.116
0 0.5825 0.405 0.127 0.0985
0 0.2 0.5005 0.142 0.1015
0 0.223 0.409125 0.132 0.08975
0 0.247 0.327 0.12266666666666666 0.081
0 0.5845 0.317375 0.12166666666666667 0.08575
0 0.8388333333333333 0.394625 0.141 0.09725
0 0.7051666666666667 0.317875 0.12166666666666667 0.08575
0 0.8246666666666667 0.308375 0.12666666666666668 0.08475
0 0.4515 0.504375 0.13166666666666665 0.09975
0 0.3928333333333333 0.250375 0.131 0.07975
0 0.46 0.411125 0.12333333333333334 0.09075
0 0.358 0.32975 0.116 0.0775
0 0.3415 0.4105 0.129 0.0915
0 0.717 0.503375 0.14066666666666666 0.10675
0 0.7106666666666667 0.40575 0.13 0.094
0 0.6635 0.245625 0.12833333333333333 0.06775
0 0.2712233333333333 0.2607975 0.11755666666666667 0.0605925