0 0.7225 0.5834375 0.09 0.076875
0 0.7229166666666667 0.50875 0.0925 0.07625
0 0.7233333333333334 0.6584375 0.09 0.075625
0 0.25583333333333336 0.2825 0.095 0.08
0 0.7229166666666667 0.3559375 0.09416666666666666 0.078125
0 0.72375 0.7325 0.0925 0.075
0 0.63125 0.585 0.0925 0.075
0 0.6304166666666666 0.35875 0.0925 0.0775
0 0.63125 0.66 0.0925 0.07625
0 0.63125 0.51 0.0925 0.07625
0 0.6316666666666667 0.28125 0.09333333333333334 0.08
0 0.62875 0.435 0.0925 0.0775
0 0.7220833333333333 0.4325 0.0925 0.0775
0 0.81375 0.50625 0.0925 0.07625
0 0.35125 0.36 0.09416666666666666 0.0775
0 0.44875 0.6625 0.09083333333333334 0.075
0 0.17416666666666666 0.7384375 0.09166666666666666 0.075625
0 0.4454166666666667 0.283125 0.0925 0.07875
0 0.26625 0.738125 0.0925 0.075
0 0.4504166666666667 0.7371875 0.09083333333333334 0.075625
0 0.54 0.735 0.09 0.07375
0 0.17125 0.436875 0.0925 0.0775
0 0.17125 0.5134375 0.0925 0.075625
0 0.8158333333333333 0.730625 0.09 0.07625
0 0.17333333333333334 0.6634375 0.09 0.075625
0 0.8154166666666667 0.58125 0.0925 0.07625
0 0.5375 0.3584375 0.09333333333333334 0.080625
0 0.2654166666666667 0.66375 0.0925 0.07625
0 0.4483333333333333 0.513125 0.09 0.07625
0 0.82125 0.195 0.09583333333333334 0.08
0 0.2654166666666667 0.58875 0.09083333333333334 0.075
0 0.16583333333333333 0.3596875 0.095 0.078125
0 0.5404166666666667 0.66125 0.09083333333333334 0.07375
0 0.2629166666666667 0.43875 0.0925 0.07625
0 0.4479166666666667 0.588125 0.09083333333333334 0.07625
0 0.26416666666666666 0.51375 0.09333333333333334 0.075
0 0.5391666666666667 0.5875 0.09166666666666666 0.07625
0 0.5395833333333333 0.513125 0.0925 0.0775
0 0.44625 0.20375 0.0925 0.08125
0 0.8125 0.655625 0.09 0.075
0 0.5429166666666667 0.2 0.09916666666666667 0.08625
0 0.3591666666666667 0.7375 0.09166666666666666 0.07625
0 0.6391666666666667 0.2 0.09833333333333333 0.085
0 0.5375 0.43625 0.09166666666666666 0.0775
0 0.81375 0.4309375 0.09416666666666666 0.076875
0 0.16166666666666665 0.2809375 0.09666666666666666 0.079375
0 0.44625 0.4371875 0.0925 0.078125
0 0.8175 0.2746875 0.09666666666666666 0.080625
0 0.72375 0.2775 0.0925 0.08
0 0.255 0.2034375 0.095 0.079375
0 0.35 0.20375 0.09333333333333334 0.08
0 0.44458333333333333 0.36 0.0925 0.07875
0 0.3541666666666667 0.4375 0.09333333333333334 0.07625
0 0.8179166666666666 0.3534375 0.09583333333333334 0.078125
0 0.3570833333333333 0.6625 0.0925 0.075
0 0.3566666666666667 0.588125 0.09166666666666666 0.075
0 0.16083333333333333 0.20125 0.095 0.08125
0 0.1725 0.58875 0.09333333333333334 0.07625
0 0.72875 0.19875 0.0925 0.08
0 0.35625 0.513125 0.0925 0.07625
0 0.25833333333333336 0.36125 0.095 0.0775
0 0.35041666666666665 0.283125 0.09416666666666666 0.07875
0 0.6329166666666667 0.73375 0.09083333333333334 0.07375
0 0.53905 0.28278749999999997 0.09238333333333333 0.07771875