0 0.7575 0.50375 0.10166666666666667 0.07625
0 0.75625 0.4253125 0.1025 0.076875
0 0.6525 0.50620625 0.10333333333333333 0.0775875
0 0.6628583333333333 0.6615625 0.10571666666666667 0.079375
0 0.55625 0.7459375 0.10416666666666667 0.079375
0 0.5504166666666667 0.5884375 0.10583333333333333 0.079375
0 0.24666666666666667 0.3265625 0.11833333333333333 0.125625
0 0.66125 0.7425 0.10416666666666667 0.07875
0 0.395 0.3290625 0.11333333333333333 0.123125
0 0.6504166666666666 0.4300875 0.10583333333333333 0.08018125
0 0.2825 0.515625 0.17166666666666666 0.08375
0 0.6583333333333333 0.58625 0.10333333333333333 0.0825
0 0.28583333333333333 0.6825 0.17 0.0875
0 0.4345833333333333 0.4328125 0.10916666666666666 0.081875
0 0.2841666666666667 0.5996875 0.17166666666666666 0.086875
0 0.28 0.4325 0.17166666666666666 0.085
0 0.5370833333333334 0.329375 0.1275 0.1225
0 0.44625 0.671875 0.1075 0.085
0 0.28875 0.765 0.1725 0.08625
0 0.5558333333333333 0.669375 0.10833333333333334 0.0825
0 0.7654166666666666 0.6578125 0.1025 0.079375
0 0.755 0.3275 0.10166666666666667 0.11875
0 0.44 0.590625 0.10666666666666667 0.08125
0 0.43333333333333335 0.5109375 0.10833333333333334 0.080625
0 0.7620833333333333 0.58125 0.10083333333333333 0.07625
0 0.7683333333333333 0.735 0.1 0.07875
0 0.54375 0.5096875 0.1075 0.080625
0 0.5433333333333333 0.431875 0.10666666666666667 0.08
0 0.4483333333333333 0.7525 0.10833333333333334 0.0825
0 0.6520833333333333 0.3296875 0.10583333333333333 0.119375