0 0.29125 0.561875 0.13916666666666666 0.1375
0 0.81625 0.4415625 0.1575 0.143125
0 0.6354166666666666 0.4575 0.19083333333333333 0.1025
0 0.5658333333333333 0.89 0.20166666666666666 0.12875
0 0.4191666666666667 0.566875 0.13333333333333333 0.14
0 0.5775 0.7775 0.19833333333333333 0.12125
0 0.5820833333333333 0.6675 0.1925 0.11875
0 0.165 0.556875 0.13333333333333333 0.13625
0 0.5829166666666666 0.56 0.19083333333333333 0.10875
0 0.2791666666666667 0.7009375 0.13833333333333334 0.146875
0 0.6091666666666666 0.336875 0.14 0.13875
0 0.7904166666666667 0.5675 0.20416666666666666 0.1125
0 0.4475 0.433125 0.16 0.13625
0 0.4404166666666667 0.3228125 0.1925 0.109375
0 0.2633333333333333 0.843125 0.14 0.1525
0 0.13458333333333333 0.8328125 0.13416666666666666 0.148125
0 0.7854166666666667 0.6778125 0.20916666666666667 0.118125
0 0.17625 0.4246875 0.13083333333333333 0.131875
0 0.305 0.428125 0.13833333333333334 0.13375
0 0.7983333333333333 0.3184375 0.19833333333333333 0.109375
0 0.7833333333333333 0.79125 0.21166666666666667 0.12375
0 0.4125 0.7084375 0.14333333333333334 0.153125
0 0.2375 0.3115625 0.21166666666666667 0.095625
0 0.15083333333333335 0.6928125 0.135 0.143125
0 0.7733333333333333 0.9078125 0.21333333333333335 0.133125
0 0.39958333333333335 0.855 0.14416666666666667 0.15625