0 0.8091666666666667 0.47875 0.16833333333333333 0.17625
0 0.33666666666666667 0.6325 0.14333333333333334 0.16125
0 0.6420833333333333 0.47625 0.1625 0.17
0 0.47875 0.64 0.1475 0.165
0 0.2125 0.3175 0.14 0.15875
0 0.18791666666666668 0.78125 0.12916666666666668 0.16375
0 0.3229166666666667 0.7946875 0.14416666666666667 0.169375
0 0.34833333333333333 0.315 0.14 0.1625
0 0.34791666666666665 0.475 0.1375 0.15375
0 0.21166666666666667 0.4746875 0.14 0.151875
0 0.7983333333333333 0.83 0.17 0.18375
0 0.49291666666666667 0.315 0.15083333333333335 0.1675
0 0.4891666666666667 0.47875 0.14333333333333334 0.15875
0 0.6308333333333334 0.6475 0.165 0.17625
0 0.6275 0.82 0.165 0.18625
0 0.19875 0.629375 0.1375 0.155
0 0.8116666666666666 0.2959375 0.175 0.189375
0 0.7991666666666667 0.655 0.17 0.17875
0 0.46875 0.8075 0.15416666666666667 0.17875
0 0.64625 0.3025 0.1575 0.175