0 0.09532374100719425 0.6759375 0.1906474820143885 0.134375
0 0.7185251798561151 0.685 0.14928057553956833 0.12375
0 0.5620503597122302 0.3 0.10971223021582734 0.08375
0 0.2612410071942446 0.67875 0.18075539568345322 0.13125
0 0.8556654676258992 0.6871875 0.15017985611510792 0.118125
0 0.42131294964028776 0.680625 0.16097122302158273 0.13
0 0.7036870503597122 0.57125 0.13219424460431656 0.1075
0 0.2787769784172662 0.5575 0.16546762589928057 0.115
0 0.29361510791366907 0.45125 0.15197841726618705 0.105
0 0.5705935251798561 0.564375 0.14118705035971224 0.11
0 0.42805755395683454 0.5621875 0.14568345323741008 0.114375
0 0.1223021582733813 0.5546875 0.18165467625899281 0.115625
0 0.14928057553956833 0.4446875 0.1672661870503597 0.110625
0 0.8358812949640287 0.5759375 0.14298561151079137 0.108125
0 0.575089928057554 0.68125 0.14658273381294964 0.1275
0 0.17401079136690648 0.3496875 0.15737410071942445 0.099375
0 0.799910071942446 0.39375 0.11600719424460432 0.08375
0 0.6330935251798561 0.23625 0.12050359712230216 0.06875
0 0.677158273381295 0.30625 0.11870503597122302 0.08125
0 0.19244604316546762 0.2675 0.14568345323741008 0.0875
0 0.4352517985611511 0.4559375 0.1420863309352518 0.103125
0 0.6946942446043165 0.4734375 0.1357913669064748 0.096875
0 0.2185251798561151 0.2 0.1474820143884892 0.06875
0 0.44469424460431656 0.28625 0.125 0.09125
0 0.5013489208633094 0.2225 0.1357913669064748 0.07625
0 0.3125 0.3575 0.14298561151079137 0.095
0 0.6866007194244604 0.384375 0.12859712230215828 0.09
0 0.44289568345323743 0.3675 0.125 0.08875
0 0.7846223021582733 0.3175 0.11061151079136691 0.0775
0 0.5638489208633094 0.3784375 0.11870503597122302 0.086875
0 0.32239208633093525 0.27625 0.13219424460431656 0.0825
0 0.7558453237410072 0.255 0.10881294964028777 0.05875
0 0.8178956834532374 0.47875 0.1303956834532374 0.095
0 0.35529676258992804 0.20998125 0.13015287769784173 0.06632500000000001
0 0.5695053956834532 0.46423749999999997 0.132068345323741 0.09615625