0 0.4371794871794872 0.20432692307692307 0.08974358974358974 0.09326923076923077
0 0.6474358974358975 0.6350961538461538 0.07948717948717948 0.0798076923076923
0 0.7282051282051282 0.46826923076923077 0.08205128205128205 0.08653846153846154
0 0.26282051282051283 0.7192307692307692 0.07692307692307693 0.07307692307692308
0 0.6606794871794872 0.2048076923076923 0.08291025641025641 0.09230769230769231
0 0.25576923076923075 0.6413461538461539 0.0782051282051282 0.08461538461538462
0 0.5666666666666667 0.20625 0.09487179487179487 0.08942307692307692
0 0.5621794871794872 0.29615384615384616 0.08846153846153847 0.09038461538461538
0 0.5724358974358974 0.7144230769230769 0.0782051282051282 0.07692307692307693
0 0.5666666666666667 0.5548076923076923 0.08205128205128205 0.08269230769230769
0 0.2 0.20673076923076922 0.09230769230769231 0.1
0 0.4948717948717949 0.7153846153846154 0.07692307692307693 0.07884615384615384
0 0.2967948717948718 0.20576923076923076 0.08846153846153847 0.09807692307692308
0 0.3333333333333333 0.6408653846153847 0.08205128205128205 0.08365384615384615
0 0.6480769230769231 0.7134615384615385 0.07564102564102564 0.07692307692307693
0 0.5679487179487179 0.6360576923076923 0.07948717948717948 0.08173076923076923
0 0.7269230769230769 0.6336538461538461 0.07948717948717948 0.08269230769230769
0 0.39871794871794874 0.29951923076923076 0.08461538461538462 0.09519230769230769
0 0.6493589743589744 0.4706730769230769 0.08333333333333333 0.0875
0 0.6474358974358975 0.5548076923076923 0.08205128205128205 0.08269230769230769
0 0.6512820512820513 0.38509615384615387 0.08461538461538462 0.08942307692307692
0 0.15320512820512822 0.3019230769230769 0.08846153846153847 0.09038461538461538
0 0.1891025641025641 0.7168269230769231 0.0782051282051282 0.07211538461538461
0 0.1673076923076923 0.47836538461538464 0.08333333333333333 0.08557692307692308
0 0.24935897435897436 0.4774038461538462 0.0858974358974359 0.08557692307692308
0 0.48205128205128206 0.29951923076923076 0.08461538461538462 0.09326923076923077
0 0.8006410256410257 0.6302884615384615 0.07564102564102564 0.08173076923076923
0 0.40576923076923077 0.3908653846153846 0.0858974358974359 0.08942307692307692
0 0.3282051282051282 0.5591346153846154 0.07948717948717948 0.08173076923076923
0 0.3294871794871795 0.4778846153846154 0.08461538461538462 0.08269230769230769
0 0.4858974358974359 0.3889423076923077 0.08461538461538462 0.0875
0 0.25 0.5605769230769231 0.07948717948717948 0.08076923076923077
0 0.24487179487179486 0.3908653846153846 0.08461538461538462 0.0875
0 0.2358974358974359 0.3014423076923077 0.08205128205128205 0.09134615384615384
0 0.3243589743589744 0.39134615384615384 0.08717948717948718 0.08846153846153847
0 0.4083333333333333 0.5581730769230769 0.08333333333333333 0.0798076923076923
0 0.8070512820512821 0.4639423076923077 0.0782051282051282 0.08557692307692308
0 0.3384615384615385 0.71875 0.08205128205128205 0.0798076923076923
0 0.8064102564102564 0.5475961538461539 0.07948717948717948 0.08365384615384615
0 0.1621794871794872 0.38990384615384616 0.08846153846153847 0.08942307692307692
0 0.31794871794871793 0.3 0.08461538461538462 0.09230769230769231
0 0.7256410256410256 0.7134615384615385 0.07948717948717948 0.08076923076923077
0 0.18269230769230768 0.6394230769230769 0.0782051282051282 0.08461538461538462
0 0.4897435897435897 0.47259615384615383 0.08461538461538462 0.0875
0 0.7410256410256411 0.20288461538461539 0.08461538461538462 0.08846153846153847
0 0.5685897435897436 0.38317307692307695 0.08846153846153847 0.09326923076923077
0 0.48653846153846153 0.55625 0.08333333333333333 0.08173076923076923
0 0.4115384615384615 0.6399038461538461 0.08205128205128205 0.08173076923076923
0 0.40897435897435896 0.47692307692307695 0.08461538461538462 0.08461538461538462
0 0.17307692307692307 0.5610576923076923 0.08205128205128205 0.08173076923076923
0 0.6461538461538462 0.29615384615384616 0.08205128205128205 0.09230769230769231
0 0.7294871794871794 0.3817307692307692 0.08205128205128205 0.08846153846153847
0 0.8012820512820513 0.7105769230769231 0.07692307692307693 0.08269230769230769
0 0.5685897435897436 0.4706730769230769 0.08333333333333333 0.0875
0 0.7282051282051282 0.551923076923077 0.07948717948717948 0.08461538461538462
0 0.8076923076923077 0.2903846153846154 0.08205128205128205 0.09230769230769231
0 0.41794871794871796 0.7177884615384615 0.08205128205128205 0.07596153846153846
0 0.7256410256410256 0.2932692307692308 0.08205128205128205 0.09230769230769231
0 0.49038461538461536 0.6370192307692307 0.08076923076923077 0.08173076923076923
0 0.808974358974359 0.37932692307692306 0.07948717948717948 0.0875