0 0.7708333333333334 0.51953125 0.18958333333333333 0.084375
0 0.2296875 0.878125 0.23020833333333332 0.1453125
0 0.6833333333333333 0.83984375 0.23125 0.13125
0 0.44583333333333336 0.737890625 0.22708333333333333 0.12734375
0 0.41041666666666665 0.536328125 0.18333333333333332 0.09140625
0 0.6239583333333333 0.620703125 0.20208333333333334 0.10234375
0 0.7296875 0.4234375 0.15104166666666666 0.109375
0 0.22083333333333333 0.457421875 0.2 0.08046875
0 0.41510416666666666 0.451171875 0.19270833333333334 0.08203125
0 0.221875 0.638671875 0.21458333333333332 0.11171875
0 0.5677083333333334 0.351953125 0.1375 0.11015625
0 0.19635416666666666 0.36328125 0.134375 0.1078125
0 0.22552083333333334 0.751953125 0.215625 0.13046875
0 0.6541666666666667 0.723828125 0.21666666666666667 0.11953125
0 0.46145833333333336 0.85859375 0.24375 0.1390625
0 0.8411458333333334 0.711328125 0.20729166666666668 0.11328125
0 0.7046875 0.33515625 0.16979166666666667 0.071875
0 0.44583333333333336 0.36015625 0.13333333333333333 0.1078125
0 0.5911458333333334 0.44375 0.18854166666666666 0.0828125
0 0.4296875 0.630859375 0.20729166666666668 0.10546875
0 0.21666666666666667 0.541015625 0.20416666666666666 0.09453125
0 0.3265625 0.364453125 0.13020833333333334 0.10703125
0 0.8036458333333333 0.60859375 0.196875 0.096875
0 0.8822916666666667 0.821484375 0.22291666666666668 0.12734375
0 0.5989583333333334 0.527734375 0.19166666666666668 0.08984375