0 0.5051282051282051 0.7254807692307692 0.08205128205128205 0.08557692307692308
0 0.5871794871794872 0.7264423076923077 0.08205128205128205 0.08942307692307692
0 0.42628205128205127 0.7225961538461538 0.0782051282051282 0.08557692307692308
0 0.3423076923076923 0.46826923076923077 0.07692307692307693 0.08653846153846154
0 0.6705128205128205 0.375 0.08974358974358974 0.09423076923076923
0 0.26666666666666666 0.2956730769230769 0.07435897435897436 0.0875
0 0.28012820512820513 0.6307692307692307 0.07051282051282051 0.08076923076923077
0 0.757051282051282 0.6514423076923077 0.08846153846153847 0.09134615384615384
0 0.7724358974358975 0.17451923076923076 0.09615384615384616 0.10673076923076923
0 0.4166666666666667 0.38125 0.07692307692307693 0.08942307692307692
0 0.3423076923076923 0.2932692307692308 0.07692307692307693 0.09230769230769231
0 0.49935897435897436 0.19567307692307692 0.0858974358974359 0.09326923076923077
0 0.42435897435897435 0.6370192307692307 0.07948717948717948 0.0875
0 0.49551282051282053 0.3798076923076923 0.08333333333333333 0.09230769230769231
0 0.5032051282051282 0.6413461538461539 0.0858974358974359 0.08653846153846154
0 0.6685897435897435 0.7331730769230769 0.0858974358974359 0.08942307692307692
0 0.4980769230769231 0.46923076923076923 0.0858974358974359 0.08846153846153847
0 0.2 0.4673076923076923 0.06923076923076923 0.08076923076923077
0 0.857051282051282 0.2668269230769231 0.09871794871794871 0.10480769230769231
0 0.34102564102564104 0.3817307692307692 0.07435897435897436 0.08846153846153847
0 0.21217948717948718 0.6269230769230769 0.07051282051282051 0.07884615384615384
0 0.5871794871794872 0.5605769230769231 0.08717948717948718 0.08846153846153847
0 0.42435897435897435 0.5548076923076923 0.08205128205128205 0.08269230769230769
0 0.5006410256410256 0.28701923076923075 0.0858974358974359 0.09326923076923077
0 0.8602564102564103 0.36730769230769234 0.09743589743589744 0.10192307692307692
0 0.4108974358974359 0.1971153846153846 0.08846153846153847 0.09807692307692308
0 0.6692307692307692 0.46923076923076923 0.09230769230769231 0.09423076923076923
0 0.7634615384615384 0.3735576923076923 0.09615384615384616 0.09711538461538462
0 0.8480769230769231 0.6548076923076923 0.09102564102564102 0.09423076923076923
0 0.21346153846153845 0.70625 0.06794871794871794 0.0798076923076923
0 0.6698717948717948 0.6485576923076923 0.08846153846153847 0.0875
0 0.5871794871794872 0.2826923076923077 0.08717948717948718 0.09807692307692308
0 0.6705128205128205 0.5610576923076923 0.08974358974358974 0.08942307692307692
0 0.7628205128205128 0.2764423076923077 0.09230769230769231 0.09903846153846153
0 0.5044871794871795 0.5576923076923077 0.08333333333333333 0.08846153846153847
0 0.21025641025641026 0.21153846153846154 0.07692307692307693 0.08653846153846154
0 0.5871794871794872 0.6442307692307693 0.08717948717948718 0.08269230769230769
0 0.5807692307692308 0.3783653846153846 0.08717948717948718 0.09326923076923077
0 0.8532051282051282 0.5625 0.09615384615384616 0.09423076923076923
0 0.7602564102564102 0.46826923076923077 0.09487179487179487 0.09423076923076923
0 0.41794871794871796 0.29134615384615387 0.08205128205128205 0.09038461538461538
0 0.5820512820512821 0.46971153846153846 0.08717948717948718 0.09134615384615384
0 0.26794871794871794 0.38221153846153844 0.07435897435897436 0.08557692307692308
0 0.860897435897436 0.4668269230769231 0.10128205128205128 0.09711538461538462
0 0.7557692307692307 0.739423076923077 0.08846153846153847 0.09038461538461538
0 0.6737179487179488 0.28028846153846154 0.08846153846153847 0.10096153846153846
0 0.19487179487179487 0.38461538461538464 0.07435897435897436 0.08653846153846154
0 0.7602564102564102 0.5625 0.09487179487179487 0.09423076923076923
0 0.1935897435897436 0.2980769230769231 0.07435897435897436 0.08653846153846154
0 0.6788461538461539 0.18173076923076922 0.09358974358974359 0.1
0 0.3121794871794872 0.20673076923076922 0.1064102564102564 0.09230769230769231
0 0.8480769230769231 0.7471153846153846 0.09358974358974359 0.09038461538461538
0 0.3544871794871795 0.7168269230769231 0.07564102564102564 0.08365384615384615
0 0.20961538461538462 0.5485576923076924 0.07307692307692308 0.08173076923076923
0 0.2826923076923077 0.7115384615384616 0.07307692307692308 0.08269230769230769
0 0.2685897435897436 0.46778846153846154 0.07307692307692308 0.08557692307692308
0 0.2782051282051282 0.5495192307692308 0.07692307692307693 0.08173076923076923
0 0.3506410256410256 0.6350961538461538 0.07564102564102564 0.08365384615384615
0 0.41923076923076924 0.46923076923076923 0.07948717948717948 0.08653846153846154
0 0.35 0.5514423076923077 0.07948717948717948 0.08365384615384615