0 0.23837209302325582 0.6275 0.10299003322259136 0.0725
0 0.5199335548172758 0.27875 0.0946843853820598 0.0675
0 0.438953488372093 0.5521875 0.09385382059800665 0.068125
0 0.6175249169435216 0.2784375 0.09385382059800665 0.069375
0 0.42400332225913623 0.2784375 0.09717607973421927 0.070625
0 0.34011627906976744 0.55375 0.09883720930232558 0.06875
0 0.4431063122923588 0.75375 0.09883720930232558 0.0725
0 0.3446843853820598 0.82875 0.10132890365448505 0.07125
0 0.6299833887043189 0.67625 0.09219269102990033 0.0675
0 0.5398671096345515 0.74875 0.0946843853820598 0.0725
0 0.5340531561461794 0.4825 0.09302325581395349 0.06625
0 0.5444352159468439 0.815 0.09385382059800665 0.07
0 0.43106312292358806 0.34875 0.09634551495016612 0.06875
0 0.529485049833887 0.3484375 0.09385382059800665 0.069375
0 0.4431063122923588 0.68625 0.09717607973421927 0.07125
0 0.34011627906976744 0.6225 0.09883720930232558 0.07125
0 0.32558139534883723 0.275625 0.09800664451827243 0.0725
0 0.6270764119601329 0.3471875 0.0946843853820598 0.069375
0 0.8077242524916943 0.280625 0.09053156146179402 0.06625
0 0.24169435215946844 0.6971875 0.10132890365448505 0.073125
0 0.34634551495016613 0.76 0.10132890365448505 0.0725
0 0.7213455149501661 0.4759375 0.09219269102990033 0.065625
0 0.5328073089700996 0.61375 0.09385382059800665 0.0675
0 0.3442691029900332 0.690625 0.1004983388704319 0.075
0 0.8135382059800664 0.4125 0.09053156146179402 0.06625
0 0.6237541528239202 0.543125 0.10299003322259136 0.07
0 0.34011627906976744 0.486875 0.09883720930232558 0.06875
0 0.23629568106312293 0.5575 0.10382059800664452 0.07125
0 0.6303986710963455 0.41375 0.09136212624584718 0.0675
0 0.4381229235880399 0.485 0.09551495016611296 0.06875
0 0.24335548172757476 0.838125 0.09966777408637874 0.07125
0 0.4414451827242525 0.4175 0.09717607973421927 0.06875
0 0.4372923588039867 0.61875 0.09717607973421927 0.07
0 0.2346345514950166 0.488125 0.10382059800664452 0.07125
0 0.33056478405315615 0.3475 0.10132890365448505 0.0725
0 0.7267441860465116 0.8009375 0.08970099667774087 0.066875
0 0.6254152823920266 0.61125 0.09136212624584718 0.0675
0 0.5373754152823921 0.4159375 0.09302325581395349 0.066875
0 0.223421926910299 0.273125 0.10299003322259136 0.0725
0 0.9040697674418605 0.28 0.0888704318936877 0.06625
0 0.3384551495016611 0.4175 0.10215946843853821 0.07
0 0.904485049833887 0.66625 0.08637873754152824 0.065
0 0.24169435215946844 0.7671875 0.10132890365448505 0.074375
0 0.9019933554817275 0.728125 0.08637873754152824 0.06375
0 0.5382059800664452 0.68125 0.09302325581395349 0.07125
0 0.7188538205980066 0.60625 0.09219269102990033 0.0675
0 0.6349667774086378 0.74375 0.09385382059800665 0.07125
0 0.23214285714285715 0.4171875 0.10548172757475083 0.071875
0 0.2271594684385382 0.345 0.10215946843853821 0.0725
0 0.9061461794019934 0.7896875 0.08471760797342193 0.063125
0 0.9028239202657807 0.6025 0.08803986710963455 0.0625
0 0.7134551495016611 0.27625 0.09136212624584718 0.0675
0 0.7217607973421927 0.6725 0.08970099667774087 0.0675
0 0.5328073089700996 0.5475 0.0888704318936877 0.0675
0 0.9028239202657807 0.4109375 0.08970099667774087 0.064375
0 0.7217607973421927 0.4121875 0.08970099667774087 0.065625
0 0.8114617940199336 0.606875 0.08970099667774087 0.06625
0 0.8135382059800664 0.4775 0.09053156146179402 0.065
0 0.8181063122923588 0.795 0.08471760797342193 0.06625
0 0.7209302325581395 0.3446875 0.08970099667774087 0.069375
0 0.6353820598006644 0.80875 0.08803986710963455 0.06875
0 0.7213455149501661 0.5409375 0.09053156146179402 0.065625
0 0.8143687707641196 0.34625 0.0888704318936877 0.06625
0 0.7254983388704319 0.7375 0.0888704318936877 0.0675
0 0.8143687707641196 0.67125 0.09053156146179402 0.06625
0 0.6295681063122923 0.47875 0.09136212624584718 0.06375
0 0.9019933554817275 0.3459375 0.08637873754152824 0.065625
0 0.8143687707641196 0.7346875 0.0872093023255814 0.064375
0 0.446843853820598 0.82 0.09966777408637874 0.07
0 0.8135382059800664 0.54125 0.09053156146179402 0.065
0 0.9028239202657807 0.475 0.08970099667774087 0.065
0 0.9049003322259136 0.539375 0.0888704318936877 0.06625