0 0.1625 0.3434375 0.19833333333333333 0.153125
0 0.7079166666666666 0.8771875 0.16416666666666666 0.124375
0 0.3595833333333333 0.49125 0.1825 0.14125
0 0.7279166666666667 0.2546875 0.16083333333333333 0.141875
0 0.12625 0.899375 0.21416666666666667 0.14625
0 0.70875 0.5046875 0.1675 0.121875
0 0.88375 0.256875 0.16583333333333333 0.14625
0 0.35291666666666666 0.35625 0.18916666666666668 0.1375
0 0.5375 0.624375 0.16333333333333333 0.13625
0 0.16625 0.484375 0.2125 0.1375
0 0.3304166666666667 0.8934375 0.19916666666666666 0.136875
0 0.5345833333333333 0.4925 0.1775 0.1275
0 0.8683333333333333 0.86 0.15 0.13125
0 0.18791666666666668 0.195 0.2025 0.1625
0 0.865 0.6159375 0.155 0.120625
0 0.71 0.7534375 0.155 0.135625
0 0.5295833333333333 0.8834375 0.1775 0.131875
0 0.34625 0.76125 0.1975 0.135
0 0.555 0.239375 0.19 0.1475
0 0.875 0.3825 0.14833333333333334 0.12
0 0.5395833333333333 0.7575 0.1825 0.13375
0 0.3675 0.21625 0.185 0.15125
0 0.865 0.73625 0.155 0.1225
0 0.35833333333333334 0.628125 0.195 0.135
0 0.13375 0.75875 0.2125 0.14125
0 0.7033333333333334 0.62625 0.165 0.12375
0 0.71625 0.3825 0.17083333333333334 0.12875
0 0.8708333333333333 0.4971875 0.155 0.116875
0 0.15291666666666667 0.62 0.21083333333333334 0.135
0 0.5425 0.3675 0.17666666666666667 0.135