0 0.21583333333333332 0.325 0.135 0.135
0 0.5029166666666667 0.314375 0.12583333333333332 0.14
0 0.5191666666666667 0.4296875 0.13 0.100625
0 0.35041666666666665 0.32125 0.1375 0.1325
0 0.3929166666666667 0.5275 0.1225 0.09625
0 0.785 0.29375 0.14166666666666666 0.14875
0 0.5158333333333334 0.83 0.135 0.1025
0 0.8070833333333334 0.8425 0.1475 0.1075
0 0.64125 0.305 0.14416666666666667 0.14375
0 0.655 0.836875 0.14666666666666667 0.10625
0 0.8016666666666666 0.52125 0.14833333333333334 0.10875
0 0.375 0.82125 0.13333333333333333 0.105
0 0.7958333333333333 0.41625 0.15 0.10625
0 0.37875 0.723125 0.12916666666666668 0.10125
0 0.6566666666666666 0.52375 0.13833333333333334 0.11
0 0.38 0.6221875 0.125 0.098125
0 0.65375 0.6271875 0.1375 0.101875
0 0.8020833333333334 0.628125 0.1475 0.105
0 0.22625 0.4384375 0.16416666666666666 0.091875
0 0.65125 0.425 0.1425 0.1075
0 0.5075 0.6246875 0.12833333333333333 0.096875
0 0.23166666666666666 0.6221875 0.17166666666666666 0.093125
0 0.2225 0.8075 0.16666666666666666 0.10125
0 0.8041666666666667 0.735 0.15 0.11375
0 0.22666666666666666 0.7146875 0.17166666666666666 0.099375
0 0.5229166666666667 0.5275 0.12916666666666668 0.10125
0 0.36916666666666664 0.4325 0.12166666666666667 0.1
0 0.23041666666666666 0.530625 0.16916666666666666 0.0925
0 0.6541666666666667 0.730625 0.14166666666666666 0.11
0 0.5166666666666667 0.7271875 0.13333333333333333 0.105625