0 0.3466666666666667 0.4071875 0.11166666666666666 0.110625
0 0.6008333333333333 0.3896875 0.16333333333333333 0.086875
0 0.59 0.203125 0.15166666666666667 0.075
0 0.5541666666666667 0.293125 0.115 0.10875
0 0.60125 0.661875 0.17916666666666667 0.1025
0 0.45875 0.401875 0.1175 0.1125
0 0.7829166666666667 0.56375 0.18916666666666668 0.09625
0 0.4008333333333333 0.22625 0.12166666666666667 0.10375
0 0.77375 0.3834375 0.17916666666666667 0.091875
0 0.2225 0.5228125 0.12166666666666667 0.116875
0 0.6004166666666667 0.47375 0.16583333333333333 0.08875
0 0.33625 0.5203125 0.11916666666666667 0.118125
0 0.2375 0.41125 0.115 0.10875
0 0.27291666666666664 0.2315625 0.1225 0.103125
0 0.20875 0.645 0.12583333333333332 0.12625
0 0.59875 0.5640625 0.1725 0.093125
0 0.325 0.6440625 0.12833333333333333 0.128125
0 0.26958333333333334 0.3171875 0.14916666666666667 0.081875
0 0.7629166666666667 0.1946875 0.16083333333333333 0.079375
0 0.42083333333333334 0.31125 0.15 0.0825
0 0.4533333333333333 0.5178125 0.12333333333333334 0.119375
0 0.7779166666666667 0.4709375 0.19083333333333333 0.093125
0 0.79375 0.663125 0.19583333333333333 0.105
0 0.44666666666666666 0.64375 0.12666666666666668 0.13
0 0.6716666666666666 0.2909375 0.12166666666666667 0.110625
0 0.7933333333333333 0.2865625 0.12833333333333333 0.110625