0 0.7075 0.3865625 0.16 0.111875
0 0.26208333333333333 0.69625 0.14416666666666667 0.1
0 0.5391666666666667 0.2796875 0.15 0.114375
0 0.5516666666666666 0.705625 0.14833333333333334 0.105
0 0.40625 0.7 0.1375 0.10125
0 0.5433333333333333 0.6040625 0.15666666666666668 0.110625
0 0.7079166666666666 0.27125 0.15916666666666668 0.11875
0 0.2575 0.498125 0.135 0.09875
0 0.39208333333333334 0.3978125 0.1425 0.106875
0 0.6970833333333334 0.495 0.1675 0.1075
0 0.24125 0.2928125 0.13583333333333333 0.109375
0 0.38208333333333333 0.289375 0.13916666666666666 0.11125
0 0.25458333333333333 0.5978125 0.13416666666666666 0.100625
0 0.25125 0.3978125 0.13583333333333333 0.104375
0 0.53375 0.4971875 0.1425 0.105625
0 0.3954166666666667 0.6 0.1425 0.1
0 0.39166666666666666 0.500625 0.13333333333333333 0.09875
0 0.7133333333333334 0.709375 0.15333333333333332 0.105
0 0.7070833333333333 0.60375 0.1575 0.11
0 0.5466666666666666 0.3903125 0.14833333333333334 0.106875