0 0.40576923076923077 0.6336538461538461 0.07564102564102564 0.08269230769230769
0 0.7448717948717949 0.48028846153846155 0.08717948717948718 0.08557692307692308
0 0.41410256410256413 0.38269230769230766 0.07692307692307693 0.08846153846153847
0 0.6974358974358974 0.20817307692307693 0.09487179487179487 0.09326923076923077
0 0.5544871794871795 0.7235576923076923 0.08076923076923077 0.08365384615384615
0 0.6576923076923077 0.4798076923076923 0.08461538461538462 0.08653846153846154
0 0.7512820512820513 0.3 0.08717948717948718 0.09423076923076923
0 0.257051282051282 0.6240384615384615 0.07051282051282051 0.07884615384615384
0 0.583974358974359 0.3 0.0858974358974359 0.09230769230769231
0 0.6352564102564102 0.7283653846153846 0.08333333333333333 0.08365384615384615
0 0.20512820512820512 0.20576923076923076 0.07692307692307693 0.08461538461538462
0 0.5698717948717948 0.5620192307692308 0.0782051282051282 0.08173076923076923
0 0.4826923076923077 0.6379807692307692 0.0782051282051282 0.08365384615384615
0 0.3935897435897436 0.20817307692307693 0.07948717948717948 0.08365384615384615
0 0.5762820512820512 0.39134615384615384 0.08333333333333333 0.08846153846153847
0 0.3301282051282051 0.6293269230769231 0.07564102564102564 0.08365384615384615
0 0.7230769230769231 0.6509615384615385 0.08461538461538462 0.08653846153846154
0 0.8326923076923077 0.39278846153846153 0.09102564102564102 0.09326923076923077
0 0.4205128205128205 0.2951923076923077 0.07948717948717948 0.09038461538461538
0 0.6480769230769231 0.5644230769230769 0.08333333333333333 0.08269230769230769
0 0.18867948717948715 0.6963173076923077 0.07393589743589744 0.08108653846153846
0 0.19038461538461537 0.5413461538461538 0.07307692307692308 0.08076923076923077
0 0.2653846153846154 0.37932692307692306 0.07435897435897436 0.08557692307692308
0 0.5006410256410256 0.2980769230769231 0.08333333333333333 0.09038461538461538
0 0.8064102564102564 0.65625 0.08717948717948718 0.08942307692307692
0 0.40192307692307694 0.7129807692307693 0.07564102564102564 0.0798076923076923
0 0.3386794871794872 0.4673076923076923 0.07991025641025641 0.08461538461538462
0 0.3384615384615385 0.38125 0.07692307692307693 0.0875
0 0.7455128205128205 0.39278846153846153 0.08846153846153847 0.09134615384615384
0 0.4935897435897436 0.38798076923076924 0.08205128205128205 0.08942307692307692
0 0.716025641025641 0.7350961538461539 0.0858974358974359 0.08557692307692308
0 0.3371794871794872 0.5495192307692308 0.07692307692307693 0.08173076923076923
0 0.2673076923076923 0.2932692307692308 0.07564102564102564 0.08846153846153847
0 0.6089743589743589 0.20048076923076924 0.09230769230769231 0.10673076923076923
0 0.6403846153846153 0.6471153846153846 0.08076923076923077 0.08653846153846154
0 0.8275641025641025 0.4807692307692308 0.09358974358974359 0.08846153846153847
0 0.8147435897435897 0.5692307692307692 0.08846153846153847 0.09038461538461538
0 0.19294871794871796 0.2918269230769231 0.07564102564102564 0.0875
0 0.492948717948718 0.475 0.08076923076923077 0.08461538461538462
0 0.3416666666666667 0.29375 0.08076923076923077 0.0875
0 0.18846153846153846 0.6192307692307693 0.06923076923076923 0.075
0 0.49038461538461536 0.2076923076923077 0.09102564102564102 0.09038461538461538
0 0.49230769230769234 0.5567307692307693 0.07692307692307693 0.08076923076923077
0 0.26346153846153847 0.46298076923076925 0.07307692307692308 0.08365384615384615
0 0.4153846153846154 0.5524038461538462 0.07692307692307693 0.08365384615384615
0 0.2865384615384615 0.20288461538461539 0.08076923076923077 0.09038461538461538
0 0.2621794871794872 0.5451923076923076 0.07564102564102564 0.08076923076923077
0 0.4108974358974359 0.46971153846153846 0.08076923076923077 0.08557692307692308
0 0.18974358974358974 0.46057692307692305 0.07179487179487179 0.08076923076923077
0 0.6666666666666666 0.3004807692307692 0.08461538461538462 0.09134615384615384
0 0.7967948717948717 0.7418269230769231 0.08846153846153847 0.08942307692307692
0 0.575 0.4798076923076923 0.08076923076923077 0.08461538461538462
0 0.7326923076923076 0.5673076923076923 0.0858974358974359 0.08653846153846154
0 0.8384615384615385 0.2985576923076923 0.09230769230769231 0.09519230769230769
0 0.6602564102564102 0.3918269230769231 0.08717948717948718 0.08942307692307692
0 0.19230769230769232 0.37884615384615383 0.07435897435897436 0.08461538461538462
0 0.4782051282051282 0.7168269230769231 0.07948717948717948 0.0798076923076923
0 0.5608974358974359 0.6423076923076924 0.0782051282051282 0.08269230769230769
0 0.3282051282051282 0.708173076923077 0.07435897435897436 0.0798076923076923
0 0.2568974358974359 0.7035384615384614 0.06826923076923076 0.08160576923076923