0 0.6429166666666667 0.10625 0.14916666666666667 0.14375
0 0.8025 0.41125 0.16166666666666665 0.16125
0 0.6433333333333333 0.2525 0.155 0.14875
0 0.3383333333333333 0.25125 0.16 0.1525
0 0.18541666666666667 0.2475 0.16583333333333333 0.15125
0 0.63875 0.57375 0.16583333333333333 0.1775
0 0.7941666666666667 0.10875 0.15666666666666668 0.1525
0 0.79875 0.26 0.15583333333333332 0.15
0 0.305 0.56875 0.18 0.17625
0 0.8095833333333333 0.57875 0.1725 0.1775
0 0.49125 0.2525 0.14916666666666667 0.1475
0 0.14291666666666666 0.56875 0.18083333333333335 0.1725
0 0.20166666666666666 0.1059375 0.15333333333333332 0.139375
0 0.6416666666666667 0.4075 0.16 0.16125
0 0.16541666666666666 0.4025 0.1725 0.16375
0 0.32375 0.4059375 0.16583333333333333 0.161875
0 0.495 0.10625 0.145 0.1425
0 0.4841666666666667 0.40625 0.16 0.1575
0 0.3466666666666667 0.1025 0.15 0.145
0 0.47125 0.57125 0.16916666666666666 0.17375