0 0.2783333333333333 0.81109375 0.14666666666666667 0.1340625
0 0.69875 0.5078125 0.10083333333333333 0.084375
0 0.6475 0.684375 0.12333333333333334 0.10375
0 0.54 0.36625 0.10833333333333334 0.0625
0 0.55375 0.796875 0.12916666666666668 0.12
0 0.5204166666666666 0.5865625 0.1175 0.094375
0 0.1725 0.32625 0.13166666666666665 0.06875
0 0.30375 0.3425 0.12416666666666666 0.0575
0 0.39 0.40875 0.11833333333333333 0.08625
0 0.6820833333333334 0.43875 0.09416666666666666 0.07375
0 0.145 0.581875 0.14 0.1075
0 0.15166666666666667 0.4846875 0.13333333333333333 0.095625
0 0.625 0.591875 0.10333333333333333 0.0875
0 0.27875 0.68921875 0.13583333333333333 0.11469375
0 0.7191666666666666 0.5928125 0.11 0.086875
0 0.3958333333333333 0.4915625 0.11166666666666666 0.088125
0 0.6725 0.78875 0.12666666666666668 0.12125
0 0.2808333333333333 0.5840625 0.13 0.104375
0 0.4116666666666667 0.6859375 0.13 0.113125
0 0.28208333333333335 0.405625 0.11916666666666667 0.086875
0 0.12416666666666666 0.81875 0.16333333333333333 0.1375
0 0.53375 0.6859375 0.12583333333333332 0.111875
0 0.6445833333333333 0.3778125 0.0975 0.055625
0 0.75375 0.68125 0.12083333333333333 0.10125
0 0.4270833333333333 0.348125 0.1125 0.065
0 0.4058333333333333 0.5828125 0.12333333333333334 0.098125
0 0.13583333333333333 0.6928125 0.14833333333333334 0.116875
0 0.28 0.49 0.12333333333333334 0.09
0 0.6045833333333334 0.5084375 0.0975 0.083125
0 0.42291666666666666 0.80375 0.1425 0.1275
0 0.785 0.785625 0.12333333333333334 0.11
0 0.50625 0.5009375 0.1125 0.085625
0 0.49666666666666665 0.42 0.10166666666666667 0.08125
0 0.16 0.3984375 0.12833333333333333 0.095625
0 0.59125 0.43375 0.0975 0.07375