0 0.3725 0.3275 0.15333333333333332 0.145
0 0.37 0.47625 0.16833333333333333 0.15375
0 0.8333333333333334 0.32 0.165 0.14125
0 0.19833333333333333 0.63625 0.175 0.1725
0 0.5316666666666666 0.47 0.15166666666666667 0.15625
0 0.2275 0.325 0.15666666666666668 0.14375
0 0.6875 0.4671875 0.16 0.155625
0 0.84875 0.46875 0.1725 0.15875
0 0.6754166666666667 0.1759375 0.1475 0.139375
0 0.21375 0.473125 0.16583333333333333 0.1575
0 0.5204166666666666 0.32375 0.14916666666666667 0.14625
0 0.3575 0.6371875 0.16666666666666666 0.171875
0 0.81625 0.1809375 0.15083333333333335 0.136875
0 0.52875 0.184375 0.14083333333333334 0.135
0 0.51875 0.635 0.16583333333333333 0.175
0 0.69125 0.63375 0.17416666666666666 0.18
0 0.6725 0.3184375 0.15166666666666667 0.145625
0 0.25333333333333335 0.19 0.15 0.12875
0 0.8679166666666667 0.6359375 0.18416666666666667 0.175625
0 0.3875 0.19 0.14666666666666667 0.13