0 0.3645833333333333 0.404375 0.1125 0.09125
0 0.74 0.333125 0.115 0.08625
0 0.6341666666666667 0.484375 0.14333333333333334 0.07875
0 0.5125 0.321875 0.12666666666666668 0.0725
0 0.5525 0.26 0.135 0.06375
0 0.5083333333333333 0.5771875 0.12166666666666667 0.109375
0 0.6291666666666667 0.578125 0.125 0.1075
0 0.6195833333333334 0.6790625 0.15916666666666668 0.094375
0 0.3958333333333333 0.256875 0.13 0.06625
0 0.34791666666666665 0.488125 0.14083333333333334 0.07875
0 0.73625 0.4090625 0.1375 0.069375
0 0.47375 0.404375 0.10916666666666666 0.09
0 0.2425 0.3940625 0.13833333333333334 0.071875
0 0.2658333333333333 0.261875 0.12666666666666668 0.06625
0 0.38166666666666665 0.3240625 0.13 0.071875
0 0.18916666666666668 0.671875 0.13666666666666666 0.12
0 0.46125 0.680625 0.1525 0.09625
0 0.7670833333333333 0.4934375 0.12583333333333332 0.100625
0 0.31708333333333333 0.669375 0.1325 0.1175
0 0.25125 0.325625 0.1275 0.06625
0 0.6945833333333333 0.25625 0.14583333333333334 0.07125
0 0.6 0.41 0.13666666666666666 0.07375
0 0.7683333333333333 0.5878125 0.15666666666666668 0.085625
0 0.4891666666666667 0.488125 0.13833333333333334 0.07625
0 0.37166666666666665 0.5703125 0.14666666666666667 0.086875
0 0.21958333333333332 0.4790625 0.12416666666666666 0.096875
0 0.7816666666666666 0.678125 0.16 0.095
0 0.6329166666666667 0.3334375 0.10916666666666666 0.083125
0 0.22166666666666668 0.56875 0.15166666666666667 0.08375