0 0.5345833333333333 0.705 0.1225 0.0975
0 0.7791666666666667 0.395625 0.14 0.14125
0 0.6658333333333334 0.9084375 0.135 0.110625
0 0.6429166666666667 0.404375 0.13416666666666666 0.13875
0 0.8091666666666667 0.9134375 0.145 0.108125
0 0.38166666666666665 0.415 0.13333333333333333 0.1325
0 0.2475 0.4184375 0.13666666666666666 0.125625
0 0.5275 0.90125 0.12666666666666668 0.105
0 0.4116666666666667 0.524375 0.11333333333333333 0.09125
0 0.6625 0.80375 0.13166666666666665 0.1
0 0.7925 0.608125 0.13833333333333334 0.09625
0 0.395 0.896875 0.12333333333333334 0.09875
0 0.5279166666666667 0.523125 0.1225 0.09625
0 0.41125 0.7021875 0.11916666666666667 0.094375
0 0.25375 0.6146875 0.1875 0.093125
0 0.525 0.8025 0.12833333333333333 0.10125
0 0.5204166666666666 0.41125 0.1275 0.135
0 0.7870833333333334 0.5159375 0.1375 0.098125
0 0.6591666666666667 0.61 0.13333333333333333 0.095
0 0.8025 0.80875 0.14166666666666666 0.105
0 0.5370833333333334 0.61125 0.1225 0.0925
0 0.7975 0.7071875 0.13833333333333334 0.101875
0 0.6508333333333334 0.5209375 0.13 0.093125
0 0.2375 0.8021875 0.19166666666666668 0.101875
0 0.24291666666666667 0.7071875 0.1925 0.094375
0 0.4170833333333333 0.6125 0.1175 0.08875
0 0.23375 0.8975 0.1975 0.10375
0 0.245 0.525 0.17 0.08875
0 0.3975 0.79875 0.12 0.1025
0 0.6629166666666667 0.7059375 0.13416666666666666 0.099375