0 0.5880208333333333 0.321875 0.11770833333333333 0.11875
0 0.709375 0.66171875 0.11666666666666667 0.109375
0 0.5942708333333333 0.55234375 0.11770833333333333 0.1109375
0 0.10104166666666667 0.326953125 0.12708333333333333 0.11796875
0 0.3458333333333333 0.325390625 0.12083333333333333 0.11953125
0 0.4702083333333333 0.553125 0.12000000000000001 0.109375
0 0.471875 0.440625 0.11875 0.1125
0 0.8619791666666666 0.443359375 0.15729166666666666 0.08984375
0 0.5911458333333334 0.66328125 0.11770833333333333 0.109375
0 0.71875 0.435546875 0.12291666666666666 0.11484375
0 0.8619791666666666 0.353125 0.159375 0.0921875
0 0.11510416666666666 0.558984375 0.12395833333333334 0.11171875
0 0.22760416666666666 0.44375 0.12395833333333334 0.115625
0 0.22395833333333334 0.326171875 0.12291666666666666 0.11953125
0 0.8510416666666667 0.699609375 0.15625 0.08203125
0 0.3625 0.772265625 0.12083333333333333 0.10703125
0 0.7161458333333334 0.5484375 0.11979166666666667 0.1109375
0 0.24166666666666667 0.66796875 0.12291666666666666 0.1078125
0 0.35052083333333334 0.442578125 0.12395833333333334 0.11484375
0 0.2328125 0.557421875 0.12395833333333334 0.11171875
0 0.4473958333333333 0.215625 0.16145833333333334 0.096875
0 0.35833333333333334 0.665234375 0.11875 0.10859375
0 0.24479166666666666 0.775 0.11875 0.1046875
0 0.1296875 0.776171875 0.11979166666666667 0.10390625
0 0.5989583333333334 0.770703125 0.11458333333333333 0.10546875
0 0.48125 0.771484375 0.11458333333333333 0.10703125
0 0.8625 0.530859375 0.15625 0.08828125
0 0.7151041666666667 0.769140625 0.11354166666666667 0.10546875
0 0.8604166666666667 0.616796875 0.15625 0.08671875
0 0.353125 0.555078125 0.11875 0.11015625
0 0.1203125 0.66953125 0.12395833333333334 0.109375
0 0.10625 0.44453125 0.12708333333333333 0.115625
0 0.8520833333333333 0.780078125 0.15416666666666667 0.08046875
0 0.8515625 0.259375 0.18854166666666666 0.096875
0 0.465625 0.323828125 0.11875 0.11796875
0 0.5911458333333334 0.437890625 0.11770833333333333 0.11328125
0 0.7166666666666667 0.3171875 0.12083333333333333 0.1203125
0 0.47552083333333334 0.664453125 0.115625 0.10859375