0 0.44435215946843853 0.6259375 0.10465116279069768 0.073125
0 0.854235880398671 0.75375 0.09717607973421927 0.07125
0 0.23214285714285715 0.85 0.10880398671096346 0.0725
0 0.6519933554817275 0.5509375 0.09966777408637874 0.070625
0 0.7541528239202658 0.825625 0.09800664451827243 0.06875
0 0.44642857142857145 0.6975 0.10215946843853821 0.075
0 0.44559800664451826 0.5525 0.10382059800664452 0.07375
0 0.3384551495016611 0.7734375 0.10382059800664452 0.073125
0 0.7537375415282392 0.7575 0.09717607973421927 0.07
0 0.654485049833887 0.8309375 0.09800664451827243 0.071875
0 0.856312292358804 0.4796875 0.09966777408637874 0.071875
0 0.8525747508305648 0.82125 0.09717607973421927 0.07
0 0.645764119601329 0.410625 0.1004983388704319 0.0725
0 0.5481727574750831 0.6221875 0.09966777408637874 0.070625
0 0.6507475083056479 0.62125 0.09717607973421927 0.07125
0 0.337624584717608 0.55625 0.10548172757475083 0.07375
0 0.5436046511627907 0.41 0.10215946843853821 0.0725
0 0.44227574750830567 0.48125 0.10215946843853821 0.0725
0 0.7533222591362126 0.5496875 0.09966777408637874 0.069375
0 0.553156146179402 0.8375 0.10132890365448505 0.0725
0 0.332641196013289 0.409375 0.10714285714285714 0.075
0 0.44559800664451826 0.7696875 0.10215946843853821 0.074375
0 0.4393687707641196 0.41 0.10299003322259136 0.0725
0 0.8558970099667774 0.409375 0.09883720930232558 0.07125
0 0.3351328903654485 0.4834375 0.10714285714285714 0.074375
0 0.2238372093023256 0.4084375 0.11212624584717608 0.075625
0 0.10714285714285714 0.3309375 0.11295681063122924 0.078125
0 0.22674418604651161 0.6325 0.11129568106312292 0.075
0 0.10714285714285714 0.25375 0.11129568106312292 0.07625
0 0.4480897009966777 0.83875 0.10382059800664452 0.07125
0 0.11046511627906977 0.4075 0.11295681063122924 0.07625
0 0.11129568106312292 0.483125 0.11129568106312292 0.07625
0 0.2292358803986711 0.705 0.10963455149501661 0.075
0 0.5460963455149501 0.26125 0.10382059800664452 0.075
0 0.44476744186046513 0.33625 0.10382059800664452 0.075
0 0.7553986710963455 0.40875 0.1004983388704319 0.0725
0 0.8517441860465116 0.6875 0.09883720930232558 0.0675
0 0.11295681063122924 0.55875 0.11129568106312292 0.0775
0 0.6490863787375415 0.6921875 0.09883720930232558 0.071875
0 0.3280730897009967 0.25875 0.10631229235880399 0.07875
0 0.7512458471760798 0.68875 0.09883720930232558 0.0725
0 0.3351328903654485 0.3346875 0.10714285714285714 0.076875
0 0.5481727574750831 0.6925 0.09966777408637874 0.07375
0 0.22591362126245848 0.5584375 0.11129568106312292 0.074375
0 0.7583056478405316 0.26375 0.10132890365448505 0.0725
0 0.6536544850498339 0.26375 0.10299003322259136 0.07625
0 0.436046511627907 0.26125 0.10465116279069768 0.0775
0 0.8596345514950167 0.265 0.10132890365448505 0.0725
0 0.11918604651162791 0.781875 0.11046511627906977 0.0775
0 0.34136212624584716 0.84375 0.10299003322259136 0.07375
0 0.654485049833887 0.7625 0.09966777408637874 0.0725
0 0.22300664451827243 0.3325 0.11378737541528239 0.07875
0 0.7591362126245847 0.33625 0.09800664451827243 0.075
0 0.8579734219269103 0.3375 0.09966777408637874 0.0725
0 0.337624584717608 0.62875 0.10548172757475083 0.07375
0 0.11337209302325581 0.6334375 0.11212624584717608 0.074375
0 0.1212624584717608 0.855625 0.11129568106312292 0.07625
0 0.6578073089700996 0.3375 0.09966777408637874 0.075
0 0.7504152823920266 0.6175 0.09717607973421927 0.0725
0 0.2180232558139535 0.25625 0.10880398671096346 0.07625
0 0.11586378737541528 0.7071875 0.11046511627906977 0.075625
0 0.5523255813953488 0.76625 0.10132890365448505 0.075
0 0.5544019933554817 0.33625 0.1004983388704319 0.075
0 0.223421926910299 0.48375 0.11129568106312292 0.07625
0 0.853405315614618 0.619375 0.1004983388704319 0.07
0 0.8575581395348837 0.5496875 0.10215946843853821 0.069375
0 0.3392857142857143 0.7025 0.10548172757475083 0.0775
0 0.5448504983388704 0.4809375 0.10132890365448505 0.071875
0 0.7541528239202658 0.48 0.10132890365448505 0.07125
0 0.6478405315614618 0.48125 0.10132890365448505 0.07125
0 0.5508887043189369 0.5514249999999999 0.1032890365448505 0.07080625
0 0.22991694352159467 0.77733125 0.11099667774086378 0.07261875