0 0.7583333333333333 0.78 0.11 0.11125
0 0.6579166666666667 0.78 0.0925 0.10625
0 0.6375 0.42625 0.1 0.13
0 0.6541666666666667 0.6646875 0.105 0.125625
0 0.75375 0.66125 0.10583333333333333 0.12625
0 0.74375 0.535625 0.10916666666666666 0.1275
0 0.5391666666666667 0.333125 0.09666666666666666 0.1325
0 0.2375 0.3434375 0.16666666666666666 0.076875
0 0.374075 0.6125875 0.14351666666666665 0.059824999999999996
0 0.5366666666666666 0.4596875 0.1 0.124375
0 0.40375 0.3421875 0.16916666666666666 0.079375
0 0.5175 0.5525 0.14333333333333334 0.06125
0 0.7375 0.40625 0.105 0.13125
0 0.6383333333333333 0.54625 0.095 0.1125
0 0.4058333333333333 0.489375 0.165 0.075
0 0.24125 0.67375 0.13583333333333333 0.06375
0 0.4025 0.4171875 0.16666666666666666 0.076875
0 0.24125 0.41625 0.1625 0.07375
0 0.2475 0.488125 0.15833333333333333 0.0725
0 0.5191666666666667 0.613125 0.145 0.06125
0 0.38625 0.7984375 0.14083333333333334 0.064375
0 0.6891666666666667 0.309375 0.18833333333333332 0.09875
0 0.38083333333333336 0.6734375 0.145 0.063125
0 0.23916666666666667 0.61013125 0.13333333333333333 0.06473124999999999
0 0.38333333333333336 0.7346875 0.145 0.063125
0 0.24666666666666667 0.73375 0.13833333333333334 0.0625
0 0.24625 0.795 0.1375 0.0675
0 0.5275 0.67375 0.15166666666666667 0.065
0 0.5341666666666667 0.80096875 0.15 0.06680625
0 0.5333333333333333 0.7379187500000001 0.15 0.0683375
0 0.23592500000000002 0.55228125 0.13185 0.059837499999999995
0 0.37481666666666663 0.5546375 0.145925 0.059000000000000004