0 0.5375 0.5775 0.17 0.18375
0 0.7029166666666666 0.75375 0.15916666666666668 0.18125
0 0.17541666666666667 0.38625 0.19416666666666665 0.20375
0 0.8570833333333333 0.74375 0.1475 0.175
0 0.17541666666666667 0.5871875 0.1925 0.195625
0 0.8575 0.57375 0.145 0.17125
0 0.535 0.76375 0.17166666666666666 0.19
0 0.8629166666666667 0.4025 0.16416666666666666 0.17375
0 0.3641666666666667 0.3909375 0.18 0.193125
0 0.7041666666666667 0.3975 0.165 0.18
0 0.5354166666666667 0.395 0.16583333333333333 0.18375
0 0.7045833333333333 0.5759375 0.1625 0.176875
0 0.17791666666666667 0.7809375 0.19416666666666665 0.198125
0 0.7258333333333333 0.19625 0.2 0.225
0 0.3616666666666667 0.5809375 0.18166666666666667 0.189375
0 0.36291666666666667 0.1896875 0.1825 0.211875
0 0.5441666666666667 0.1975 0.185 0.2125
0 0.36125 0.771875 0.1825 0.19375
0 0.8941666666666667 0.21625 0.17833333333333334 0.2025
0 0.1775 0.1784375 0.195 0.215625