0 0.5230769230769231 0.24951923076923077 0.12051282051282051 0.06826923076923076
0 0.46923076923076923 0.7745192307692308 0.08205128205128205 0.0875
0 0.6512820512820513 0.325 0.09230769230769231 0.1
0 0.3128205128205128 0.7615384615384615 0.07692307692307693 0.08653846153846154
0 0.24166666666666667 0.5908653846153846 0.0782051282051282 0.0875
0 0.6378205128205128 0.7822115384615385 0.0858974358974359 0.09326923076923077
0 0.4756410256410256 0.4221153846153846 0.08461538461538462 0.09423076923076923
0 0.5673076923076923 0.6033653846153846 0.08846153846153847 0.08942307692307692
0 0.39807692307692305 0.5120192307692307 0.08076923076923077 0.0875
0 0.3173076923076923 0.5067307692307692 0.08076923076923077 0.08653846153846154
0 0.31858974358974357 0.3298076923076923 0.08076923076923077 0.09230769230769231
0 0.39871794871794874 0.6846153846153846 0.08205128205128205 0.08846153846153847
0 0.5538461538461539 0.7764423076923077 0.08461538461538462 0.08942307692307692
0 0.7423076923076923 0.31826923076923075 0.09487179487179487 0.1
0 0.8262820512820512 0.7038461538461539 0.09615384615384616 0.09615384615384616
0 0.2108974358974359 0.24375 0.0858974358974359 0.0875
0 0.39294871794871794 0.5980769230769231 0.08076923076923077 0.08846153846153847
0 0.2423076923076923 0.50625 0.07948717948717948 0.0875
0 0.16794871794871793 0.3326923076923077 0.07435897435897436 0.08653846153846154
0 0.39294871794871794 0.4230769230769231 0.08076923076923077 0.09038461538461538
0 0.391025641025641 0.7677884615384616 0.07948717948717948 0.08557692307692308
0 0.5628205128205128 0.42259615384615384 0.09230769230769231 0.09519230769230769
0 0.7423076923076923 0.41442307692307695 0.09487179487179487 0.09807692307692308
0 0.7423076923076923 0.6067307692307692 0.09230769230769231 0.09230769230769231
0 0.6532051282051282 0.4201923076923077 0.09358974358974359 0.09423076923076923
0 0.8185897435897436 0.21875 0.08846153846153847 0.09326923076923077
0 0.3173076923076923 0.5932692307692308 0.08076923076923077 0.08846153846153847
0 0.2423076923076923 0.3317307692307692 0.07435897435897436 0.08846153846153847
0 0.8371794871794872 0.31298076923076923 0.1 0.10096153846153846
0 0.742948717948718 0.5125 0.09358974358974359 0.09807692307692308
0 0.39871794871794874 0.3317307692307692 0.08717948717948718 0.08846153846153847
0 0.6493589743589744 0.2283653846153846 0.08846153846153847 0.09711538461538462
0 0.47884615384615387 0.6879807692307692 0.0858974358974359 0.0875
0 0.3141025641025641 0.4201923076923077 0.07948717948717948 0.09038461538461538
0 0.735897435897436 0.698076923076923 0.08974358974358974 0.09038461538461538
0 0.8192307692307692 0.79375 0.09487179487179487 0.09519230769230769
0 0.4814102564102564 0.3298076923076923 0.08333333333333333 0.09230769230769231
0 0.5634615384615385 0.5129807692307692 0.08846153846153847 0.09134615384615384
0 0.8358974358974359 0.4129807692307692 0.09487179487179487 0.09903846153846153
0 0.4794871794871795 0.5120192307692307 0.08717948717948718 0.0875
0 0.4044871794871795 0.24182692307692308 0.0858974358974359 0.09519230769230769
0 0.6506410256410257 0.5129807692307692 0.09102564102564102 0.09519230769230769
0 0.6493589743589744 0.6942307692307692 0.09358974358974359 0.08846153846153847
0 0.8365384615384616 0.6081730769230769 0.09358974358974359 0.09519230769230769
0 0.8365384615384616 0.5120192307692307 0.09358974358974359 0.09903846153846153
0 0.5628205128205128 0.6908653846153846 0.08717948717948718 0.0875
0 0.6532051282051282 0.6057692307692307 0.09102564102564102 0.09230769230769231
0 0.16794871794871793 0.41923076923076924 0.07435897435897436 0.08653846153846154
0 0.7282051282051282 0.7879807692307692 0.09230769230769231 0.09519230769230769
0 0.16794871794871793 0.5879807692307693 0.07435897435897436 0.08557692307692308
0 0.4807692307692308 0.6004807692307692 0.08717948717948718 0.09134615384615384
0 0.31794871794871793 0.6783653846153846 0.07948717948717948 0.0875
0 0.2378205128205128 0.7567307692307692 0.07307692307692308 0.08269230769230769
0 0.31025641025641026 0.24086538461538462 0.11025641025641025 0.09134615384615384
0 0.2391025641025641 0.41971153846153847 0.07307692307692308 0.0875
0 0.5641025641025641 0.3269230769230769 0.08974358974358974 0.09423076923076923
0 0.1685897435897436 0.5043269230769231 0.07307692307692308 0.08365384615384615
0 0.1737179487179487 0.66875 0.07051282051282051 0.08173076923076923
0 0.1685897435897436 0.7485576923076923 0.06794871794871794 0.08557692307692308
0 0.24294871794871795 0.6745192307692308 0.07564102564102564 0.08557692307692308