0 0.35083333333333333 0.395 0.12833333333333333 0.1125
0 0.8104166666666667 0.296875 0.1225 0.1075
0 0.6879166666666666 0.294375 0.12083333333333333 0.1075
0 0.60125 0.2040625 0.1525 0.071875
0 0.5679166666666666 0.290625 0.12083333333333333 0.10875
0 0.4691666666666667 0.3959375 0.12833333333333333 0.113125
0 0.6108333333333333 0.56625 0.17833333333333334 0.0975
0 0.3908333333333333 0.214375 0.125 0.09875
0 0.6129166666666667 0.475 0.17083333333333334 0.09125
0 0.23166666666666666 0.3940625 0.13 0.113125
0 0.6154166666666666 0.38984375 0.16583333333333333 0.08469375
0 0.3333333333333333 0.5115625 0.13666666666666666 0.124375
0 0.79 0.3903125 0.175 0.084375
0 0.42875 0.3 0.1575 0.0775
0 0.27375 0.213125 0.1225 0.09625
0 0.18791666666666668 0.6378125 0.14583333333333334 0.134375
0 0.6083333333333333 0.665625 0.18833333333333332 0.1075
0 0.7954166666666667 0.4778125 0.18083333333333335 0.091875
0 0.4583333333333333 0.51375 0.13333333333333333 0.125
0 0.31666666666666665 0.640625 0.14333333333333334 0.135
0 0.2675 0.299375 0.16 0.07875
0 0.7691666666666667 0.2059375 0.16333333333333333 0.073125
0 0.8004166666666667 0.571875 0.1875 0.1
0 0.21041666666666667 0.5103125 0.13916666666666666 0.124375
0 0.8058333333333333 0.6721875 0.195 0.108125
0 0.4479166666666667 0.6434375 0.13916666666666666 0.136875