0 0.7200996677740864 0.675 0.11960132890365449 0.0825
0 0.715531561461794 0.5209375 0.11046511627906977 0.075625
0 0.1931063122923588 0.745625 0.09883720930232558 0.075
0 0.529485049833887 0.2928125 0.09053156146179402 0.064375
0 0.8214285714285714 0.37921875 0.09966777408637874 0.0728125
0 0.4950166112956811 0.7534375 0.10631229235880399 0.083125
0 0.20556478405315615 0.6721875 0.09551495016611296 0.070625
0 0.529485049833887 0.349375 0.0872093023255814 0.06375
0 0.6050664451827242 0.7559375 0.11378737541528239 0.086875
0 0.5016611295681063 0.5996875 0.09966777408637874 0.070625
0 0.5124584717607974 0.46625 0.09634551495016612 0.065
0 0.606312292358804 0.59625 0.10465116279069768 0.07375
0 0.43646179401993357 0.30015625 0.08388704318936877 0.0609375
0 0.6092192691029901 0.5275 0.09883720930232558 0.07125
0 0.35340531561461797 0.3075 0.0872093023255814 0.0625
0 0.8214285714285714 0.31875 0.09634551495016612 0.06625625
0 0.18687707641196014 0.3703125 0.08637873754152824 0.060625
0 0.10299003322259136 0.7421875 0.09136212624584718 0.073125
0 0.1308139534883721 0.604375 0.0872093023255814 0.06625
0 0.2346345514950166 0.539375 0.09053156146179402 0.06375
0 0.39368770764119604 0.6734375 0.10132890365448505 0.074375
0 0.33430232558139533 0.473125 0.08222591362126246 0.0625
0 0.622093023255814 0.3409375 0.0946843853820598 0.065625
0 0.84343853820598 0.6775 0.12541528239202657 0.08375
0 0.4269102990033223 0.4115625 0.08803986710963455 0.063125
0 0.7171926910299004 0.45625 0.10714285714285714 0.07
0 0.6287375415282392 0.28109375 0.0946843853820598 0.06406875000000001
0 0.7230066445182725 0.7603125 0.12043189368770764 0.089375
0 0.2599667774086379 0.423125 0.08471760797342193 0.0575
0 0.4372923588039867 0.356875 0.09053156146179402 0.06
0 0.3434385382059801 0.416875 0.08222591362126246 0.06
0 0.6025747508305648 0.6728125 0.10880398671096346 0.080625
0 0.3106312292358804 0.60125 0.0946843853820598 0.06875
0 0.8309800664451827 0.5171875 0.11877076411960133 0.076875
0 0.8363787375415282 0.5953125 0.12292358803986711 0.080625
0 0.1611295681063123 0.4815625 0.07973421926910298 0.058125
0 0.4186046511627907 0.471875 0.08970099667774087 0.06375
0 0.3525747508305648 0.3615625 0.08222591362126246 0.056875
0 0.12250830564784053 0.67125 0.09385382059800665 0.06875
0 0.26993355481727577 0.3665625 0.08970099667774087 0.060625
0 0.7250830564784053 0.27171875 0.09634551495016612 0.06469375000000001
0 0.4127906976744186 0.5353125 0.09302325581395349 0.066875
0 0.40406976744186046 0.6009375 0.09385382059800665 0.070625
0 0.3235049833887043 0.5359375 0.09053156146179402 0.064375
0 0.1461794019933555 0.5409375 0.08970099667774087 0.061875
0 0.7188538205980066 0.3903125 0.10215946843853821 0.070625
0 0.2707641196013289 0.31375 0.08803986710963455 0.05625
0 0.8475913621262459 0.76375 0.1303986710963455 0.09
0 0.2973421926910299 0.671875 0.09966777408637874 0.0725
0 0.507890365448505 0.53140625 0.09883720930232558 0.06906875
0 0.7167774086378738 0.5959375 0.11295681063122924 0.078125
0 0.7209302325581395 0.3321875 0.09966777408637874 0.064375
0 0.8201827242524917 0.2471875 0.09219269102990033 0.056875
0 0.5203488372093024 0.404375 0.09385382059800665 0.06375
0 0.17857142857142858 0.4271875 0.07973421926910298 0.056875
0 0.6175249169435216 0.39875 0.09717607973421927 0.06625
0 0.6092192691029901 0.461875 0.1004983388704319 0.0675
0 0.3903654485049834 0.7515625 0.10631229235880399 0.080625
0 0.22051495016611294 0.603125 0.09551495016611296 0.06625
0 0.24833887043189368 0.47875 0.08970099667774087 0.06125
0 0.4950166112956811 0.673125 0.10299003322259136 0.0775
0 0.8255813953488372 0.4478125 0.10963455149501661 0.074375
0 0.2898671096345515 0.748125 0.10132890365448505 0.07875