0 0.7325 0.5 0.16166666666666665 0.1925
0 0.7516666666666667 0.70375 0.17666666666666667 0.21875
0 0.42541666666666667 0.7021875 0.1675 0.205625
0 0.5891666666666666 0.7021875 0.16166666666666665 0.213125
0 0.85625 0.3196875 0.1625 0.170625
0 0.71625 0.32875 0.1475 0.1625
0 0.91 0.705 0.17833333333333334 0.22625
0 0.44375 0.51125 0.1425 0.1775
0 0.27666666666666667 0.70125 0.17166666666666666 0.2
0 0.13541666666666666 0.7 0.17083333333333334 0.195
0 0.8879166666666667 0.495 0.1825 0.195
0 0.31 0.5121875 0.15333333333333332 0.175625
0 0.5833333333333334 0.3375 0.13 0.15875
0 0.21333333333333335 0.3521875 0.14 0.146875
0 0.5854166666666667 0.50875 0.1425 0.17875
0 0.7616666666666667 0.20625 0.25333333333333335 0.0925
0 0.17541666666666667 0.5125 0.16416666666666666 0.175
0 0.33125 0.35 0.13583333333333333 0.14875
0 0.29625 0.243125 0.21583333333333332 0.07125
0 0.51625 0.23125 0.23583333333333334 0.085
0 0.4529166666666667 0.3475 0.1325 0.15125