0 0.19847670250896057 0.7870942812982998 0.19086021505376344 0.19860896445131376
0 0.3664874551971326 0.7793663060278208 0.18458781362007168 0.20015455950540958
0 0.8109318996415771 0.7828438948995363 0.23476702508960573 0.14683153013910355
0 0.5730286738351255 0.7998454404945904 0.24283154121863798 0.14528593508500773
0 0.3396057347670251 0.5815301391035549 0.1863799283154122 0.20942812982998454
0 0.5636200716845878 0.6642194744976816 0.24731182795698925 0.14760432766615147
0 0.16218637992831542 0.5869397217928902 0.1953405017921147 0.21097372488408037
0 0.3163082437275986 0.366306027820711 0.2007168458781362 0.23183925811437403
0 0.871415770609319 0.13330757341576507 0.19982078853046595 0.26661514683153015
0 0.8042114695340502 0.5046367851622875 0.2517921146953405 0.16228748068006182
0 0.5483870967741935 0.5212519319938176 0.25627240143369173 0.15996908809891808
0 0.5452508960573477 0.3693972179289026 0.26433691756272404 0.1731066460587326
0 0.671146953405018 0.14258114374034003 0.1971326164874552 0.27743431221020093
0 0.1339605734767025 0.3655332302936631 0.20519713261648745 0.23493044822256567
0 0.15098566308243727 0.15649149922720249 0.28584229390681004 0.18624420401854713
0 0.8163082437275986 0.34969088098918083 0.2670250896057348 0.17542503863987635
0 0.8100358422939068 0.6460587326120556 0.24372759856630824 0.1545595054095827
0 0.4305555555555556 0.15571870170015456 0.2948028673835125 0.1955177743431221