0 0.6591666666666667 0.8925 0.15833333333333333 0.1375
0 0.12041666666666667 0.6346875 0.1175 0.110625
0 0.8133333333333334 0.77 0.17 0.13625
0 0.8041666666666667 0.63875 0.16666666666666666 0.1325
0 0.23458333333333334 0.869375 0.1275 0.125
0 0.5091666666666667 0.88375 0.14833333333333334 0.13
0 0.6554166666666666 0.7634375 0.15583333333333332 0.130625
0 0.11875 0.7459375 0.11916666666666667 0.116875
0 0.3670833333333333 0.8771875 0.1425 0.129375
0 0.6491666666666667 0.6371875 0.155 0.128125
0 0.7941666666666667 0.3825 0.16166666666666665 0.13125
0 0.7983333333333333 0.50875 0.165 0.13
0 0.36666666666666664 0.40375 0.13333333333333333 0.11875
0 0.50875 0.75875 0.1475 0.12875
0 0.7766666666666666 0.26875 0.17333333333333334 0.11375
0 0.64 0.39125 0.14833333333333334 0.12875
0 0.24 0.750625 0.12666666666666668 0.12
0 0.11208333333333333 0.86125 0.12083333333333333 0.11625
0 0.3695833333333333 0.755 0.1375 0.125
0 0.645 0.5125 0.15 0.1225
0 0.50375 0.6359375 0.1425 0.120625
0 0.12041666666666667 0.525625 0.1175 0.10875
0 0.44208333333333333 0.2934375 0.1525 0.105625
0 0.24041666666666667 0.52125 0.12916666666666668 0.1125
0 0.5029166666666667 0.5175 0.1425 0.12
0 0.1475 0.3134375 0.14833333333333334 0.101875
0 0.29125 0.30375 0.1475 0.10375
0 0.23916666666666667 0.635 0.12666666666666668 0.115
0 0.11916666666666667 0.4175 0.12166666666666667 0.1125
0 0.24 0.41125 0.13 0.11375
0 0.3675 0.51875 0.135 0.1175
0 0.4979166666666667 0.3984375 0.1425 0.124375
0 0.6066666666666667 0.28125 0.16333333333333333 0.11
0 0.3675 0.635 0.13666666666666666 0.11875
0 0.8170833333333334 0.90125 0.1675 0.14