0 0.8894856770833334 0.573406862745098 0.13639322916666666 0.13014705882352942
0 0.57177734375 0.578186274509804 0.18001302083333334 0.14411764705882352
0 0.3671875 0.1547794117647059 0.22265625 0.17573529411764705
0 0.7303059895833334 0.439828431372549 0.15397135416666666 0.1340686274509804
0 0.7433268229166666 0.5735294117647058 0.16438802083333334 0.1426470588235294
0 0.7228190104166666 0.3104166666666667 0.1630859375 0.1428921568627451
0 0.57470703125 0.7262254901960784 0.17740885416666666 0.15588235294117647
0 0.3776041666666667 0.5830882352941177 0.22330729166666666 0.15637254901960784
0 0.7386067708333334 0.7153186274509804 0.15104166666666666 0.1409313725490196
0 0.38427734375 0.7397058823529412 0.2080078125 0.1715686274509804
0 0.5517578125 0.18149509803921568 0.185546875 0.13848039215686275
0 0.7086588541666666 0.18639705882352942 0.16731770833333334 0.14387254901960783
0 0.8583984375 0.2153186274509804 0.140625 0.13112745098039216
0 0.1513671875 0.1329607843137255 0.2526041666666667 0.16591666666666668
0 0.55224609375 0.30857843137254903 0.19889322916666666 0.1323529411764706
0 0.8782552083333334 0.7033088235294118 0.13736979166666666 0.13014705882352942
0 0.14420572916666666 0.27009803921568626 0.2421875 0.16911764705882354
0 0.5760091145833334 0.4368872549019608 0.1806640625 0.14387254901960783
0 0.3831380208333333 0.4306372549019608 0.23567708333333334 0.14607843137254903
0 0.8697916666666666 0.3238970588235294 0.13216145833333334 0.11593137254901961
0 0.35888671875 0.2974264705882353 0.20149739583333334 0.1482843137254902
0 0.15348307291666666 0.5927696078431373 0.23860677083333334 0.17230392156862745
0 0.16292317708333334 0.7625024509803923 0.24446614583333334 0.18823039215686274
0 0.1484375 0.42916666666666664 0.24479166666666666 0.15343137254901962
0 0.88427734375 0.44607843137254904 0.16438802083333334 0.13480392156862744