0 0.4608333333333333 0.754375 0.135 0.14875
0 0.18041666666666667 0.61875 0.14416666666666667 0.1475
0 0.5958333333333333 0.75 0.135 0.145
0 0.4554166666666667 0.47 0.13083333333333333 0.14
0 0.7270833333333333 0.7409375 0.1275 0.143125
0 0.5879166666666666 0.46875 0.13083333333333333 0.1375
0 0.45458333333333334 0.61125 0.13083333333333333 0.1425
0 0.7241666666666666 0.32375 0.14 0.14875
0 0.17916666666666667 0.4709375 0.14666666666666667 0.148125
0 0.45125 0.3221875 0.13416666666666666 0.150625
0 0.1825 0.765 0.145 0.1475
0 0.3233333333333333 0.76 0.14 0.1475
0 0.32083333333333336 0.615 0.13666666666666666 0.145
0 0.31666666666666665 0.3225 0.13666666666666666 0.14875
0 0.1725 0.3175 0.14666666666666667 0.15375
0 0.5883333333333334 0.32625 0.13166666666666665 0.145
0 0.5870833333333333 0.6084375 0.13416666666666666 0.138125
0 0.7175 0.605625 0.125 0.13125
0 0.7208333333333333 0.47 0.135 0.13875
0 0.32 0.47 0.14 0.14375