0 0.1259765625 0.7147058823529412 0.19466145833333334 0.14705882352941177
0 0.11474609375 0.273406862745098 0.20930989583333334 0.14681372549019608
0 0.3229166666666667 0.717156862745098 0.20182291666666666 0.14901960784313725
0 0.111328125 0.4153186274509804 0.20442708333333334 0.16053921568627452
0 0.11490885416666667 0.5682598039215686 0.20052083333333334 0.15220588235294116
0 0.5364583333333334 0.2566176470588235 0.18880208333333334 0.14852941176470588
0 0.3152669270833333 0.5686274509803921 0.20149739583333334 0.15196078431372548
0 0.5250651041666666 0.7099264705882353 0.20572916666666666 0.16004901960784312
0 0.5086263020833334 0.3998774509803922 0.21061197916666666 0.14926470588235294
0 0.7350260416666666 0.714828431372549 0.2265625 0.16053921568627452
0 0.7145182291666666 0.5552696078431373 0.216796875 0.1644607843137255
0 0.734375 0.2508578431372549 0.21158854166666666 0.1644607843137255
0 0.5099283854166666 0.5523284313725491 0.1923828125 0.15661764705882353
0 0.3299153645833333 0.2725490196078431 0.2255859375 0.15098039215686274
0 0.9104817708333334 0.5600490196078431 0.17903645833333334 0.14705882352941177
0 0.3053385416666667 0.41862745098039217 0.19856770833333334 0.15245098039215688
0 0.7233072916666666 0.40269607843137256 0.21419270833333334 0.1480392156862745
0 0.9161783854166666 0.714828431372549 0.16048177083333334 0.1625
0 0.9173177083333334 0.24791666666666667 0.16536458333333334 0.15661764705882353
0 0.9134114583333334 0.40600735294117646 0.17317708333333334 0.1647107843137255