0 0.27392578125 0.43615196078431373 0.09602864583333333 0.07083333333333333
0 0.5579427083333334 0.3724264705882353 0.08658854166666667 0.06887254901960785
0 0.4576822916666667 0.30919117647058825 0.09375 0.0713235294117647
0 0.5538736979166666 0.5067401960784313 0.09212239583333333 0.07083333333333333
0 0.4622395833333333 0.5735294117647058 0.09244791666666667 0.06372549019607843
0 0.15657552083333334 0.29351225490196076 0.10611979166666667 0.07329901960784314
0 0.3668619791666667 0.5752450980392156 0.09635416666666667 0.0642156862745098
0 0.37060546875 0.43995098039215685 0.10319010416666667 0.07303921568627451
0 0.36181640625 0.30159313725490194 0.09798177083333333 0.07279411764705883
0 0.5476888020833334 0.30747549019607845 0.08821614583333333 0.07034313725490196
0 0.16748046875 0.43529411764705883 0.10904947916666667 0.07303921568627451
0 0.2613932291666667 0.28958333333333336 0.10026041666666667 0.07769607843137255
0 0.267578125 0.5049019607843137 0.09765625 0.07009803921568628
0 0.5558268229166666 0.4387254901960784 0.09212239583333333 0.06666666666666667
0 0.380859375 0.3713235294117647 0.09440104166666667 0.0696078431372549
0 0.5537109375 0.5730392156862745 0.08658854166666667 0.060294117647058824
0 0.2649739583333333 0.5743872549019607 0.10026041666666667 0.07034313725490196
0 0.16357421875 0.5770833333333333 0.10384114583333333 0.06936274509803922
0 0.4583333333333333 0.5090686274509804 0.09765625 0.0642156862745098
0 0.4632161458333333 0.44424019607843135 0.08984375 0.06740196078431372
0 0.36279296875 0.5091911764705882 0.09342447916666667 0.06593137254901961
0 0.16259765625 0.5079656862745098 0.10123697916666667 0.0732843137254902
0 0.2687174479166667 0.364828431372549 0.0986328125 0.07573529411764705
0 0.16373697916666666 0.36446078431372547 0.10611979166666667 0.07107843137254902
0 0.4703776041666667 0.37745098039215685 0.08658854166666667 0.07254901960784314