0 0.34875 0.36 0.08916666666666667 0.07375
0 0.35083333333333333 0.4334375 0.09 0.074375
0 0.34791666666666665 0.2125 0.09083333333333334 0.075
0 0.2625 0.435 0.09 0.0725
0 0.26375 0.5075 0.08916666666666667 0.07125
0 0.5258333333333334 0.2875 0.09 0.075
0 0.17 0.36125 0.09 0.075
0 0.5258333333333334 0.2121875 0.09 0.076875
0 0.165 0.21 0.095 0.0775
0 0.4379166666666667 0.2134375 0.0875 0.076875
0 0.16791666666666666 0.28625 0.0925 0.07625
0 0.26 0.361875 0.09 0.075
0 0.17875 0.7209375 0.08916666666666667 0.070625
0 0.7870833333333334 0.21375 0.0875 0.07625
0 0.5225 0.3609375 0.09 0.073125
0 0.17875 0.650625 0.0875 0.07125
0 0.6166666666666667 0.213125 0.09 0.07875
0 0.6125 0.29 0.08833333333333333 0.075
0 0.4375 0.2875 0.08833333333333333 0.075
0 0.26875 0.7196875 0.0875 0.070625
0 0.25708333333333333 0.2121875 0.0925 0.076875
0 0.35541666666666666 0.64625 0.0875 0.07125
0 0.3525 0.5759375 0.08666666666666667 0.071875
0 0.26375 0.57875 0.08916666666666667 0.0725
0 0.17583333333333334 0.5796875 0.08833333333333333 0.071875
0 0.78625 0.2875 0.0875 0.07375
0 0.43916666666666665 0.4325 0.08833333333333333 0.07375
0 0.5254166666666666 0.4325 0.08916666666666667 0.0725
0 0.25916666666666666 0.2875 0.09 0.07625
0 0.61 0.3625 0.08666666666666667 0.07125
0 0.4404166666666667 0.575625 0.08583333333333333 0.07125
0 0.5241666666666667 0.50375 0.085 0.07125
0 0.7795833333333333 0.64125 0.0825 0.06875
0 0.26625 0.65 0.0875 0.0725
0 0.4425 0.7146875 0.085 0.070625
0 0.6945833333333333 0.504375 0.0825 0.07
0 0.7016666666666667 0.2175 0.085 0.075
0 0.7825 0.4325 0.085 0.07125
0 0.695 0.6421875 0.08333333333333333 0.069375
0 0.6975 0.434375 0.085 0.0725
0 0.61 0.5046875 0.08666666666666667 0.070625
0 0.5270833333333333 0.7125 0.0825 0.07125
0 0.7795833333333333 0.5725 0.0825 0.07
0 0.6108333333333333 0.645 0.085 0.07125
0 0.525 0.57375 0.085 0.07125
0 0.6991666666666667 0.2909375 0.085 0.074375
0 0.3566666666666667 0.71625 0.08666666666666667 0.07
0 0.78 0.5025 0.08666666666666667 0.07125
0 0.5258333333333334 0.64375 0.085 0.07
0 0.69625 0.71125 0.08416666666666667 0.06875
0 0.17458333333333334 0.5075 0.0875 0.07375
0 0.6095833333333334 0.5746875 0.0825 0.070625
0 0.3475 0.28625 0.09 0.07375
0 0.4370833333333333 0.36 0.0875 0.07375
0 0.3516666666666667 0.5059375 0.08666666666666667 0.071875
0 0.7795833333333333 0.7096875 0.0825 0.070625
0 0.44166666666666665 0.645625 0.085 0.07125
0 0.6954166666666667 0.57375 0.08583333333333333 0.07125
0 0.7845833333333333 0.36125 0.0875 0.0725
0 0.6970833333333334 0.3634375 0.08583333333333333 0.071875
0 0.17291666666666666 0.435 0.09083333333333334 0.07375
0 0.6120833333333333 0.7125 0.08416666666666667 0.06875
0 0.6125 0.434375 0.08666666666666667 0.0725
0 0.43869166666666665 0.50596875 0.084525 0.07051249999999999