0 0.74296875 0.45208333333333334 0.0765625 0.13333333333333333
0 0.40703125 0.8958333333333334 0.0953125 0.14583333333333334
0 0.38828125 0.4791666666666667 0.0953125 0.14166666666666666
0 0.565625 0.13125 0.103125 0.25416666666666665
0 0.58515625 0.8708333333333333 0.0859375 0.14583333333333334
0 0.5724218750000001 0.5989583333333334 0.088578125 0.14375
0 0.28359375 0.17916666666666667 0.0984375 0.15
0 0.67890625 0.058333333333333334 0.1046875 0.1125
0 0.49140625 0.75 0.0890625 0.14583333333333334
0 0.665625 0.8541666666666666 0.084375 0.14166666666666666
0 0.578125 0.7375 0.0875 0.14166666666666666
0 0.7421875 0.7114583333333333 0.08125 0.13541666666666666
0 0.8171875 0.44895833333333335 0.071875 0.12708333333333333
0 0.66171875 0.5895833333333333 0.0953125 0.1375
0 0.80859375 0.32083333333333336 0.0859375 0.12916666666666668
0 0.49765625 0.8854166666666666 0.0890625 0.14583333333333334
0 0.7375 0.18125 0.078125 0.13333333333333333
0 0.31484375 0.9114583333333334 0.0953125 0.15208333333333332
0 0.29609375 0.484375 0.0984375 0.14791666666666667
0 0.65859375 0.18020833333333333 0.0828125 0.13958333333333334
0 0.82109375 0.7041666666666667 0.0796875 0.12916666666666668
0 0.39453125 0.6197916666666666 0.0921875 0.14375
0 0.478125 0.47604166666666664 0.090625 0.13958333333333334
0 0.5625 0.06041666666666667 0.128125 0.12083333333333333
0 0.400484375 0.7603333333333333 0.09278125000000001 0.14568750000000003
0 0.4734375 0.3333333333333333 0.090625 0.14166666666666666
0 0.3828125 0.334375 0.09375 0.14375
0 0.31015625 0.7708333333333334 0.0953125 0.14583333333333334
0 0.6609375 0.725 0.084375 0.1375
0 0.81953125 0.5760416666666667 0.0734375 0.12708333333333333
0 0.28984375 0.334375 0.0984375 0.14791666666666667
0 0.378125 0.18854166666666666 0.096875 0.14791666666666667
0 0.75 0.8375 0.090625 0.13333333333333333
0 0.46875 0.18854166666666666 0.09375 0.14375
0 0.575 0.46458333333333335 0.10625 0.1375
0 0.48359375 0.6145833333333334 0.0890625 0.14166666666666666
0 0.4421875 0.059375 0.109375 0.11875
0 0.303125 0.6291666666666667 0.09375 0.14583333333333334
0 0.728125 0.31979166666666664 0.08125 0.13541666666666666
0 0.83046875 0.8239583333333333 0.0734375 0.13125
0 0.7453125 0.5822916666666667 0.075 0.13125
0 0.8125 0.184375 0.075 0.13125
0 0.66640625 0.45729166666666665 0.0828125 0.13541666666666666
0 0.56015625 0.32916666666666666 0.0859375 0.1375
0 0.64765625 0.321875 0.0921875 0.13958333333333334