0 0.15109034267912771 0.362890625 0.18795430944963656 0.15234375
0 0.32346832814122534 0.659375 0.17757009345794392 0.1578125
0 0.1407061266874351 0.662890625 0.19003115264797507 0.15859375
0 0.3307372793354102 0.51015625 0.17757009345794392 0.1453125
0 0.1474558670820353 0.510546875 0.18899273104880582 0.14921875
0 0.7232606438213914 0.226953125 0.181723779854621 0.15546875
0 0.3359293873312565 0.228515625 0.16510903426791276 0.13359375
0 0.3302180685358255 0.3640625 0.17653167185877466 0.1453125
0 0.7440290758047767 0.50546875 0.181723779854621 0.1453125
0 0.7393561786085151 0.3609375 0.19106957424714435 0.146875
0 0.5290758047767393 0.3078125 0.22741433021806853 0.11875
0 0.7409138110072689 0.654296875 0.17964693665628245 0.15390625
0 0.1671858774662513 0.226953125 0.17653167185877466 0.14765625
0 0.5306334371754933 0.66953125 0.2367601246105919 0.1265625
0 0.5373831775700935 0.5484375 0.22949117341640707 0.1234375
0 0.5347871235721703 0.4265625 0.2367601246105919 0.1203125
0 0.5253271028037383 0.1948515625 0.21991692627206647 0.1081015625