0 0.18833333333333332 0.5825 0.15 0.12125
0 0.84375 0.7646875 0.11083333333333334 0.109375
0 0.17875 0.343125 0.15416666666666667 0.12125
0 0.18958333333333333 0.23375 0.1625 0.10375
0 0.48083333333333333 0.79875 0.135 0.12125
0 0.33875 0.6946875 0.1425 0.124375
0 0.18416666666666667 0.4634375 0.155 0.120625
0 0.3433333333333333 0.8109375 0.145 0.126875
0 0.7316666666666667 0.775625 0.11666666666666667 0.11375
0 0.33375 0.5784375 0.1425 0.118125
0 0.33125 0.463125 0.1425 0.1175
0 0.6104166666666667 0.78625 0.12583333333333332 0.11875
0 0.19291666666666665 0.7025 0.15083333333333335 0.12625
0 0.3466666666666667 0.2409375 0.15833333333333333 0.101875
0 0.5925 0.3475 0.13333333333333333 0.115
0 0.505 0.2434375 0.15 0.100625
0 0.7120833333333333 0.458125 0.12083333333333333 0.10625
0 0.7158333333333333 0.3521875 0.115 0.108125
0 0.46125 0.350625 0.13416666666666666 0.115
0 0.7220833333333333 0.6684375 0.1175 0.110625
0 0.3233333333333333 0.3471875 0.145 0.118125
0 0.1975 0.8225 0.15166666666666667 0.125
0 0.83 0.35125 0.115 0.105
0 0.7975 0.2525 0.135 0.095
0 0.7179166666666666 0.561875 0.12083333333333333 0.1075
0 0.8391666666666666 0.6625 0.11666666666666667 0.1075
0 0.8279166666666666 0.45375 0.11916666666666667 0.1025
0 0.4675 0.463125 0.13 0.11125
0 0.5979166666666667 0.566875 0.1225 0.11125
0 0.475 0.6859375 0.13 0.116875
0 0.65625 0.24375 0.16083333333333333 0.105
0 0.83625 0.55875 0.11916666666666667 0.10625
0 0.5929166666666666 0.46 0.1225 0.11
0 0.47125 0.57375 0.1325 0.11375
0 0.6029166666666667 0.6775 0.12416666666666666 0.115