0 0.37 0.8775 0.13 0.10875
0 0.5204166666666666 0.77625 0.1425 0.11375
0 0.80125 0.31625 0.1575 0.1675
0 0.1825 0.3484375 0.13833333333333334 0.144375
0 0.6679166666666667 0.78125 0.1475 0.1125
0 0.3258333333333333 0.345 0.15 0.14875
0 0.6420833333333333 0.326875 0.1575 0.16375
0 0.38458333333333333 0.6659375 0.1325 0.106875
0 0.38 0.770625 0.13166666666666665 0.10875
0 0.39416666666666667 0.565 0.12833333333333333 0.1
0 0.6645833333333333 0.66875 0.1475 0.11125
0 0.5216666666666666 0.6675 0.14 0.1125
0 0.8129166666666666 0.44875 0.15583333333333332 0.11125
0 0.49666666666666665 0.3375 0.13666666666666666 0.155
0 0.5216666666666666 0.465 0.135 0.105
0 0.675 0.89375 0.15 0.11125
0 0.3883333333333333 0.4675 0.13 0.1
0 0.52625 0.5634375 0.1375 0.099375
0 0.6654166666666667 0.563125 0.15083333333333335 0.10875
0 0.52125 0.884375 0.13583333333333333 0.10625
0 0.8254166666666667 0.785625 0.1575 0.11875
0 0.815 0.5596875 0.15833333333333333 0.114375
0 0.8366666666666667 0.9 0.15833333333333333 0.11625
0 0.6591666666666667 0.4584375 0.14833333333333334 0.110625
0 0.21416666666666667 0.6721875 0.20833333333333334 0.105625
0 0.20333333333333334 0.775625 0.215 0.10875
0 0.20916666666666667 0.5696875 0.20666666666666667 0.101875
0 0.21166666666666667 0.4696875 0.21 0.101875
0 0.19666666666666666 0.88125 0.21333333333333335 0.1125
0 0.8191666666666667 0.6721875 0.15833333333333333 0.113125