0 0.26375 0.72625 0.11583333333333333 0.12875
0 0.6154166666666666 0.2609375 0.12083333333333333 0.149375
0 0.25625 0.596875 0.1125 0.1325
0 0.49125 0.733125 0.1175 0.13375
0 0.3770833333333333 0.7296875 0.1125 0.129375
0 0.36875 0.59875 0.11416666666666667 0.13375
0 0.73 0.37 0.13 0.14875
0 0.81875 0.5746875 0.19083333333333333 0.098125
0 0.48375 0.6 0.1175 0.135
0 0.81875 0.6671875 0.18916666666666668 0.094375
0 0.64 0.76 0.18333333333333332 0.0925
0 0.48541666666666666 0.46625 0.1275 0.13625
0 0.37041666666666667 0.46625 0.1175 0.135
0 0.6375 0.6734375 0.18166666666666667 0.089375
0 0.25416666666666665 0.4646875 0.11666666666666667 0.131875
0 0.7879166666666667 0.24375 0.2075 0.11125
0 0.6041666666666666 0.405625 0.11 0.14125
0 0.46875 0.26625 0.1875 0.10875
0 0.8545833333333334 0.365 0.1175 0.15125
0 0.81875 0.7575 0.18916666666666668 0.09375
0 0.27875 0.2596875 0.19583333333333333 0.098125
0 0.8145833333333333 0.4871875 0.1975 0.098125
0 0.28375 0.35375 0.1825 0.0925
0 0.6295833333333334 0.51375 0.1875 0.08125
0 0.635 0.59125 0.185 0.0775
0 0.46375 0.3596875 0.17916666666666667 0.081875