0 0.48 0.5396875 0.15666666666666668 0.109375
0 0.80625 0.635 0.17083333333333334 0.115
0 0.6466666666666666 0.6421875 0.17 0.105625
0 0.16208333333333333 0.3534375 0.1425 0.094375
0 0.14 0.6521875 0.16666666666666666 0.100625
0 0.4775 0.644375 0.16333333333333333 0.10375
0 0.6325 0.5346875 0.155 0.114375
0 0.15291666666666667 0.549375 0.16416666666666666 0.10625
0 0.30833333333333335 0.4471875 0.15 0.103125
0 0.595 0.2446875 0.14666666666666667 0.093125
0 0.3095833333333333 0.6496875 0.1675 0.103125
0 0.7666666666666667 0.42625 0.16666666666666666 0.10125
0 0.3179166666666667 0.17 0.1325 0.09125
0 0.4475 0.2484375 0.14333333333333334 0.089375
0 0.455 0.436875 0.14166666666666666 0.10875
0 0.4404166666666667 0.33875 0.14583333333333334 0.09875
0 0.155 0.45 0.15166666666666667 0.1
0 0.78625 0.52625 0.1725 0.1075
0 0.7329166666666667 0.15625 0.1375 0.08875
0 0.5995833333333334 0.16 0.1275 0.085
0 0.7454166666666666 0.2396875 0.1525 0.093125
0 0.3175 0.5471875 0.16333333333333333 0.108125
0 0.46041666666666664 0.1696875 0.13583333333333333 0.079375
0 0.30291666666666667 0.2584375 0.14083333333333334 0.088125
0 0.3 0.3496875 0.13166666666666665 0.100625
0 0.75125 0.3321875 0.17083333333333334 0.096875
0 0.185 0.1675 0.13333333333333333 0.08875
0 0.6025 0.4325 0.15333333333333332 0.10125
0 0.16791666666666666 0.26 0.13916666666666666 0.095
0 0.5908333333333333 0.3368625 0.15166666666666667 0.09895