0 0.8591666666666666 0.4025 0.15666666666666668 0.14375
0 0.6633333333333333 0.3075 0.14333333333333334 0.14125
0 0.5016666666666667 0.295 0.16666666666666666 0.10375
0 0.8341666666666666 0.2809375 0.19166666666666668 0.119375
0 0.3754166666666667 0.535 0.11583333333333333 0.12375
0 0.5008333333333334 0.53625 0.13 0.1275
0 0.37833333333333335 0.41125 0.12 0.12375
0 0.495 0.6646875 0.125 0.130625
0 0.25916666666666666 0.53375 0.11166666666666666 0.12
0 0.2579166666666667 0.65375 0.11083333333333334 0.11875
0 0.8408333333333333 0.5275 0.19 0.11125
0 0.5175 0.4071875 0.155 0.126875
0 0.37166666666666665 0.659375 0.11833333333333333 0.12625
0 0.84125 0.63125 0.1925 0.10875
0 0.49833333333333335 0.795 0.13 0.14
0 0.6570833333333334 0.52875 0.1775 0.10875
0 0.26 0.77875 0.11 0.12875
0 0.6541666666666667 0.8246875 0.17833333333333334 0.115625
0 0.65125 0.6275 0.17583333333333334 0.10625
0 0.65125 0.7234375 0.1775 0.109375
0 0.31375 0.30375 0.20583333333333334 0.095
0 0.8416666666666667 0.83625 0.19166666666666668 0.12
0 0.3779166666666667 0.785625 0.11916666666666667 0.13375
0 0.8429166666666666 0.7334375 0.1925 0.111875
0 0.26125 0.4109375 0.11583333333333333 0.120625
0 0.6841666666666667 0.42625 0.18666666666666668 0.10625