0 0.48214285714285715 0.60125 0.10548172757475083 0.07875
0 0.4792358803986711 0.52625 0.1079734219269103 0.08
0 0.6914451827242525 0.72375 0.09717607973421927 0.07125
0 0.7890365448504983 0.65125 0.0946843853820598 0.0725
0 0.46553156146179403 0.45 0.09717607973421927 0.07875
0 0.8920265780730897 0.3625 0.09302325581395349 0.0725
0 0.5917774086378738 0.73375 0.1004983388704319 0.07875
0 0.22217607973421927 0.2025 0.12541528239202657 0.0925
0 0.09011627906976744 0.2025 0.13870431893687707 0.09125
0 0.8932724252491694 0.28875 0.09385382059800665 0.07625
0 0.14867109634551495 0.78375 0.1212624584717608 0.085
0 0.7960963455149501 0.2909375 0.09883720930232558 0.076875
0 0.686046511627907 0.1246875 0.10963455149501661 0.086875
0 0.7886212624584718 0.7171875 0.09219269102990033 0.071875
0 0.7936046511627907 0.365 0.09883720930232558 0.07625
0 0.3588039867109635 0.455 0.11627906976744186 0.08
0 0.13164451827242524 0.6284375 0.1287375415282392 0.088125
0 0.23214285714285715 0.378125 0.12375415282392027 0.085
0 0.7894518272425249 0.58 0.09717607973421927 0.07375
0 0.5901162790697675 0.37 0.10548172757475083 0.07875
0 0.3799833887043189 0.75625 0.10880398671096346 0.07875
0 0.688953488372093 0.5875 0.10215946843853821 0.075
0 0.8995016611295681 0.1359375 0.11129568106312292 0.075625
0 0.3654485049833887 0.5325 0.11461794019933555 0.08125
0 0.6897840531561462 0.65625 0.09883720930232558 0.07125
0 0.8878737541528239 0.435 0.0946843853820598 0.0725
0 0.6939368770764119 0.3675 0.1004983388704319 0.0775
0 0.7873754152823921 0.5121875 0.09966777408637874 0.075625
0 0.6856312292358804 0.20875 0.10382059800664452 0.08375
0 0.8924418604651163 0.2125 0.09717607973421927 0.08
0 0.3583887043189369 0.374375 0.12043189368770764 0.0825
0 0.45930232558139533 0.1184375 0.11461794019933555 0.091875
0 0.5892857142857143 0.665 0.10215946843853821 0.0775
0 0.792358803986711 0.13125 0.10299003322259136 0.0825
0 0.10299003322259136 0.38 0.132890365448505 0.08625
0 0.5784883720930233 0.20875 0.10714285714285714 0.08375
0 0.3500830564784053 0.290625 0.12043189368770764 0.0875
0 0.07807308970099668 0.109375 0.1378737541528239 0.09625
0 0.09634551495016612 0.2925 0.1345514950166113 0.09
0 0.4597176079734219 0.2046875 0.11212624584717608 0.086875
0 0.6843853820598007 0.5159375 0.09966777408637874 0.074375
0 0.48172757475083056 0.3709375 0.1079734219269103 0.079375
0 0.3770764119601329 0.685 0.11129568106312292 0.08
0 0.8833056478405316 0.5746875 0.09053156146179402 0.071875
0 0.37167774086378735 0.609375 0.11212624584717608 0.08125
0 0.22674418604651161 0.29125 0.12458471760797342 0.0875
0 0.6897840531561462 0.29 0.10215946843853821 0.08125
0 0.3392857142857143 0.115 0.12209302325581395 0.09125
0 0.24709302325581395 0.54 0.12209302325581395 0.0825
0 0.7865448504983389 0.44 0.10299003322259136 0.0775
0 0.2541528239202658 0.6175 0.1212624584717608 0.08375
0 0.21345514950166114 0.11125 0.12956810631229235 0.095
0 0.23920265780730898 0.46 0.12292358803986711 0.08375
0 0.5872093023255814 0.593125 0.10132890365448505 0.07625
0 0.686046511627907 0.44375 0.10132890365448505 0.075
0 0.3442691029900332 0.2025 0.11877076411960133 0.09
0 0.26744186046511625 0.77125 0.11794019933554817 0.0825
0 0.5813953488372093 0.2909375 0.10631229235880399 0.080625
0 0.12209302325581395 0.5475 0.13122923588039867 0.08625
0 0.792358803986711 0.2125 0.10299003322259136 0.08125
0 0.4867109634551495 0.7459375 0.10299003322259136 0.076875
0 0.5843023255813954 0.5209375 0.1004983388704319 0.074375
0 0.1403654485049834 0.7075 0.12790697674418605 0.0875
0 0.4688538205980066 0.29 0.11378737541528239 0.08375
0 0.26245847176079734 0.6959375 0.11794019933554817 0.084375
0 0.11544850498338871 0.465625 0.1345514950166113 0.0875
0 0.8824750830564784 0.6425 0.09053156146179402 0.07125
0 0.5705980066445183 0.4475 0.12292358803986711 0.07875
0 0.5735049833887044 0.12375 0.11212624584717608 0.08625
0 0.8841362126245847 0.5059375 0.09219269102990033 0.071875
0 0.8799833887043189 0.7059375 0.08554817275747509 0.068125
0 0.48421926910299 0.67375 0.10299003322259136 0.07875