0 0.22243589743589742 0.7764423076923077 0.0782051282051282 0.09326923076923077
0 0.5576923076923077 0.29951923076923076 0.09487179487179487 0.10480769230769231
0 0.6576923076923077 0.40048076923076925 0.10256410256410256 0.11057692307692307
0 0.1282051282051282 0.31826923076923075 0.07692307692307693 0.1
0 0.4814102564102564 0.20336538461538461 0.09871794871794871 0.10096153846153846
0 0.29294871794871796 0.5057692307692307 0.08076923076923077 0.09423076923076923
0 0.8634615384615385 0.7269230769230769 0.11153846153846154 0.10961538461538461
0 0.1346153846153846 0.5052884615384615 0.07692307692307693 0.09326923076923077
0 0.7557692307692307 0.5096153846153846 0.1064102564102564 0.10961538461538461
0 0.7538461538461538 0.8206730769230769 0.10256410256410256 0.10288461538461538
0 0.37884615384615383 0.6019230769230769 0.09102564102564102 0.09615384615384616
0 0.592948717948718 0.19326923076923078 0.10128205128205128 0.10576923076923077
0 0.37948717948717947 0.6995192307692307 0.09230769230769231 0.09903846153846153
0 0.5570512820512821 0.8043269230769231 0.09358974358974359 0.10288461538461538
0 0.7596153846153846 0.6173076923076923 0.1064102564102564 0.10961538461538461
0 0.4685897435897436 0.4048076923076923 0.09358974358974359 0.10384615384615385
0 0.6551282051282051 0.29278846153846155 0.1 0.11057692307692307
0 0.14294871794871794 0.6865384615384615 0.08076923076923077 0.08846153846153847
0 0.5608974358974359 0.7067307692307693 0.09615384615384616 0.1
0 0.4634615384615385 0.50625 0.09358974358974359 0.10096153846153846
0 0.21217948717948718 0.5048076923076923 0.08076923076923077 0.09230769230769231
0 0.3006410256410256 0.7831730769230769 0.08333333333333333 0.09326923076923077
0 0.14743589743589744 0.7697115384615385 0.07435897435897436 0.08942307692307692
0 0.4673076923076923 0.6057692307692307 0.08846153846153847 0.1
0 0.8692307692307693 0.6201923076923077 0.11282051282051282 0.10961538461538461
0 0.13205128205128205 0.41346153846153844 0.07692307692307693 0.09230769230769231
0 0.1358974358974359 0.5951923076923077 0.08205128205128205 0.09038461538461538
0 0.20705128205128207 0.4110576923076923 0.0782051282051282 0.09711538461538462
0 0.7615384615384615 0.39903846153846156 0.10512820512820513 0.11153846153846154
0 0.8692307692307693 0.3971153846153846 0.1076923076923077 0.11153846153846154
0 0.7564102564102564 0.2875 0.10512820512820513 0.11346153846153846
0 0.2935897435897436 0.6004807692307692 0.08205128205128205 0.09519230769230769
0 0.5551282051282052 0.50625 0.09487179487179487 0.10480769230769231
0 0.4685897435897436 0.3033653846153846 0.08846153846153847 0.10288461538461538
0 0.2865384615384615 0.4096153846153846 0.08076923076923077 0.1
0 0.6551282051282051 0.6125 0.1 0.1076923076923077
0 0.37435897435897436 0.5048076923076923 0.08717948717948718 0.1
0 0.757051282051282 0.7221153846153846 0.10384615384615385 0.10384615384615385
0 0.21794871794871795 0.6870192307692308 0.07948717948717948 0.09326923076923077
0 0.1564102564102564 0.2144230769230769 0.09743589743589744 0.10576923076923077
0 0.4685897435897436 0.7019230769230769 0.09358974358974359 0.09807692307692308
0 0.8660256410256411 0.28076923076923077 0.11153846153846154 0.11923076923076924
0 0.3762820512820513 0.30480769230769234 0.09358974358974359 0.10384615384615385
0 0.3852564102564103 0.2014423076923077 0.09615384615384616 0.10288461538461538
0 0.8564102564102564 0.8254807692307692 0.11025641025641025 0.10096153846153846
0 0.46794871794871795 0.7995192307692308 0.08717948717948718 0.09903846153846153
0 0.2064102564102564 0.31346153846153846 0.08717948717948718 0.10192307692307692
0 0.21217948717948718 0.5956730769230769 0.08076923076923077 0.09134615384615384
0 0.28910256410256413 0.3096153846153846 0.0858974358974359 0.10192307692307692
0 0.725 0.18076923076923077 0.09871794871794871 0.1076923076923077
0 0.6564102564102564 0.7173076923076923 0.09743589743589744 0.10192307692307692
0 0.8634615384615385 0.510576923076923 0.10897435897435898 0.11153846153846154
0 0.24935897435897436 0.21009615384615385 0.08846153846153847 0.10288461538461538
0 0.382051282051282 0.7927884615384615 0.08461538461538462 0.09519230769230769
0 0.5576923076923077 0.6081730769230769 0.09487179487179487 0.10096153846153846
0 0.6532051282051282 0.5081730769230769 0.10128205128205128 0.10480769230769231
0 0.6538461538461539 0.8134615384615385 0.09743589743589744 0.10192307692307692
0 0.37564102564102564 0.40576923076923077 0.09230769230769231 0.1
0 0.2955128205128205 0.6927884615384615 0.08333333333333333 0.09326923076923077
0 0.5608974358974359 0.40192307692307694 0.09871794871794871 0.10384615384615385