0 0.17583333333333334 0.30875 0.095 0.0775
0 0.8266666666666667 0.2334375 0.09333333333333334 0.079375
0 0.26875 0.76875 0.09416666666666666 0.0775
0 0.545 0.7671875 0.09166666666666666 0.075625
0 0.3616666666666667 0.77 0.09166666666666666 0.0775
0 0.63625 0.7659375 0.08916666666666667 0.074375
0 0.81875 0.7646875 0.09083333333333334 0.075625
0 0.27166666666666667 0.385 0.09333333333333334 0.0775
0 0.45416666666666666 0.7684375 0.09166666666666666 0.076875
0 0.6383333333333333 0.5425 0.09 0.075
0 0.1775 0.38625 0.095 0.0775
0 0.8208333333333333 0.4646875 0.09 0.075625
0 0.8216666666666667 0.38875 0.09166666666666666 0.075
0 0.2708333333333333 0.4621875 0.095 0.076875
0 0.7279166666666667 0.76625 0.09083333333333334 0.07625
0 0.3641666666666667 0.69375 0.09333333333333334 0.0775
0 0.8233333333333334 0.31125 0.09333333333333334 0.0775
0 0.6425 0.23875 0.09166666666666666 0.0775
0 0.6408333333333334 0.6921875 0.09 0.075625
0 0.27166666666666667 0.30875 0.095 0.07625
0 0.2708333333333333 0.6925 0.095 0.0775
0 0.64 0.61625 0.09 0.07625
0 0.82 0.54 0.09 0.075
0 0.82 0.69 0.09 0.07625
0 0.63875 0.4675 0.0925 0.07625
0 0.2708333333333333 0.6159375 0.095 0.076875
0 0.45958333333333334 0.23625 0.0925 0.0775
0 0.36666666666666664 0.54125 0.09333333333333334 0.07625
0 0.36541666666666667 0.6175 0.0925 0.07625
0 0.64 0.39125 0.09 0.07625
0 0.175 0.7696875 0.09333333333333334 0.076875
0 0.27166666666666667 0.53875 0.095 0.0775
0 0.3641666666666667 0.4659375 0.09166666666666666 0.075625
0 0.5479166666666667 0.54125 0.09083333333333334 0.07625
0 0.5491666666666667 0.6171875 0.09166666666666666 0.076875
0 0.6420833333333333 0.315 0.0925 0.0775
0 0.455 0.6925 0.09166666666666666 0.07625
0 0.17625 0.69375 0.09416666666666666 0.0775
0 0.365 0.3134375 0.09333333333333334 0.076875
0 0.5458333333333333 0.46625 0.095 0.0775
0 0.45708333333333334 0.616875 0.0925 0.07625
0 0.26166666666666666 0.22875 0.10333333333333333 0.08625
0 0.73 0.4671875 0.09 0.075625
0 0.3645833333333333 0.3896875 0.0925 0.078125
0 0.7308333333333333 0.6921875 0.09 0.075625
0 0.7354166666666667 0.2375 0.09083333333333334 0.0775
0 0.73125 0.616875 0.0925 0.075
0 0.72875 0.54125 0.09083333333333334 0.075
0 0.55125 0.2375 0.0925 0.0775
0 0.17625 0.61625 0.0925 0.0775
0 0.3616666666666667 0.2334375 0.10333333333333333 0.085625
0 0.4575 0.5409375 0.09 0.075625
0 0.17625 0.4634375 0.09416666666666666 0.076875
0 0.7329166666666667 0.3146875 0.09083333333333334 0.076875
0 0.7295833333333334 0.39125 0.0925 0.07625
0 0.17208333333333334 0.23 0.0925 0.08
0 0.5495833333333333 0.3146875 0.0925 0.076875
0 0.17791666666666667 0.54 0.0925 0.0775
0 0.455 0.46375 0.09 0.07875
0 0.4579166666666667 0.3134375 0.0925 0.076875
0 0.54875 0.6925 0.0925 0.07625
0 0.45625 0.38875 0.09083333333333334 0.07625
0 0.54875 0.3909375 0.0925 0.076875
0 0.8216666666666667 0.6146875 0.08833333333333333 0.075625