0 0.7516276041666666 0.5031862745098039 0.12369791666666667 0.09754901960784314
0 0.22981770833333334 0.615686274509804 0.14453125 0.11127450980392156
0 0.35888671875 0.1980392156862745 0.1474609375 0.10931372549019608
0 0.7469075520833334 0.5979166666666667 0.11555989583333333 0.09338235294117647
0 0.63134765625 0.604656862745098 0.1181640625 0.0946078431372549
0 0.5022786458333334 0.5047794117647059 0.13020833333333334 0.10318627450980392
0 0.5069986979166666 0.6061274509803921 0.1337890625 0.10245098039215686
0 0.20686848958333334 0.30575980392156865 0.1650390625 0.11544117647058824
0 0.37060546875 0.6100490196078432 0.1396484375 0.10490196078431373
0 0.20979817708333334 0.19558823529411765 0.16959635416666666 0.11568627450980393
0 0.23160807291666666 0.5079656862745098 0.14876302083333334 0.11102941176470588
0 0.7486979166666666 0.3153186274509804 0.12239583333333333 0.09142156862745097
0 0.6236979166666666 0.22389705882352942 0.13541666666666666 0.09975490196078432
0 0.7462565104166666 0.22487745098039216 0.11100260416666667 0.09632352941176471
0 0.6306966145833334 0.4147058823529412 0.1220703125 0.09558823529411764
0 0.373046875 0.4056372549019608 0.14908854166666666 0.10686274509803921
0 0.5079752604166666 0.40465686274509804 0.13118489583333334 0.10245098039215686
0 0.7516276041666666 0.4079656862745098 0.12434895833333333 0.09632352941176471
0 0.6290690104166666 0.5099264705882353 0.12272135416666667 0.09877450980392156
0 0.6201171875 0.32009803921568625 0.13541666666666666 0.09754901960784314
0 0.22737630208333334 0.4064950980392157 0.1572265625 0.09926470588235294
0 0.4881184895833333 0.30661764705882355 0.1337890625 0.10049019607843138
0 0.3714192708333333 0.5084558823529411 0.138671875 0.10269607843137254
0 0.353515625 0.30220588235294116 0.142578125 0.10490196078431373
0 0.4928385416666667 0.2090686274509804 0.130859375 0.10294117647058823