0 0.7475 0.62625 0.17833333333333334 0.13875
0 0.27875 0.38125 0.15583333333333332 0.1075
0 0.06875 0.7625 0.1375 0.16125
0 0.66625 0.2 0.15083333333333335 0.07625
0 0.42791666666666667 0.38125 0.14916666666666667 0.11125
0 0.4141666666666667 0.6209375 0.16666666666666666 0.136875
0 0.21625 0.7646875 0.1975 0.160625
0 0.7679166666666667 0.7721875 0.18916666666666668 0.158125
0 0.5825 0.77 0.18166666666666667 0.16125
0 0.9225 0.775 0.155 0.15625
0 0.24166666666666667 0.6184375 0.185 0.135625
0 0.5804166666666667 0.6225 0.16416666666666666 0.1375
0 0.91125 0.6296875 0.1775 0.139375
0 0.08416666666666667 0.61625 0.16833333333333333 0.14
0 0.10625 0.49125 0.17083333333333334 0.12125
0 0.7333333333333333 0.5 0.16 0.12
0 0.13125 0.37875 0.16416666666666666 0.10875
0 0.87 0.39 0.15333333333333332 0.105
0 0.575 0.4975 0.15666666666666668 0.12
0 0.2625 0.4925 0.16833333333333333 0.12
0 0.34208333333333335 0.1921875 0.1475 0.078125
0 0.7266666666666667 0.38875 0.15166666666666667 0.1075
0 0.43375 0.2746875 0.14583333333333334 0.109375
0 0.8541666666666666 0.29 0.15 0.1
0 0.4945833333333333 0.19 0.15083333333333335 0.08125
0 0.8916666666666667 0.5 0.17666666666666667 0.12375
0 0.5758333333333333 0.3846875 0.15 0.113125
0 0.5775 0.28125 0.14 0.1025
0 0.8208333333333333 0.2075 0.145 0.0725
0 0.19041666666666668 0.19375 0.1575 0.07375
0 0.71625 0.28625 0.14583333333333334 0.1
0 0.2916666666666667 0.2796875 0.14666666666666667 0.101875
0 0.15166666666666667 0.2746875 0.16 0.103125
0 0.39875 0.7671875 0.1875 0.161875
0 0.41791666666666666 0.4946875 0.16083333333333333 0.120625