0 0.16923076923076924 0.15817307692307692 0.11538461538461539 0.12596153846153846
0 0.8935897435897436 0.3 0.07692307692307693 0.09807692307692308
0 0.8192307692307692 0.3995192307692308 0.07948717948717948 0.10096153846153846
0 0.15576923076923077 0.7317307692307692 0.11153846153846154 0.11153846153846154
0 0.36217948717948717 0.5067307692307692 0.10128205128205128 0.1076923076923077
0 0.5621794871794872 0.8052884615384616 0.09358974358974359 0.09903846153846153
0 0.39807692307692305 0.18028846153846154 0.10128205128205128 0.10480769230769231
0 0.1423076923076923 0.2783653846153846 0.11794871794871795 0.12403846153846154
0 0.5628205128205128 0.5048076923076923 0.1 0.10576923076923077
0 0.25448717948717947 0.28221153846153846 0.1064102564102564 0.11442307692307692
0 0.7455128205128205 0.5033653846153846 0.09358974358974359 0.10288461538461538
0 0.5634615384615385 0.6096153846153847 0.09615384615384616 0.10576923076923077
0 0.6564102564102564 0.5048076923076923 0.09487179487179487 0.10384615384615385
0 0.257051282051282 0.5081730769230769 0.10897435897435898 0.1125
0 0.8185897435897436 0.7817307692307692 0.08076923076923077 0.09423076923076923
0 0.25769230769230766 0.3956730769230769 0.1076923076923077 0.1125
0 0.26282051282051283 0.6192307692307693 0.1076923076923077 0.11346153846153846
0 0.14551282051282052 0.39807692307692305 0.11666666666666667 0.11730769230769231
0 0.36666666666666664 0.6158653846153846 0.10256410256410256 0.1125
0 0.907051282051282 0.6850961538461539 0.0782051282051282 0.09326923076923077
0 0.36346153846153845 0.3971153846153846 0.1064102564102564 0.11153846153846154
0 0.4596153846153846 0.2879807692307692 0.09871794871794871 0.11057692307692307
0 0.14551282051282052 0.5144230769230769 0.1141025641025641 0.11730769230769231
0 0.7435897435897436 0.6038461538461538 0.08717948717948718 0.10192307692307692
0 0.4673076923076923 0.7125 0.09871794871794871 0.1076923076923077
0 0.4685897435897436 0.8129807692307692 0.09358974358974359 0.10096153846153846
0 0.4673076923076923 0.39807692307692305 0.09871794871794871 0.10961538461538461
0 0.6532051282051282 0.4009615384615385 0.09102564102564102 0.10384615384615385
0 0.26987179487179486 0.8298076923076924 0.1064102564102564 0.1076923076923077
0 0.7435897435897436 0.6990384615384615 0.08717948717948718 0.09807692307692308
0 0.6455128205128206 0.29951923076923076 0.09358974358974359 0.10480769230769231
0 0.7378205128205129 0.4009615384615385 0.0858974358974359 0.10192307692307692
0 0.9115384615384615 0.5918269230769231 0.08205128205128205 0.10096153846153846
0 0.7346153846153847 0.3004807692307692 0.08717948717948718 0.10480769230769231
0 0.7378205128205129 0.7908653846153846 0.0858974358974359 0.09519230769230769
0 0.36730769230769234 0.7206730769230769 0.10384615384615385 0.10480769230769231
0 0.9108974358974359 0.4951923076923077 0.08076923076923077 0.09807692307692308
0 0.29423076923076924 0.16826923076923078 0.1141025641025641 0.11923076923076924
0 0.3596153846153846 0.2860576923076923 0.10384615384615385 0.1125
0 0.5634615384615385 0.3995192307692308 0.09615384615384616 0.10673076923076923
0 0.4634615384615385 0.5038461538461538 0.10128205128205128 0.10576923076923077
0 0.6557692307692308 0.6076923076923076 0.08846153846153847 0.10576923076923077
0 0.1544871794871795 0.625 0.11153846153846154 0.11153846153846154
0 0.5634615384615385 0.7100961538461539 0.09358974358974359 0.09903846153846153
0 0.8032051282051282 0.20336538461538461 0.1371794871794872 0.09519230769230769
0 0.5371794871794872 0.18846153846153846 0.13846153846153847 0.1076923076923077
0 0.8173076923076923 0.29903846153846153 0.08333333333333333 0.10192307692307692
0 0.6557692307692308 0.70625 0.08846153846153847 0.09903846153846153
0 0.5544871794871795 0.29278846153846155 0.09358974358974359 0.11057692307692307
0 0.8282051282051283 0.6913461538461538 0.08461538461538462 0.09615384615384616
0 0.1621794871794872 0.8447115384615385 0.1141025641025641 0.12211538461538461
0 0.8288461538461539 0.5975961538461538 0.0858974358974359 0.10096153846153846
0 0.6512820512820513 0.7990384615384616 0.08974358974358974 0.09807692307692308
0 0.4673076923076923 0.6081730769230769 0.09871794871794871 0.10865384615384616
0 0.8993589743589744 0.775 0.08076923076923077 0.09230769230769231
0 0.8307692307692308 0.49951923076923077 0.07948717948717948 0.10096153846153846
0 0.6737179487179488 0.1951923076923077 0.11153846153846154 0.10576923076923077
0 0.2621794871794872 0.7288461538461538 0.1064102564102564 0.10961538461538461
0 0.9 0.3975961538461538 0.08205128205128205 0.09903846153846153
0 0.3737179487179487 0.8235576923076923 0.09871794871794871 0.10480769230769231