0 0.2532051282051282 0.6 0.07564102564102564 0.09230769230769231
0 0.18076923076923077 0.4235576923076923 0.07435897435897436 0.08942307692307692
0 0.18012820512820513 0.5990384615384615 0.07307692307692308 0.08846153846153847
0 0.675 0.6259615384615385 0.09615384615384616 0.09807692307692308
0 0.6737179487179488 0.5259615384615385 0.09871794871794871 0.10576923076923077
0 0.6814102564102564 0.4230769230769231 0.09615384615384616 0.10384615384615385
0 0.5044871794871795 0.32596153846153847 0.08846153846153847 0.09807692307692308
0 0.7730769230769231 0.5240384615384616 0.1 0.10576923076923077
0 0.8737179487179487 0.5240384615384616 0.1064102564102564 0.1076923076923077
0 0.25576923076923075 0.4235576923076923 0.07564102564102564 0.08942307692307692
0 0.25064102564102564 0.7740384615384616 0.07051282051282051 0.09230769230769231
0 0.8801282051282051 0.30432692307692305 0.11153846153846154 0.11634615384615385
0 0.18525641025641026 0.3331730769230769 0.07564102564102564 0.08942307692307692
0 0.8743589743589744 0.6307692307692307 0.10512820512820513 0.10576923076923077
0 0.8673076923076923 0.7346153846153847 0.10384615384615385 0.1076923076923077
0 0.325 0.78125 0.07564102564102564 0.09326923076923077
0 0.5801282051282052 0.5230769230769231 0.08846153846153847 0.1
0 0.33205128205128204 0.42403846153846153 0.07948717948717948 0.09423076923076923
0 0.7724358974358975 0.6283653846153846 0.09871794871794871 0.10288461538461538
0 0.3294871794871795 0.6951923076923077 0.07948717948717948 0.09230769230769231
0 0.49743589743589745 0.4235576923076923 0.08717948717948718 0.09519230769230769
0 0.1782051282051282 0.5120192307692307 0.07435897435897436 0.0875
0 0.4948717948717949 0.22884615384615384 0.09230769230769231 0.1
0 0.8794871794871795 0.41394230769230766 0.1076923076923077 0.11057692307692307
0 0.2551282051282051 0.5120192307692307 0.07692307692307693 0.0875
0 0.2608974358974359 0.3317307692307692 0.0782051282051282 0.09230769230769231
0 0.3314102564102564 0.5163461538461539 0.07564102564102564 0.09038461538461538
0 0.7185897435897436 0.21201923076923077 0.09871794871794871 0.10673076923076923
0 0.41794871794871796 0.3283653846153846 0.08205128205128205 0.09711538461538462
0 0.7621794871794871 0.8245192307692307 0.09871794871794871 0.10096153846153846
0 0.21794871794871795 0.2375 0.09230769230769231 0.1
0 0.6679487179487179 0.8163461538461538 0.09487179487179487 0.10192307692307692
0 0.7666666666666667 0.7269230769230769 0.1 0.10192307692307692
0 0.5737179487179487 0.8072115384615385 0.09358974358974359 0.09903846153846153
0 0.32884615384615384 0.60625 0.0782051282051282 0.09519230769230769
0 0.40705128205128205 0.7889423076923077 0.08333333333333333 0.09134615384615384
0 0.4115384615384615 0.42451923076923076 0.08205128205128205 0.09519230769230769
0 0.3371794871794872 0.33028846153846153 0.07948717948717948 0.09519230769230769
0 0.41025641025641024 0.51875 0.08205128205128205 0.09326923076923077
0 0.6692307692307692 0.7225961538461538 0.09230769230769231 0.10096153846153846
0 0.49423076923076925 0.6158653846153846 0.08333333333333333 0.09326923076923077
0 0.5916666666666667 0.225 0.08846153846153847 0.09807692307692308
0 0.41217948717948716 0.6115384615384616 0.0858974358974359 0.09423076923076923
0 0.492948717948718 0.5197115384615385 0.0858974358974359 0.09711538461538462
0 0.5871794871794872 0.4230769230769231 0.09487179487179487 0.1
0 0.8628205128205129 0.8317307692307693 0.10512820512820513 0.10192307692307692
0 0.5916666666666667 0.3230769230769231 0.09102564102564102 0.10192307692307692
0 0.7782051282051282 0.31298076923076923 0.09743589743589744 0.10865384615384616
0 0.49230769230769234 0.7072115384615385 0.08461538461538462 0.09519230769230769
0 0.31666666666666665 0.2360576923076923 0.1076923076923077 0.09711538461538462
0 0.4891025641025641 0.7975961538461539 0.08333333333333333 0.09519230769230769
0 0.5794871794871795 0.7134615384615385 0.09230769230769231 0.09807692307692308
0 0.5846153846153846 0.6177884615384616 0.09230769230769231 0.09519230769230769
0 0.4115384615384615 0.23557692307692307 0.08205128205128205 0.09230769230769231
0 0.25448717948717947 0.6884615384615385 0.07307692307692308 0.09038461538461538
0 0.18525641025641026 0.7658653846153847 0.06538461538461539 0.08557692307692308
0 0.1814102564102564 0.6817307692307693 0.07051282051282051 0.08653846153846154
0 0.6814102564102564 0.31971153846153844 0.09615384615384616 0.10673076923076923
0 0.7776282051282051 0.41934615384615387 0.09837179487179487 0.10407692307692307
0 0.41002564102564104 0.7030673076923077 0.08205128205128205 0.08760576923076924