0 0.3647435897435897 0.20528846153846153 0.08846153846153847 0.04326923076923077
0 0.31153846153846154 0.7052884615384616 0.12564102564102564 0.09326923076923077
0 0.6794871794871795 0.7014423076923076 0.12307692307692308 0.08365384615384615
0 0.7756410256410257 0.5480769230769231 0.11282051282051282 0.075
0 0.35384615384615387 0.24903846153846154 0.09230769230769231 0.05
0 0.16923076923076924 0.7913461538461538 0.14102564102564102 0.09423076923076923
0 0.5615384615384615 0.2110576923076923 0.08461538461538462 0.041346153846153845
0 0.4724358974358974 0.21057692307692308 0.0858974358974359 0.04423076923076923
0 0.33076923076923076 0.4716346153846154 0.10512820512820513 0.07403846153846154
0 0.8538461538461538 0.4153846153846154 0.10256410256410256 0.06538461538461539
0 0.7269230769230769 0.25096153846153846 0.09230769230769231 0.051923076923076926
0 0.7442307692307693 0.3576923076923077 0.09871794871794871 0.05961538461538462
0 0.6455128205128206 0.3591346153846154 0.09615384615384616 0.0625
0 0.18525641025641026 0.7004807692307692 0.1294871794871795 0.0875
0 0.6397435897435897 0.3038461538461538 0.09230769230769231 0.05384615384615385
0 0.5423076923076923 0.3019230769230769 0.09230769230769231 0.051923076923076926
0 0.5647435897435897 0.7903846153846154 0.12435897435897436 0.09423076923076923
0 0.15512820512820513 0.2956730769230769 0.10256410256410256 0.05673076923076923
0 0.5538461538461539 0.61875 0.11282051282051282 0.0798076923076923
0 0.4346153846153846 0.6995192307692307 0.12307692307692308 0.08557692307692308
0 0.2608974358974359 0.24471153846153845 0.09615384615384616 0.052884615384615384
0 0.6705128205128205 0.6197115384615385 0.11282051282051282 0.0798076923076923
0 0.6929487179487179 0.7899038461538461 0.1294871794871795 0.09326923076923077
0 0.8012820512820513 0.7033653846153847 0.12307692307692308 0.08557692307692308
0 0.5467948717948717 0.4721153846153846 0.10384615384615385 0.07692307692307693
0 0.65 0.4169903846153846 0.09743589743589744 0.06795192307692308
0 0.6634615384615384 0.54375 0.11153846153846154 0.07788461538461539
0 0.75 0.20625 0.08717948717948718 0.047115384615384615
0 0.5512820512820513 0.5442307692307692 0.1076923076923077 0.07115384615384615
0 0.16474358974358974 0.23990384615384616 0.10128205128205128 0.05480769230769231
0 0.0532051282051282 0.79375 0.1064102564102564 0.09134615384615384
0 0.075 0.6163461538461539 0.12435897435897436 0.08076923076923077
0 0.8705128205128205 0.47451923076923075 0.11538461538461539 0.07019230769230769
0 0.2064102564102564 0.5376634615384615 0.11794871794871795 0.07660576923076923
0 0.5403846153846154 0.25576923076923075 0.0858974358974359 0.04807692307692308
0 0.35 0.29791346153846154 0.09743589743589744 0.05608653846153846
0 0.34615384615384615 0.35721153846153847 0.1 0.06442307692307692
0 0.9224358974358975 0.7028846153846153 0.13205128205128205 0.08461538461538462
0 0.30256410256410254 0.7927884615384615 0.13076923076923078 0.08942307692307692
0 0.6557692307692308 0.47836538461538464 0.10384615384615385 0.06057692307692308
0 0.6596153846153846 0.20288461538461539 0.09102564102564102 0.05
0 0.7621794871794871 0.47596153846153844 0.10897435897435898 0.07115384615384615
0 0.44743589743589746 0.3557692307692308 0.09743589743589744 0.06346153846153846
0 0.8147435897435897 0.7923076923076923 0.12692307692307692 0.09038461538461538
0 0.19487179487179487 0.6173076923076923 0.12307692307692308 0.08076923076923077
0 0.43846153846153846 0.5408653846153846 0.11025641025641025 0.07403846153846154
0 0.25256410256410255 0.29759615384615384 0.09743589743589744 0.05480769230769231
0 0.43974358974358974 0.47259615384615383 0.10512820512820513 0.07211538461538461
0 0.5467948717948717 0.4129807692307692 0.09871794871794871 0.06057692307692308
0 0.4480769230769231 0.3027115384615385 0.09358974358974359 0.05418269230769231
0 0.316025641025641 0.6177884615384616 0.11666666666666667 0.08173076923076923
0 0.8858974358974359 0.5461538461538461 0.12051282051282051 0.07115384615384615
0 0.5583333333333333 0.7009615384615384 0.11923076923076924 0.08653846153846154
0 0.9006410256410257 0.6221153846153846 0.12179487179487179 0.07884615384615384
0 0.14294871794871794 0.35625 0.11153846153846154 0.0625
0 0.4423076923076923 0.4110576923076923 0.1 0.06442307692307692
0 0.24807692307692308 0.35192307692307695 0.09871794871794871 0.05576923076923077
0 0.06153846153846154 0.7028846153846153 0.12307692307692308 0.08846153846153847
0 0.4480769230769231 0.2514423076923077 0.09102564102564102 0.052884615384615384
0 0.23397435897435898 0.40528846153846154 0.10384615384615385 0.0625
0 0.43525641025641026 0.6163461538461539 0.11666666666666667 0.08076923076923077
0 0.33782051282051284 0.4076923076923077 0.10128205128205128 0.06346153846153846
0 0.09166666666666666 0.5403846153846154 0.11923076923076924 0.07884615384615384
0 0.32243589743589746 0.54375 0.11153846153846154 0.07211538461538461
0 0.7532051282051282 0.41586538461538464 0.09871794871794871 0.058653846153846154
0 0.275 0.2014423076923077 0.08846153846153847 0.04326923076923077
0 0.9365384615384615 0.7913461538461538 0.12692307692307692 0.09038461538461538
0 0.8391025641025641 0.3605769230769231 0.09615384615384616 0.057692307692307696
0 0.7858974358974359 0.6206730769230769 0.11538461538461539 0.07788461538461539
0 0.8179487179487179 0.25048076923076923 0.09743589743589744 0.05096153846153846
0 0.11089743589743589 0.4673076923076923 0.1141025641025641 0.07115384615384615
0 0.6326923076923077 0.2548076923076923 0.09102564102564102 0.051923076923076926
0 0.5461538461538461 0.3557692307692308 0.09487179487179487 0.057692307692307696
0 0.12692307692307692 0.4081730769230769 0.11282051282051282 0.07211538461538461
0 0.43525641025641026 0.7908653846153846 0.12692307692307692 0.09519230769230769
0 0.7365384615384616 0.3030576923076923 0.10128205128205128 0.052259615384615384
0 0.2230769230769231 0.46875 0.11025641025641025 0.07403846153846154
0 0.8282051282051283 0.3038461538461538 0.09743589743589744 0.05384615384615385