0 0.41875 0.6059375 0.1225 0.098125
0 0.4225 0.3 0.12833333333333333 0.1075
0 0.5516666666666666 0.3025 0.12833333333333333 0.1075
0 0.54625 0.40625 0.12416666666666666 0.105
0 0.7991666666666667 0.309375 0.12666666666666668 0.10875
0 0.4170833333333333 0.7021875 0.1225 0.096875
0 0.6766666666666666 0.30625 0.12666666666666668 0.11
0 0.2970833333333333 0.6996875 0.1175 0.094375
0 0.2966666666666667 0.60375 0.12166666666666667 0.1
0 0.5366666666666666 0.701875 0.115 0.0925
0 0.5408333333333334 0.6059375 0.12 0.100625
0 0.18666666666666668 0.1959375 0.14333333333333334 0.091875
0 0.6558333333333334 0.7025 0.12 0.095
0 0.16708333333333333 0.2946875 0.1325 0.109375
0 0.2966666666666667 0.4025 0.12333333333333334 0.10625
0 0.33166666666666667 0.20125 0.14 0.09375
0 0.47708333333333336 0.2025 0.1375 0.09375
0 0.17875 0.6975 0.1175 0.095
0 0.29583333333333334 0.2975 0.125 0.10875
0 0.79 0.51125 0.12666666666666668 0.1
0 0.7945833333333333 0.4125 0.1225 0.1
0 0.17458333333333334 0.6025 0.1225 0.09875
0 0.78375 0.6071875 0.12416666666666666 0.094375
0 0.645 0.2034375 0.14166666666666666 0.096875
0 0.66125 0.6075 0.12083333333333333 0.09875
0 0.66625 0.508125 0.12416666666666666 0.1
0 0.6725 0.4075 0.125 0.10375
0 0.7920833333333334 0.208125 0.1375 0.09375
0 0.17 0.4 0.12666666666666668 0.10375
0 0.5454166666666667 0.5075 0.12083333333333333 0.1025
0 0.7729166666666667 0.70125 0.12083333333333333 0.095
0 0.42291666666666666 0.50625 0.1225 0.1025
0 0.29833333333333334 0.504375 0.125 0.1025
0 0.1725 0.5025 0.125 0.1025
0 0.42 0.40375 0.125 0.105