0 0.855 0.70625 0.15666666666666668 0.12125
0 0.4320833333333333 0.705 0.1375 0.115
0 0.42041666666666666 0.48125 0.13583333333333333 0.1125
0 0.8629166666666667 0.8275 0.15583333333333332 0.12375
0 0.4354166666666667 0.8175 0.1375 0.11375
0 0.7141666666666666 0.82 0.14666666666666667 0.12
0 0.555 0.47875 0.14166666666666666 0.11625
0 0.7070833333333333 0.705 0.1475 0.1175
0 0.5670833333333334 0.7071875 0.1425 0.116875
0 0.30416666666666664 0.814375 0.12833333333333333 0.1075
0 0.5729166666666666 0.82 0.14083333333333334 0.1125
0 0.17916666666666667 0.8109375 0.12833333333333333 0.105625
0 0.8429166666666666 0.466875 0.1525 0.12
0 0.16291666666666665 0.48875 0.1325 0.11125
0 0.5608333333333333 0.59 0.14 0.12
0 0.70125 0.58875 0.1475 0.1175
0 0.84875 0.585 0.15416666666666667 0.1225
0 0.425 0.5925 0.13333333333333333 0.1125
0 0.165 0.5971875 0.13166666666666665 0.109375
0 0.285 0.375 0.14 0.1175
0 0.29875 0.705 0.1325 0.1125
0 0.28875 0.485 0.13416666666666666 0.10875
0 0.3070833333333333 0.26625 0.1525 0.1075
0 0.6945833333333333 0.35375 0.1475 0.12625
0 0.5520833333333334 0.36375 0.1425 0.1225
0 0.6970833333333334 0.4725 0.1475 0.12
0 0.29375 0.59375 0.13583333333333333 0.1125
0 0.8216666666666667 0.234375 0.17333333333333334 0.11375
0 0.16416666666666666 0.27375 0.14833333333333334 0.10375
0 0.17375 0.705 0.1275 0.11
0 0.47291666666666665 0.25625 0.1825 0.11375
0 0.15791666666666668 0.37875 0.13416666666666666 0.1125
0 0.4166666666666667 0.369375 0.14166666666666666 0.11875
0 0.8425 0.3475 0.15 0.12625
0 0.6445833333333333 0.24625 0.1575 0.115