0 0.14416666666666667 0.5821875 0.11666666666666667 0.103125
0 0.49291666666666667 0.58125 0.1175 0.10375
0 0.6154166666666666 0.7875 0.11916666666666667 0.10375
0 0.7358333333333333 0.78875 0.12 0.10625
0 0.6104166666666667 0.58 0.11916666666666667 0.10375
0 0.14541666666666667 0.785625 0.11583333333333333 0.10125
0 0.8616666666666667 0.790625 0.12166666666666667 0.10125
0 0.49625 0.78625 0.1175 0.10375
0 0.49625 0.4784375 0.1175 0.103125
0 0.6158333333333333 0.476875 0.12 0.10375
0 0.8570833333333333 0.58125 0.1275 0.105
0 0.26 0.78625 0.11666666666666667 0.1025
0 0.3779166666666667 0.78625 0.1175 0.10375
0 0.8583333333333333 0.6875 0.125 0.105
0 0.8604166666666667 0.475625 0.12416666666666666 0.10625
0 0.49333333333333335 0.68375 0.115 0.10375
0 0.1375 0.37375 0.11666666666666667 0.10375
0 0.37666666666666665 0.68375 0.11666666666666667 0.10375
0 0.8508333333333333 0.1534375 0.155 0.101875
0 0.47375 0.1625 0.14416666666666667 0.09625
0 0.6175 0.37 0.12166666666666667 0.10625
0 0.14083333333333334 0.47875 0.12 0.10375
0 0.49166666666666664 0.2646875 0.12333333333333334 0.111875
0 0.61125 0.684375 0.11916666666666667 0.10625
0 0.73125 0.685625 0.12083333333333333 0.105
0 0.865 0.3675 0.125 0.10875
0 0.49833333333333335 0.37375 0.12 0.1075
0 0.2604166666666667 0.68375 0.11583333333333333 0.10375
0 0.7375 0.4775 0.125 0.10625
0 0.3770833333333333 0.5809375 0.1175 0.103125
0 0.61875 0.26125 0.1225 0.11125
0 0.14458333333333334 0.6846875 0.1175 0.103125
0 0.74 0.37 0.12666666666666668 0.10875
0 0.25833333333333336 0.4784375 0.12 0.103125
0 0.13375 0.2684375 0.1175 0.105625
0 0.3695833333333333 0.265 0.1225 0.11
0 0.2604166666666667 0.5821875 0.1175 0.103125
0 0.2504166666666667 0.2675 0.1225 0.10875
0 0.25708333333333333 0.374375 0.1225 0.10625
0 0.74125 0.26125 0.12583333333333332 0.1125
0 0.37833333333333335 0.374375 0.12 0.10625
0 0.3775 0.4784375 0.11833333333333333 0.103125
0 0.14916666666666667 0.1696875 0.135 0.094375
0 0.2941666666666667 0.1621875 0.16 0.101875
0 0.6891666666666667 0.1575 0.16 0.09625
0 0.8666666666666667 0.2575 0.125 0.11125
0 0.73125 0.581875 0.1225 0.10375