0 0.1801661474558671 0.405078125 0.2066458982346833 0.11484375
0 0.8271028037383178 0.4265625 0.1921079958463136 0.1921875
0 0.29854620976116303 0.2546875 0.17757009345794392 0.1796875
0 0.8712357217030114 0.780078125 0.18691588785046728 0.17109375
0 0.45119418483904467 0.234375 0.181723779854621 0.184375
0 0.6157840083073728 0.207421875 0.18691588785046728 0.19765625
0 0.8001038421599169 0.24375 0.19626168224299065 0.20625
0 0.8525441329179647 0.609375 0.19314641744548286 0.1796875
0 0.14849428868120457 0.27578125 0.1703011422637591 0.16875
0 0.608515057113188 0.359765625 0.23883696780893043 0.13515625
0 0.6666666666666666 0.816015625 0.2512980269989616 0.11484375
0 0.3909657320872274 0.49296875 0.22533748701973 0.1171875
0 0.632398753894081 0.588671875 0.24714434060228452 0.12265625
0 0.614226375908619 0.475390625 0.24610591900311526 0.12734375
0 0.3862928348909657 0.384765625 0.22429906542056074 0.12265625
0 0.4184839044652129 0.70859375 0.2367601246105919 0.1125
0 0.19730010384215993 0.61171875 0.19314641744548286 0.10625
0 0.1905503634475597 0.5078125 0.2066458982346833 0.109375
0 0.43613707165109034 0.816796875 0.2284527518172378 0.10859375
0 0.40083073727933544 0.6015625 0.23883696780893043 0.1140625
0 0.21339563862928349 0.8140625 0.15472481827622014 0.1015625
0 0.6474558670820353 0.7046875 0.24402907580477673 0.1171875
0 0.21235721703011423 0.713671875 0.19833852544132918 0.10390625