0 0.41083333333333333 0.196875 0.09 0.0325
0 0.7254166666666667 0.5453125 0.10583333333333333 0.0689625
0 0.31916666666666665 0.3521875 0.09833333333333333 0.064375
0 0.22291666666666668 0.7784375 0.12583333333333332 0.083125
0 0.5020833333333333 0.20359375 0.0875 0.0346875
0 0.31083333333333335 0.476875 0.10333333333333333 0.06625
0 0.8029166666666666 0.41948124999999997 0.1025 0.06354375
0 0.46958333333333335 0.7740625 0.11583333333333333 0.084375
0 0.7079166666666666 0.4175 0.0975 0.06625
0 0.17083333333333334 0.695 0.12333333333333334 0.085
0 0.5116666666666667 0.30241250000000003 0.08833333333333333 0.059824999999999996
0 0.5870833333333333 0.773125 0.1175 0.08375
0 0.6025 0.3040625 0.09166666666666666 0.05705625
0 0.5241666666666667 0.6165625 0.105 0.073125
0 0.12053333333333333 0.2796875 0.106075 0.063125
0 0.3225 0.23335 0.095 0.05295
0 0.63 0.6146875 0.10666666666666667 0.071875
0 0.74125 0.69125 0.1125 0.0775
0 0.4175 0.29481874999999996 0.09666666666666666 0.061606249999999994
0 0.61 0.4171875 0.095 0.065625
0 0.7120833333333333 0.48 0.10083333333333333 0.0625
0 0.791425 0.36138125000000004 0.10214166666666666 0.0547375
0 0.12875 0.221875 0.1025 0.06
0 0.09333333333333334 0.7796875 0.13333333333333333 0.081875
0 0.06416666666666666 0.615625 0.12333333333333334 0.08
0 0.19125 0.54 0.11416666666666667 0.0725
0 0.51375 0.3595875 0.09083333333333334 0.0570875
0 0.8501416666666667 0.6915625 0.11805833333333332 0.078125
0 0.4170833333333333 0.416875 0.09416666666666666 0.06
0 0.5995833333333334 0.2465625 0.08583333333333333 0.059375
0 0.41791666666666666 0.3559375 0.09416666666666666 0.063125
0 0.7044416666666667 0.7715625 0.12444166666666667 0.084375
0 0.1825 0.614375 0.12 0.07875
0 0.21166666666666667 0.4078125 0.10666666666666667 0.065625
0 0.41291666666666665 0.54385 0.10583333333333333 0.07104375
0 0.22035833333333335 0.283125 0.10261666666666666 0.06375625
0 0.32 0.290625 0.09666666666666666 0.0625
0 0.6329166666666667 0.69125 0.11083333333333334 0.08
0 0.2975 0.6134375 0.11666666666666667 0.078125
0 0.8281916666666667 0.545625 0.11194166666666668 0.06875
0 0.5225 0.691875 0.11 0.07875
0 0.28958333333333336 0.694375 0.1225 0.08375
0 0.8401416666666667 0.6165625 0.10972499999999999 0.071875
0 0.1075 0.406875 0.10666666666666667 0.06875
0 0.41375 0.4765625 0.09916666666666667 0.061875
0 0.21791666666666668 0.3446875 0.10416666666666667 0.065625
0 0.0575 0.6971875 0.115 0.083125
0 0.51375 0.48 0.09972500000000001 0.062493749999999994
0 0.6208333333333333 0.54458125 0.105 0.0695875
0 0.4175 0.23953125 0.09166666666666666 0.0559375
0 0.6129166666666667 0.47875 0.09583333333333334 0.06125
0 0.41375 0.615625 0.11083333333333334 0.07625
0 0.31666666666666665 0.4140625 0.10166666666666667 0.065625
0 0.07875 0.5390625 0.1125 0.075625
0 0.6979166666666666 0.3603125 0.09416666666666666 0.054381250000000006
0 0.3475 0.77625 0.12166666666666667 0.08625
0 0.3045833333333333 0.5428125 0.11083333333333334 0.070625
0 0.81125 0.4796875 0.10583333333333333 0.063125
0 0.22625 0.2246875 0.09583333333333334 0.051881250000000004
0 0.82 0.770625 0.12166666666666667 0.08125
0 0.51875 0.54625 0.10416666666666667 0.07125625000000001
0 0.7345833333333334 0.616875 0.1075 0.07625
0 0.6845833333333333 0.248125 0.09083333333333334 0.0575
0 0.7708333333333334 0.2534375 0.09333333333333334 0.055625
0 0.09541666666666666 0.47051875000000004 0.11083333333333334 0.0702125
0 0.11333333333333333 0.341875 0.11 0.065
0 0.5120833333333333 0.24796875 0.09083333333333334 0.0565625
0 0.5158333333333334 0.41833125000000004 0.095 0.06250625
0 0.605 0.35875 0.09333333333333334 0.05625
0 0.4083333333333333 0.693 0.115 0.08233125
0 0.6933333333333334 0.30495625 0.09166666666666666 0.0592
0 0.20458333333333334 0.4725 0.11083333333333334 0.06625
0 0.7816666666666666 0.30696875 0.09333333333333334 0.05643125