0 0.833974358974359 0.6305288461538462 0.11987179487179488 0.1326923076923077
0 0.46105769230769234 0.7838942307692308 0.13365384615384615 0.1423076923076923
0 0.4546474358974359 0.3691105769230769 0.14198717948717948 0.14447115384615383
0 0.45384615384615384 0.21742788461538462 0.1467948717948718 0.16658653846153845
0 0.5918269230769231 0.7748798076923077 0.1266025641025641 0.14254807692307692
0 0.31137820512820513 0.21766826923076923 0.14134615384615384 0.15552884615384616
0 0.3128205128205128 0.5075721153846153 0.13846153846153847 0.1439903846153846
0 0.3137820512820513 0.36490384615384613 0.14102564102564102 0.14615384615384616
0 0.5884615384615385 0.6408653846153847 0.13076923076923078 0.13701923076923078
0 0.4493589743589744 0.5075721153846153 0.1326923076923077 0.13677884615384617
0 0.4551282051282051 0.6447115384615385 0.13974358974358975 0.14278846153846153
0 0.1703525641025641 0.5100961538461538 0.14903846153846154 0.1485576923076923
0 0.7100961538461539 0.371875 0.12147435897435897 0.13413461538461538
0 0.5894230769230769 0.3719951923076923 0.13141025641025642 0.14014423076923077
0 0.16778846153846153 0.3622596153846154 0.1483974358974359 0.15144230769230768
0 0.7075320512820513 0.5048076923076923 0.128525641025641 0.13509615384615384
0 0.8399038461538462 0.7604567307692308 0.12403846153846154 0.1372596153846154
0 0.7120192307692308 0.23125 0.1233974358974359 0.14759615384615385
0 0.8323717948717949 0.36923076923076925 0.12564102564102564 0.1346153846153846
0 0.7141025641025641 0.6365384615384615 0.12307692307692308 0.1326923076923077
0 0.31634615384615383 0.6503605769230769 0.13782051282051283 0.14447115384615383
0 0.8338141025641026 0.23137019230769232 0.12532051282051282 0.1420673076923077
0 0.3227564102564103 0.7932692307692307 0.14038461538461539 0.15144230769230768
0 0.5807692307692308 0.5074519230769231 0.13076923076923078 0.13365384615384615
0 0.16666666666666666 0.21069711538461539 0.14935897435897436 0.16370192307692308
0 0.17483974358974358 0.8008413461538462 0.14583333333333334 0.1483173076923077
0 0.7181089743589744 0.7681490384615385 0.12596153846153846 0.13870192307692308
0 0.17227564102564102 0.6567307692307692 0.1483974358974359 0.14903846153846154
0 0.5895833333333333 0.22560096153846154 0.1342948717948718 0.15600961538461539
0 0.8344871794871794 0.5024350961538462 0.12282051282051282 0.13256009615384617