0 0.68888671875 0.7198307291666667 0.077314453125 0.07334635416666667
0 0.69099609375 0.6476822916666667 0.078935546875 0.07444010416666667
0 0.691162109375 0.5743229166666667 0.07861328125 0.07313802083333333
0 0.691572265625 0.79296875 0.083662109375 0.07552083333333333
0 0.69384765625 0.4303385416666667 0.0732421875 0.07421875
0 0.33642578125 0.3873697916666667 0.0576171875 0.10026041666666667
0 0.33642578125 0.287109375 0.0576171875 0.10026041666666667
0 0.5078125 0.6868489583333334 0.05859375 0.10026041666666667
0 0.33642578125 0.4889322916666667 0.0576171875 0.10026041666666667
0 0.5068359375 0.7864583333333334 0.056640625 0.09895833333333333
0 0.564453125 0.7825520833333334 0.05859375 0.09895833333333333
0 0.69384765625 0.3561197916666667 0.0732421875 0.07421875
0 0.69287109375 0.5013020833333334 0.0751953125 0.07552083333333333
0 0.5068359375 0.4908854166666667 0.056640625 0.09635416666666667
0 0.5654296875 0.685546875 0.056640625 0.10026041666666667
0 0.392578125 0.7877604166666666 0.056640625 0.09895833333333333
0 0.392578125 0.6888020833333334 0.056640625 0.09895833333333333
0 0.3935546875 0.2884114583333333 0.056640625 0.10026041666666667
0 0.509765625 0.2923177083333333 0.056640625 0.09765625
0 0.33642578125 0.5885416666666666 0.0576171875 0.09895833333333333
0 0.57080078125 0.3893229166666667 0.0556640625 0.09895833333333333
0 0.39306640625 0.3893229166666667 0.0576171875 0.09895833333333333
0 0.51130859375 0.3919270833333333 0.063623046875 0.09895833333333333
0 0.3935546875 0.4908854166666667 0.056640625 0.09895833333333333
0 0.33642578125 0.6888020833333334 0.0576171875 0.09895833333333333
0 0.508330078125 0.5886718750000001 0.057685546875 0.09921875000000001
0 0.392578125 0.5911458333333334 0.056640625 0.09635416666666667
0 0.5634765625 0.5859375 0.056640625 0.09895833333333333
0 0.337890625 0.7877604166666666 0.0546875 0.09895833333333333
0 0.568134765625 0.2916666666666667 0.060087890625 0.09895833333333333
0 0.451171875 0.2884114583333333 0.05859375 0.10026041666666667
0 0.624248046875 0.4876302083333333 0.062958984375 0.09765625
0 0.4501953125 0.787109375 0.056640625 0.10026041666666667
0 0.5634765625 0.4876302083333333 0.056640625 0.09765625
0 0.626953125 0.3893229166666667 0.05859375 0.09895833333333333
0 0.62158203125 0.685546875 0.0556640625 0.10026041666666667
0 0.62841796875 0.2923177083333333 0.0556640625 0.09765625
0 0.451171875 0.587890625 0.05859375 0.09765625
0 0.62158203125 0.7819010416666666 0.0556640625 0.10026041666666667
0 0.44970703125 0.3893229166666667 0.0576171875 0.09895833333333333
0 0.691484375 0.2734375 0.068193359375 0.09635416666666667
0 0.450986328125 0.48907552083333333 0.057314453125 0.09953125
0 0.62251953125 0.5862630208333334 0.058515625 0.09700520833333333
0 0.450361328125 0.6879296875 0.0576171875 0.09895833333333333