0 0.509765625 0.3815104166666667 0.08984375 0.11458333333333333
0 0.3017578125 0.216796875 0.130859375 0.18619791666666666
0 0.4130859375 0.236328125 0.091796875 0.16796875
0 0.701171875 0.875 0.1015625 0.125
0 0.41015625 0.8489583333333334 0.091796875 0.125
0 0.416015625 0.6106770833333334 0.091796875 0.11458333333333333
0 0.603515625 0.6223958333333334 0.091796875 0.11979166666666667
0 0.701171875 0.7493489583333334 0.09765625 0.12369791666666667
0 0.7001953125 0.6243489583333334 0.099609375 0.12369791666666667
0 0.60009765625 0.4986979166666667 0.0927734375 0.12239583333333333
0 0.50927734375 0.6171875 0.0908203125 0.11458333333333333
0 0.291015625 0.6178385416666666 0.158203125 0.12630208333333334
0 0.59716796875 0.232421875 0.0947265625 0.17578125
0 0.69970703125 0.5 0.0986328125 0.125
0 0.50439453125 0.4986979166666667 0.0966796875 0.1171875
0 0.5986328125 0.8639322916666666 0.095703125 0.12369791666666667
0 0.41455078125 0.4954427083333333 0.0869140625 0.11328125
0 0.2919921875 0.48828125 0.16015625 0.12760416666666666
0 0.70068359375 0.3763020833333333 0.0986328125 0.12239583333333333
0 0.505859375 0.23697916666666666 0.09375 0.17447916666666666
0 0.603515625 0.3802083333333333 0.091796875 0.1171875
0 0.5068359375 0.7356770833333334 0.09375 0.125
0 0.417724609375 0.376953125 0.09228515625 0.12109375
0 0.50390625 0.8561197916666666 0.09375 0.12369791666666667
0 0.4140625 0.7265625 0.091796875 0.11979166666666667
0 0.603515625 0.7421875 0.095703125 0.11979166666666667
0 0.296875 0.3671875 0.154296875 0.12760416666666666
0 0.28759765625 0.7434895833333334 0.1591796875 0.1328125
0 0.69970703125 0.22526041666666666 0.1005859375 0.18489583333333334
0 0.283935546875 0.865546875 0.15771484375 0.15295572916666667