0 0.3642578125 0.7682291666666666 0.119140625 0.16927083333333334
0 0.4833984375 0.7643229166666666 0.11328125 0.171875
0 0.24267578125 0.7740885416666666 0.1240234375 0.17578125
0 0.484375 0.591796875 0.1171875 0.17578125
0 0.599609375 0.7571614583333334 0.11328125 0.16536458333333334
0 0.24267578125 0.5950520833333334 0.1259765625 0.1796875
0 0.36474609375 0.59375 0.1201171875 0.1796875
0 0.232421875 0.41015625 0.12890625 0.19010416666666666
0 0.708984375 0.24283854166666666 0.14453125 0.15755208333333334
0 0.56640625 0.23828125 0.138671875 0.16145833333333334
0 0.3583984375 0.4114583333333333 0.125 0.1875
0 0.25341796875 0.23111979166666666 0.1708984375 0.17057291666666666
0 0.416015625 0.236328125 0.14453125 0.16276041666666666
0 0.71728515625 0.587890625 0.1162109375 0.17317708333333334
0 0.60107421875 0.587890625 0.1162109375 0.17317708333333334
0 0.48095703125 0.4108072916666667 0.1181640625 0.18619791666666666
0 0.607421875 0.412109375 0.123046875 0.18098958333333334
0 0.72509765625 0.4114583333333333 0.1162109375 0.1796875
0 0.7109375 0.755859375 0.109375 0.16276041666666666