0 0.67138671875 0.8795572916666666 0.0947265625 0.07942708333333333
0 0.48095703125 0.8821614583333334 0.0947265625 0.07682291666666667
0 0.576171875 0.880859375 0.095703125 0.08203125
0 0.3056640625 0.8379036458333333 0.068359375 0.16794270833333333
0 0.6728515625 0.8014322916666666 0.09765625 0.08203125
0 0.572265625 0.298828125 0.111328125 0.10026041666666667
0 0.76953125 0.796875 0.095703125 0.078125
0 0.45849609375 0.20377604166666666 0.1162109375 0.10546875
0 0.68017578125 0.4765625 0.1044921875 0.09114583333333333
0 0.38720703125 0.8860677083333334 0.0966796875 0.07942708333333333
0 0.46435546875 0.3984375 0.1103515625 0.09895833333333333
0 0.576171875 0.728515625 0.09765625 0.08463541666666667
0 0.46923828125 0.57421875 0.1044921875 0.08854166666666667
0 0.6826171875 0.2936197916666667 0.109375 0.10026041666666667
0 0.77294921875 0.7200520833333334 0.0966796875 0.08072916666666667
0 0.47509765625 0.6549479166666666 0.1025390625 0.08333333333333333
0 0.78369140625 0.4739583333333333 0.1044921875 0.08854166666666667
0 0.7646484375 0.8704427083333334 0.09375 0.07942708333333333
0 0.5751953125 0.8053385416666666 0.095703125 0.08203125
0 0.23828125 0.3255208333333333 0.12109375 0.1171875
0 0.478515625 0.8098958333333334 0.09765625 0.08072916666666667
0 0.4755859375 0.732421875 0.099609375 0.08203125
0 0.36474609375 0.5794270833333334 0.1083984375 0.09114583333333333
0 0.68505859375 0.19270833333333334 0.1083984375 0.1015625
0 0.57373046875 0.568359375 0.1044921875 0.08723958333333333
0 0.6826171875 0.3873697916666667 0.107421875 0.09505208333333333
0 0.373046875 0.6608072916666666 0.10546875 0.08723958333333333
0 0.25341796875 0.5221354166666666 0.1142578125 0.10677083333333333
0 0.5751953125 0.3938802083333333 0.107421875 0.09505208333333333
0 0.7880859375 0.384765625 0.10546875 0.09244791666666667
0 0.7763671875 0.6419270833333334 0.099609375 0.0859375
0 0.24658203125 0.421875 0.1181640625 0.1171875
0 0.2470703125 0.8369270833333333 0.08203125 0.17509114583333332
0 0.791015625 0.291015625 0.109375 0.09765625
0 0.576171875 0.6484375 0.1015625 0.0859375
0 0.38134765625 0.8125 0.1005859375 0.08072916666666667
0 0.37548828125 0.7389322916666666 0.1005859375 0.08463541666666667
0 0.67578125 0.6471354166666666 0.1015625 0.0859375
0 0.67724609375 0.5618489583333334 0.1025390625 0.08723958333333333
0 0.67578125 0.724609375 0.09765625 0.08723958333333333
0 0.36181640625 0.4928385416666667 0.1103515625 0.09505208333333333
0 0.46923828125 0.48828125 0.1083984375 0.09114583333333333
0 0.57470703125 0.482421875 0.1064453125 0.09244791666666667
0 0.34814453125 0.3072916666666667 0.1162109375 0.10416666666666667
0 0.77880859375 0.5579427083333334 0.1025390625 0.08723958333333333
0 0.3447265625 0.2109375 0.119140625 0.10677083333333333
0 0.2626953125 0.6106770833333334 0.109375 0.09635416666666667
0 0.4609375 0.3014322916666667 0.11328125 0.10286458333333333
0 0.5751953125 0.197265625 0.115234375 0.10807291666666667
0 0.794921875 0.19270833333333334 0.115234375 0.1015625
0 0.2255859375 0.22526041666666666 0.12890625 0.11979166666666667
0 0.3564453125 0.4010416666666667 0.11328125 0.09895833333333333