0 0.6455078125 0.73046875 0.03515625 0.08072916666666667
0 0.4326171875 0.7109375 0.03515625 0.078125
0 0.35986328125 0.8561197916666666 0.0322265625 0.07682291666666667
0 0.65673828125 0.3196614583333333 0.0380859375 0.08203125
0 0.44140625 0.09440104166666667 0.056640625 0.048177083333333336
0 0.5673828125 0.0859375 0.0703125 0.0546875
0 0.658203125 0.23697916666666666 0.0390625 0.08072916666666667
0 0.20849609375 0.23893229166666666 0.0322265625 0.07421875
0 0.208984375 0.3932291666666667 0.03125 0.07552083333333333
0 0.60986328125 0.73046875 0.0361328125 0.08072916666666667
0 0.26953125 0.544921875 0.033203125 0.07421875
0 0.3251953125 0.09700520833333333 0.056640625 0.048177083333333336
0 0.64892578125 0.08268229166666667 0.0654296875 0.053385416666666664
0 0.33544921875 0.5494791666666666 0.0341796875 0.07552083333333333
0 0.4326171875 0.6321614583333334 0.037109375 0.07682291666666667
0 0.14814453125 0.4674479166666667 0.0294921875 0.07552083333333333
0 0.57470703125 0.7239583333333334 0.0361328125 0.08072916666666667
0 0.39892578125 0.630859375 0.0341796875 0.07682291666666667
0 0.654296875 0.4036458333333333 0.037109375 0.08333333333333333
0 0.5048828125 0.48046875 0.03515625 0.08072916666666667
0 0.53759765625 0.642578125 0.0380859375 0.07682291666666667
0 0.236328125 0.693359375 0.03125 0.07421875
0 0.49560546875 0.8743489583333334 0.0361328125 0.07682291666666667
0 0.5068359375 0.560546875 0.03515625 0.07942708333333333
0 0.6494140625 0.568359375 0.037109375 0.08203125
0 0.501953125 0.6393229166666666 0.03515625 0.078125
0 0.2099609375 0.3177083333333333 0.033203125 0.07552083333333333
0 0.5322265625 0.87890625 0.03515625 0.078125
0 0.4609375 0.8684895833333334 0.03515625 0.07552083333333333
0 0.171875 0.76171875 0.03125 0.07552083333333333
0 0.14599609375 0.6868489583333334 0.0302734375 0.07421875
0 0.33251953125 0.6263020833333334 0.0341796875 0.07552083333333333
0 0.38427734375 0.09440104166666667 0.0576171875 0.048177083333333336
0 0.53759765625 0.7233072916666666 0.0361328125 0.07942708333333333
0 0.57470703125 0.6438802083333334 0.0361328125 0.07942708333333333
0 0.46728515625 0.7161458333333334 0.0341796875 0.08072916666666667
0 0.611328125 0.6484375 0.037109375 0.08333333333333333
0 0.65234375 0.486328125 0.0390625 0.08203125
0 0.3330078125 0.7037760416666666 0.03125 0.07682291666666667
0 0.50927734375 0.3990885416666667 0.0361328125 0.07942708333333333
0 0.54296875 0.5625 0.037109375 0.08072916666666667
0 0.14599609375 0.6126302083333334 0.0302734375 0.07421875
0 0.58349609375 0.3990885416666667 0.0361328125 0.07682291666666667
0 0.478515625 0.23697916666666666 0.03515625 0.08072916666666667
0 0.54052734375 0.48046875 0.0380859375 0.08072916666666667
0 0.64306640625 0.8111979166666666 0.0361328125 0.08072916666666667
0 0.1396484375 0.8352864583333334 0.033203125 0.07682291666666667
0 0.46728515625 0.6354166666666666 0.0361328125 0.078125
0 0.29931640625 0.6236979166666666 0.0322265625 0.07552083333333333
0 0.2626953125 0.8470052083333334 0.03125 0.07421875
0 0.5830078125 0.318359375 0.03515625 0.08203125
0 0.5859375 0.23567708333333334 0.037109375 0.08072916666666667
0 0.23681640625 0.5436197916666666 0.0341796875 0.07421875
0 0.51220703125 0.3190104166666667 0.0361328125 0.08072916666666667
0 0.1455078125 0.16276041666666666 0.03125 0.07552083333333333
0 0.41015625 0.23697916666666666 0.03515625 0.07552083333333333
0 0.6416015625 0.8932291666666666 0.0390625 0.08072916666666667
0 0.548828125 0.318359375 0.03515625 0.08203125
0 0.5009765625 0.08919270833333333 0.0625 0.05078125
0 0.373046875 0.3157552083333333 0.03515625 0.07682291666666667
0 0.408203125 0.31479166666666664 0.03515625 0.0775
0 0.47265625 0.5559895833333334 0.03515625 0.08072916666666667
0 0.62060546875 0.3190104166666667 0.0380859375 0.08333333333333333
0 0.14306640625 0.7604166666666666 0.0302734375 0.07291666666666667
0 0.3984375 0.7858072916666666 0.033203125 0.07682291666666667
0 0.33544921875 0.47265625 0.0341796875 0.07552083333333333
0 0.62158203125 0.23567708333333334 0.0380859375 0.08072916666666667
0 0.20556640625 0.5423177083333334 0.0302734375 0.07421875
0 0.17138671875 0.8365885416666666 0.0322265625 0.07421875
0 0.36474609375 0.7819010416666666 0.0341796875 0.07682291666666667
0 0.572265625 0.8040364583333334 0.03515625 0.08203125
0 0.4443359375 0.23697916666666666 0.03515625 0.07552083333333333
0 0.2421875 0.23828125 0.033203125 0.07552083333333333
0 0.326171875 0.8548177083333334 0.03515625 0.07682291666666667
0 0.6142578125 0.5670572916666666 0.03515625 0.08203125
0 0.33154296875 0.7799479166666666 0.0322265625 0.07552083333333333
0 0.53662109375 0.7994791666666666 0.0361328125 0.08072916666666667
0 0.5791015625 0.4811197916666667 0.0390625 0.08203125
0 0.50390625 0.7180989583333334 0.03515625 0.07682291666666667
0 0.5791015625 0.5625 0.03515625 0.08333333333333333
0 0.6484375 0.6490885416666666 0.03515625 0.07942708333333333
0 0.46630859375 0.7923177083333334 0.0361328125 0.07682291666666667
0 0.16015625 0.10091145833333333 0.052734375 0.048177083333333336
0 0.21240234375 0.09895833333333333 0.0498046875 0.049479166666666664
0 0.2734375 0.3177083333333333 0.033203125 0.07552083333333333
0 0.6181640625 0.4036458333333333 0.037109375 0.08072916666666667
0 0.66259765625 0.15364583333333334 0.0380859375 0.0859375
0 0.234375 0.7682291666666666 0.03125 0.07552083333333333
0 0.26806640625 0.6979166666666666 0.0322265625 0.078125
0 0.30029296875 0.7747395833333334 0.0322265625 0.07552083333333333
0 0.43603515625 0.4752604166666667 0.0341796875 0.08072916666666667
0 0.2734375 0.3932291666666667 0.033203125 0.07552083333333333
0 0.30615234375 0.3177083333333333 0.0322265625 0.07552083333333333
0 0.205078125 0.69140625 0.03125 0.07291666666666667
0 0.2666015625 0.09700520833333333 0.0546875 0.048177083333333336
0 0.20263671875 0.7643229166666666 0.0322265625 0.078125
0 0.36572265625 0.7063802083333334 0.0322265625 0.07682291666666667
0 0.54931640625 0.23567708333333334 0.0361328125 0.08072916666666667
0 0.43115234375 0.7884114583333334 0.0361328125 0.07682291666666667
0 0.34130859375 0.23893229166666666 0.0341796875 0.07421875
0 0.5009765625 0.794921875 0.037109375 0.07942708333333333
0 0.60302734375 0.8873697916666666 0.0380859375 0.07942708333333333
0 0.3076171875 0.23893229166666666 0.033203125 0.07682291666666667
0 0.39306640625 0.8619791666666666 0.0341796875 0.07552083333333333
0 0.44580078125 0.15755208333333334 0.0361328125 0.078125
0 0.48095703125 0.15494791666666666 0.0361328125 0.08072916666666667
0 0.2939453125 0.849609375 0.03125 0.07421875
0 0.36962890625 0.5514322916666666 0.0341796875 0.07682291666666667
0 0.4443359375 0.31709635416666665 0.03515625 0.082109375
0 0.61474609375 0.4850260416666667 0.0380859375 0.08203125
0 0.478515625 0.3195442708333333 0.03515625 0.07919270833333333
0 0.30224609375 0.5481770833333334 0.0322265625 0.07552083333333333
0 0.3388671875 0.31640625 0.033203125 0.078125
0 0.205078125 0.6178385416666666 0.03125 0.07421875
0 0.4384765625 0.5553385416666666 0.037109375 0.07682291666666667
0 0.30224609375 0.47265625 0.0341796875 0.07552083333333333
0 0.26904296875 0.4700520833333333 0.0322265625 0.07552083333333333
0 0.36572265625 0.6302083333333334 0.0322265625 0.07552083333333333
0 0.607421875 0.8079427083333334 0.03515625 0.07682291666666667
0 0.55224609375 0.15364583333333334 0.0361328125 0.08333333333333333
0 0.439453125 0.3971354166666667 0.03515625 0.078125
0 0.51513671875 0.23697916666666666 0.0361328125 0.08072916666666667
0 0.5673828125 0.8821614583333334 0.03515625 0.07942708333333333
0 0.3017578125 0.6998697916666666 0.033203125 0.07682291666666667
0 0.40185546875 0.5540364583333334 0.0361328125 0.07682291666666667
0 0.30810546875 0.16080729166666666 0.0322265625 0.07942708333333333
0 0.54638671875 0.3997395833333333 0.0380859375 0.08072916666666667
0 0.267578125 0.6204427083333334 0.033203125 0.07421875
0 0.20703125 0.4680989583333333 0.029296875 0.07421875
0 0.46923828125 0.4759114583333333 0.0361328125 0.07942708333333333
0 0.37224609375 0.394296875 0.033544921875 0.07858072916666667
0 0.267578125 0.7721354166666666 0.033203125 0.07552083333333333
0 0.27392578125 0.23828125 0.0322265625 0.078125
0 0.34228515625 0.16145833333333334 0.0341796875 0.08072916666666667
0 0.62568359375 0.15104166666666666 0.0396484375 0.08333333333333333
0 0.4267578125 0.8639322916666666 0.03515625 0.07942708333333333
0 0.41162109375 0.15755208333333334 0.0361328125 0.08072916666666667
0 0.1484375 0.3157552083333333 0.029296875 0.07421875
0 0.24267578125 0.3170572916666667 0.0322265625 0.07682291666666667
0 0.30712890625 0.39453125 0.0341796875 0.07552083333333333
0 0.2421875 0.3932291666666667 0.033203125 0.07552083333333333
0 0.14708984375 0.541015625 0.0305078125 0.07161458333333333
0 0.17724609375 0.6158854166666666 0.0302734375 0.07291666666666667
0 0.2373046875 0.46875 0.03125 0.07552083333333333
0 0.39892578125 0.7096354166666666 0.0341796875 0.078125
0 0.517578125 0.15559895833333334 0.03515625 0.08203125
0 0.2021484375 0.8391927083333334 0.029296875 0.07682291666666667
0 0.236328125 0.619140625 0.03125 0.07421875
0 0.177939453125 0.392578125 0.030849609375 0.07421875
0 0.376953125 0.16015625 0.03515625 0.078125
0 0.2314453125 0.8430989583333334 0.03125 0.07421875
0 0.2421875 0.16080729166666666 0.033203125 0.07942708333333333
0 0.27490234375 0.16080729166666666 0.0322265625 0.07942708333333333
0 0.3388671875 0.3938802083333333 0.033203125 0.07682291666666667
0 0.5888671875 0.15169270833333334 0.0390625 0.08203125
0 0.17724609375 0.24088541666666666 0.0322265625 0.07552083333333333
0 0.20849609375 0.162109375 0.0322265625 0.07421875
0 0.36767578125 0.4739583333333333 0.0341796875 0.07552083333333333
0 0.17529296875 0.6875 0.0302734375 0.07552083333333333
0 0.37548828125 0.236328125 0.0341796875 0.07942708333333333
0 0.177734375 0.3177083333333333 0.03125 0.07552083333333333
0 0.14892578125 0.3912760416666667 0.0302734375 0.07161458333333333
0 0.176875 0.165 0.03205078125 0.07753906249999999
0 0.147861328125 0.24033854166666668 0.03033203125 0.0793359375
0 0.474609375 0.3968619791666667 0.037685546875 0.07803385416666667
0 0.405791015625 0.3957291666666667 0.03515625 0.08261718750000001
0 0.40234375 0.4753515625 0.034697265625 0.08028645833333332
0 0.177099609375 0.5434375 0.03021484375 0.07553385416666666
0 0.177099609375 0.46729166666666666 0.03056640625 0.07494791666666667