0 0.25732421875 0.8723958333333334 0.0654296875 0.09375
0 0.73681640625 0.5970052083333334 0.0634765625 0.08723958333333333
0 0.2646484375 0.779296875 0.0625 0.08984375
0 0.78515625 0.4251302083333333 0.0625 0.08203125
0 0.6259765625 0.7805989583333334 0.0625 0.09244791666666667
0 0.32568359375 0.6920572916666666 0.0576171875 0.08723958333333333
0 0.73095703125 0.4290364583333333 0.0576171875 0.08203125
0 0.748046875 0.7747395833333334 0.064453125 0.09375
0 0.26806640625 0.6907552083333334 0.0615234375 0.08723958333333333
0 0.326171875 0.6041666666666666 0.05859375 0.0859375
0 0.50048828125 0.4303385416666667 0.0595703125 0.08203125
0 0.7333984375 0.5110677083333334 0.060546875 0.08203125
0 0.27001953125 0.6048177083333334 0.0595703125 0.08463541666666667
0 0.80517578125 0.6803385416666666 0.0615234375 0.08723958333333333
0 0.79931640625 0.5924479166666666 0.0615234375 0.0859375
0 0.3232421875 0.78125 0.060546875 0.08854166666666667
0 0.744140625 0.6829427083333334 0.064453125 0.08723958333333333
0 0.44287109375 0.78125 0.0615234375 0.08854166666666667
0 0.6904296875 0.869140625 0.0625 0.08984375
0 0.50146484375 0.6009114583333334 0.0595703125 0.08203125
0 0.623046875 0.69140625 0.060546875 0.08854166666666667
0 0.79248046875 0.5078125 0.0615234375 0.08333333333333333
0 0.44287109375 0.6009114583333334 0.0576171875 0.08723958333333333
0 0.560546875 0.599609375 0.05859375 0.08723958333333333
0 0.55810546875 0.5130208333333334 0.0595703125 0.0859375
0 0.67138671875 0.4309895833333333 0.0595703125 0.08072916666666667
0 0.44287109375 0.69140625 0.0615234375 0.08854166666666667
0 0.32763671875 0.5188802083333334 0.0576171875 0.08203125
0 0.271484375 0.51953125 0.056640625 0.08072916666666667
0 0.56298828125 0.7805989583333334 0.0615234375 0.09244791666666667
0 0.50341796875 0.6881510416666666 0.0595703125 0.08984375
0 0.78076171875 0.3430989583333333 0.0615234375 0.07682291666666667
0 0.2763671875 0.4381510416666667 0.056640625 0.07942708333333333
0 0.6796875 0.599609375 0.0625 0.08723958333333333
0 0.44140625 0.5169270833333334 0.056640625 0.08333333333333333
0 0.6171875 0.517578125 0.05859375 0.08203125
0 0.384765625 0.693359375 0.05859375 0.08723958333333333
0 0.6875 0.7786458333333334 0.0625 0.09114583333333333
0 0.6201171875 0.6015625 0.060546875 0.0859375
0 0.67431640625 0.5123697916666666 0.0576171875 0.08203125
0 0.38427734375 0.60546875 0.0595703125 0.0859375
0 0.3828125 0.7819010416666666 0.060546875 0.08984375
0 0.56201171875 0.6875 0.0576171875 0.08854166666666667
0 0.5576171875 0.4296875 0.056640625 0.08072916666666667
0 0.6142578125 0.4348958333333333 0.056640625 0.08333333333333333
0 0.44384765625 0.431640625 0.0576171875 0.08203125
0 0.62841796875 0.8736979166666666 0.0595703125 0.09114583333333333
0 0.2783203125 0.3619791666666667 0.0546875 0.08072916666666667
0 0.5009765625 0.513671875 0.060546875 0.08723958333333333
0 0.384765625 0.5169270833333334 0.056640625 0.0859375
0 0.5048828125 0.8782552083333334 0.060546875 0.08984375
0 0.33056640625 0.4361979166666667 0.0576171875 0.08072916666666667
0 0.3857421875 0.2766927083333333 0.0546875 0.07421875
0 0.71826171875 0.2643229166666667 0.0576171875 0.078125
0 0.279296875 0.2884114583333333 0.056640625 0.07682291666666667
0 0.38720703125 0.431640625 0.0576171875 0.08203125
0 0.75341796875 0.8684895833333334 0.0654296875 0.09375
0 0.49853515625 0.3450520833333333 0.0576171875 0.08072916666666667
0 0.607421875 0.2630208333333333 0.060546875 0.078125
0 0.44140625 0.2734375 0.0546875 0.07552083333333333
0 0.4443359375 0.8743489583333334 0.0625 0.09244791666666667
0 0.568359375 0.875 0.0625 0.09375
0 0.55517578125 0.3470052083333333 0.0595703125 0.08203125
0 0.44140625 0.3489583333333333 0.05859375 0.08072916666666667
0 0.6826171875 0.6875 0.0625 0.08854166666666667
0 0.4951171875 0.2682291666666667 0.056640625 0.07552083333333333
0 0.33203125 0.3561197916666667 0.0546875 0.07942708333333333
0 0.55126953125 0.2669270833333333 0.0595703125 0.078125
0 0.77392578125 0.2643229166666667 0.0576171875 0.07552083333333333
0 0.72314453125 0.3450520833333333 0.0595703125 0.08072916666666667
0 0.66845703125 0.3502604166666667 0.0576171875 0.08072916666666667
0 0.8115234375 0.861328125 0.0546875 0.08984375
0 0.33349609375 0.28125 0.0537109375 0.07552083333333333
0 0.3876953125 0.3509114583333333 0.056640625 0.07942708333333333
0 0.38134765625 0.875 0.0615234375 0.09375
0 0.6630859375 0.2721354166666667 0.05859375 0.078125
0 0.50341796875 0.78515625 0.0595703125 0.09375
0 0.810546875 0.76953125 0.0625 0.09114583333333333
0 0.611328125 0.3444010416666667 0.05859375 0.08463541666666667
0 0.3203125 0.8743489583333334 0.064453125 0.09244791666666667