0 0.666015625 0.8118489583333334 0.09375 0.14453125
0 0.56640625 0.3854166666666667 0.09765625 0.14583333333333334
0 0.5693359375 0.81640625 0.09765625 0.14583333333333334
0 0.7568359375 0.5266927083333334 0.095703125 0.14192708333333334
0 0.6630859375 0.6686197916666666 0.09375 0.14453125
0 0.56884765625 0.673828125 0.0966796875 0.14453125
0 0.26513671875 0.8372395833333334 0.1083984375 0.15104166666666666
0 0.26220703125 0.6861979166666666 0.1083984375 0.15625
0 0.263671875 0.3763020833333333 0.107421875 0.15364583333333334
0 0.47216796875 0.8229166666666666 0.0986328125 0.15104166666666666
0 0.3701171875 0.8287760416666666 0.1015625 0.15234375
0 0.2626953125 0.5299479166666666 0.107421875 0.15104166666666666
0 0.470703125 0.6751302083333334 0.09765625 0.14973958333333334
0 0.36962890625 0.6809895833333334 0.1044921875 0.15104166666666666
0 0.36474609375 0.2265625 0.1064453125 0.15364583333333334
0 0.36767578125 0.5299479166666666 0.1044921875 0.15104166666666666
0 0.25927734375 0.22395833333333334 0.1044921875 0.15625
0 0.5693359375 0.5299479166666666 0.09765625 0.14322916666666666
0 0.66015625 0.3860677083333333 0.091796875 0.14192708333333334
0 0.470703125 0.5299479166666666 0.09765625 0.14583333333333334
0 0.75341796875 0.3854166666666667 0.0947265625 0.14322916666666666
0 0.3671875 0.3802083333333333 0.103515625 0.15104166666666666
0 0.6630859375 0.5286458333333334 0.09375 0.14322916666666666
0 0.5703125 0.23893229166666666 0.095703125 0.14973958333333334
0 0.75341796875 0.6673177083333334 0.0908203125 0.14192708333333334
0 0.46923828125 0.3815104166666667 0.1005859375 0.15104166666666666
0 0.6630859375 0.24348958333333334 0.09375 0.14322916666666666
0 0.4814453125 0.09765625 0.111328125 0.1328125
0 0.47021484375 0.23111979166666666 0.1044921875 0.15494791666666666
0 0.751953125 0.24869791666666666 0.08984375 0.13541666666666666
0 0.62744140625 0.10546875 0.1376953125 0.13802083333333334
0 0.3291015625 0.08919270833333333 0.134765625 0.12630208333333334
0 0.755859375 0.8053385416666666 0.087890625 0.14192708333333334
0 0.73681640625 0.12239583333333333 0.0966796875 0.13020833333333334