0 0.49560546875 0.6998697916666666 0.1005859375 0.08723958333333333
0 0.29345703125 0.7552213541666667 0.1005859375 0.13018229166666667
0 0.5947265625 0.69921875 0.099609375 0.0859375
0 0.7958984375 0.3470052083333333 0.099609375 0.08723958333333333
0 0.39599609375 0.869140625 0.0966796875 0.08203125
0 0.6943359375 0.5227864583333334 0.1015625 0.08723958333333333
0 0.6953125 0.3489583333333333 0.1015625 0.08854166666666667
0 0.796875 0.8626302083333334 0.099609375 0.08723958333333333
0 0.69677734375 0.693359375 0.1005859375 0.08723958333333333
0 0.79931640625 0.7786458333333334 0.0947265625 0.08854166666666667
0 0.29638671875 0.861328125 0.0986328125 0.08203125
0 0.4921875 0.5305989583333334 0.1015625 0.08723958333333333
0 0.5927734375 0.529296875 0.1015625 0.08723958333333333
0 0.39013671875 0.4485677083333333 0.1044921875 0.08984375
0 0.794921875 0.16927083333333334 0.103515625 0.08854166666666667
0 0.69677734375 0.6061197916666666 0.1005859375 0.08723958333333333
0 0.3935546875 0.7044270833333334 0.099609375 0.0859375
0 0.79638671875 0.6061197916666666 0.0986328125 0.08723958333333333
0 0.4931640625 0.6165364583333334 0.099609375 0.08463541666666667
0 0.498046875 0.8684895833333334 0.09765625 0.08072916666666667
0 0.58984375 0.173828125 0.107421875 0.08984375
0 0.48583984375 0.17903645833333334 0.1044921875 0.09244791666666667
0 0.59423828125 0.6126302083333334 0.1005859375 0.08723958333333333
0 0.28271484375 0.3743489583333333 0.1044921875 0.10026041666666667
0 0.69287109375 0.17447916666666666 0.1005859375 0.08854166666666667
0 0.3916015625 0.619140625 0.1015625 0.08723958333333333
0 0.7978515625 0.4322916666666667 0.09765625 0.09114583333333333
0 0.59228515625 0.353515625 0.1025390625 0.08984375
0 0.39013671875 0.5358072916666666 0.1025390625 0.08984375
0 0.3876953125 0.2721354166666667 0.103515625 0.08854166666666667
0 0.49365234375 0.443359375 0.1005859375 0.08723958333333333
0 0.6943359375 0.2623697916666667 0.099609375 0.08723958333333333
0 0.591796875 0.263671875 0.103515625 0.09244791666666667
0 0.27783203125 0.19466145833333334 0.1044921875 0.09244791666666667
0 0.70166015625 0.7799479166666666 0.0986328125 0.08854166666666667
0 0.59423828125 0.4420572916666667 0.1005859375 0.08984375
0 0.60009765625 0.78515625 0.1025390625 0.08854166666666667
0 0.49853515625 0.7858072916666666 0.0986328125 0.08463541666666667
0 0.697265625 0.4361979166666667 0.1015625 0.09114583333333333
0 0.38623046875 0.3600260416666667 0.1044921875 0.08984375
0 0.3955078125 0.787109375 0.099609375 0.08723958333333333
0 0.48974609375 0.35546875 0.1025390625 0.09375
0 0.796875 0.51953125 0.099609375 0.08854166666666667
0 0.48974609375 0.2682291666666667 0.1025390625 0.08854166666666667
0 0.2880859375 0.4622395833333333 0.10546875 0.1015625
0 0.28271484375 0.2845052083333333 0.1044921875 0.09505208333333333
0 0.59716796875 0.8671875 0.0986328125 0.08072916666666667
0 0.3818359375 0.18294270833333334 0.103515625 0.09244791666666667
0 0.7958984375 0.2571614583333333 0.1015625 0.09244791666666667
0 0.287109375 0.5859375 0.10546875 0.09895833333333333
0 0.79638671875 0.6927083333333334 0.0986328125 0.08854166666666667
0 0.69677734375 0.8639322916666666 0.0986328125 0.08463541666666667