0 0.6982421875 0.7571614583333334 0.072265625 0.10807291666666667
0 0.43798828125 0.20572916666666666 0.1025390625 0.10677083333333333
0 0.3232421875 0.54296875 0.078125 0.11197916666666667
0 0.32666015625 0.7610677083333334 0.0732421875 0.10546875
0 0.54931640625 0.5423177083333334 0.0751953125 0.11067708333333333
0 0.57666015625 0.20572916666666666 0.0888671875 0.10677083333333333
0 0.47412109375 0.54296875 0.0751953125 0.11197916666666667
0 0.6259765625 0.54296875 0.076171875 0.11197916666666667
0 0.39892578125 0.54296875 0.0751953125 0.11197916666666667
0 0.70263671875 0.4244791666666667 0.0751953125 0.11197916666666667
0 0.701171875 0.537109375 0.078125 0.11328125
0 0.47314453125 0.3177083333333333 0.0771484375 0.11458333333333333
0 0.322265625 0.4309895833333333 0.076171875 0.11197916666666667
0 0.5517578125 0.31640625 0.076171875 0.11458333333333333
0 0.32177734375 0.3177083333333333 0.0771484375 0.1171875
0 0.39794921875 0.3177083333333333 0.0771484375 0.1171875
0 0.32470703125 0.6536458333333334 0.0771484375 0.109375
0 0.6259765625 0.3157552083333333 0.076171875 0.11588541666666667
0 0.54931640625 0.6510416666666666 0.0751953125 0.109375
0 0.55224609375 0.4303385416666667 0.0771484375 0.11328125
0 0.7001953125 0.6490885416666666 0.07421875 0.11067708333333333
0 0.47509765625 0.6536458333333334 0.0751953125 0.109375
0 0.39990234375 0.6536458333333334 0.0751953125 0.10677083333333333
0 0.6279296875 0.4296875 0.076171875 0.11458333333333333
0 0.70263671875 0.310546875 0.0771484375 0.11588541666666667
0 0.68701171875 0.201171875 0.1103515625 0.10546875
0 0.47509765625 0.759765625 0.0732421875 0.10546875
0 0.62548828125 0.6516927083333334 0.0751953125 0.11067708333333333
0 0.548828125 0.759765625 0.07421875 0.10546875
0 0.39892578125 0.4309895833333333 0.0771484375 0.11197916666666667
0 0.62353515625 0.7604166666666666 0.0732421875 0.10677083333333333
0 0.47509765625 0.4303385416666667 0.0771484375 0.11328125
0 0.39990234375 0.7604166666666666 0.0751953125 0.10677083333333333
0 0.33056640625 0.2109375 0.0966796875 0.10416666666666667