0 0.45263671875 0.541015625 0.0732421875 0.10807291666666667
0 0.3056640625 0.5384114583333334 0.076171875 0.11067708333333333
0 0.455078125 0.7545572916666666 0.072265625 0.10546875
0 0.671875 0.755859375 0.072265625 0.10546875
0 0.52685546875 0.54296875 0.0732421875 0.10677083333333333
0 0.52783203125 0.75390625 0.0732421875 0.10416666666666667
0 0.4072265625 0.21809895833333334 0.083984375 0.10026041666666667
0 0.3798828125 0.5384114583333334 0.072265625 0.10807291666666667
0 0.60009765625 0.7552083333333334 0.0712890625 0.1015625
0 0.60009765625 0.54296875 0.0751953125 0.10677083333333333
0 0.60888671875 0.4361979166666667 0.0732421875 0.10677083333333333
0 0.6767578125 0.544921875 0.072265625 0.10546875
0 0.6796875 0.4381510416666667 0.0703125 0.10807291666666667
0 0.3056640625 0.6484375 0.076171875 0.109375
0 0.38134765625 0.75390625 0.0751953125 0.10677083333333333
0 0.38134765625 0.6471354166666666 0.0732421875 0.10677083333333333
0 0.4951171875 0.22330729166666666 0.083984375 0.09505208333333333
0 0.30810546875 0.75390625 0.0712890625 0.10416666666666667
0 0.4541015625 0.6484375 0.072265625 0.10677083333333333
0 0.529296875 0.6490885416666666 0.07421875 0.10807291666666667
0 0.4580078125 0.3235677083333333 0.07421875 0.11067708333333333
0 0.6025390625 0.6497395833333334 0.07421875 0.10677083333333333
0 0.38427734375 0.3203125 0.0751953125 0.109375
0 0.67431640625 0.6497395833333334 0.0712890625 0.10677083333333333
0 0.30908203125 0.3190104166666667 0.0751953125 0.11197916666666667
0 0.53369140625 0.32421875 0.0751953125 0.11197916666666667
0 0.580078125 0.22526041666666666 0.083984375 0.09375
0 0.3076171875 0.4296875 0.07421875 0.109375
0 0.60888671875 0.3287760416666667 0.0751953125 0.11067708333333333
0 0.6689453125 0.22526041666666666 0.09375 0.09895833333333333
0 0.53369140625 0.4348958333333333 0.0751953125 0.109375
0 0.3818359375 0.4303385416666667 0.07421875 0.11067708333333333
0 0.68115234375 0.330078125 0.0751953125 0.11067708333333333
0 0.4580078125 0.431640625 0.076171875 0.11067708333333333