0 0.5771484375 0.8196614583333334 0.0859375 0.09765625
0 0.40234375 0.8203125 0.080078125 0.10416666666666667
0 0.5771484375 0.3971354166666667 0.08203125 0.10677083333333333
0 0.40625 0.3938802083333333 0.0859375 0.10807291666666667
0 0.40478515625 0.716796875 0.0830078125 0.10807291666666667
0 0.66259765625 0.2630208333333333 0.0849609375 0.16145833333333334
0 0.66015625 0.5006510416666666 0.08984375 0.11067708333333333
0 0.6630859375 0.716796875 0.083984375 0.10546875
0 0.48974609375 0.2623697916666667 0.0830078125 0.15755208333333334
0 0.6650390625 0.818359375 0.08203125 0.10026041666666667
0 0.66259765625 0.6100260416666666 0.0810546875 0.10807291666666667
0 0.57568359375 0.50390625 0.0830078125 0.10677083333333333
0 0.57763671875 0.7180989583333334 0.0869140625 0.10546875
0 0.40576171875 0.5013020833333334 0.0830078125 0.10416666666666667
0 0.66015625 0.3971354166666667 0.083984375 0.10416666666666667
0 0.4892578125 0.7180989583333334 0.08203125 0.10546875
0 0.58056640625 0.6106770833333334 0.0830078125 0.10677083333333333
0 0.4892578125 0.822265625 0.083984375 0.10286458333333333
0 0.4921875 0.39453125 0.08203125 0.109375
0 0.49462890625 0.6106770833333334 0.0830078125 0.10677083333333333
0 0.57568359375 0.2623697916666667 0.0830078125 0.16276041666666666
0 0.404296875 0.2604166666666667 0.083984375 0.16145833333333334
0 0.4921875 0.5052083333333334 0.087890625 0.10677083333333333
0 0.2939453125 0.25 0.1328125 0.125
0 0.404296875 0.609375 0.083984375 0.11197916666666667
0 0.2978515625 0.724609375 0.12890625 0.11328125
0 0.29638671875 0.4908854166666667 0.1298828125 0.1171875
0 0.2978515625 0.3743489583333333 0.12890625 0.11848958333333333
0 0.299560546875 0.8313802083333334 0.12646484375 0.10546875
0 0.29638671875 0.6100260416666666 0.1240234375 0.11848958333333333