0 0.45654296875 0.8483072916666666 0.0263671875 0.06380208333333333
0 0.6318359375 0.7200520833333334 0.029296875 0.0625
0 0.49267578125 0.21223958333333334 0.0537109375 0.044270833333333336
0 0.31494140625 0.3984375 0.0263671875 0.0625
0 0.572265625 0.71875 0.029296875 0.0625
0 0.5439453125 0.71875 0.029296875 0.0625
0 0.31591796875 0.4615885416666667 0.0283203125 0.06380208333333333
0 0.63330078125 0.7825520833333334 0.0302734375 0.06510416666666667
0 0.31591796875 0.8450520833333334 0.0263671875 0.06510416666666667
0 0.72216796875 0.7200520833333334 0.0302734375 0.06510416666666667
0 0.34423828125 0.84765625 0.0283203125 0.06770833333333333
0 0.48486328125 0.8483072916666666 0.0302734375 0.06640625
0 0.37255859375 0.8483072916666666 0.0283203125 0.06640625
0 0.72216796875 0.5234375 0.0302734375 0.06770833333333333
0 0.572265625 0.8489583333333334 0.029296875 0.06770833333333333
0 0.66259765625 0.8502604166666666 0.0302734375 0.06770833333333333
0 0.54638671875 0.7825520833333334 0.0283203125 0.06510416666666667
0 0.31689453125 0.78125 0.0283203125 0.0625
0 0.69140625 0.8515625 0.029296875 0.06510416666666667
0 0.69140625 0.71875 0.029296875 0.0625
0 0.31640625 0.716796875 0.02734375 0.06380208333333333
0 0.751953125 0.7220052083333334 0.029296875 0.06640625
0 0.6318359375 0.65625 0.029296875 0.06770833333333333
0 0.4580078125 0.71875 0.02734375 0.0625
0 0.37158203125 0.3984375 0.0302734375 0.06510416666666667
0 0.31640625 0.5247395833333334 0.02734375 0.0625
0 0.63134765625 0.849609375 0.0283203125 0.06380208333333333
0 0.56298828125 0.21354166666666666 0.0498046875 0.0390625
0 0.45849609375 0.4602864583333333 0.0283203125 0.06380208333333333
0 0.63330078125 0.5234375 0.0302734375 0.06770833333333333
0 0.517578125 0.7819010416666666 0.029296875 0.06380208333333333
0 0.63134765625 0.3932291666666667 0.0283203125 0.0625
0 0.44091796875 0.216796875 0.0478515625 0.040364583333333336
0 0.45947265625 0.7819010416666666 0.0302734375 0.06380208333333333
0 0.603515625 0.71875 0.029296875 0.0625
0 0.4580078125 0.654296875 0.02734375 0.06380208333333333
0 0.6611328125 0.45703125 0.029296875 0.0625
0 0.31689453125 0.654296875 0.0283203125 0.061197916666666664
0 0.615234375 0.21223958333333334 0.05078125 0.0390625
0 0.392578125 0.21809895833333334 0.044921875 0.037760416666666664
0 0.45849609375 0.3938802083333333 0.0302734375 0.06380208333333333
0 0.72216796875 0.4563802083333333 0.0302734375 0.06380208333333333
0 0.72119140625 0.6549479166666666 0.0302734375 0.06510416666666667
0 0.45849609375 0.5240885416666666 0.0283203125 0.06380208333333333
0 0.43017578125 0.654296875 0.0283203125 0.06380208333333333
0 0.43115234375 0.78125 0.0263671875 0.0625
0 0.66259765625 0.5234375 0.0302734375 0.06770833333333333
0 0.66015625 0.3932291666666667 0.029296875 0.0625
0 0.7197265625 0.392578125 0.029296875 0.06380208333333333
0 0.6318359375 0.45703125 0.029296875 0.0625
0 0.31396484375 0.2682291666666667 0.0283203125 0.0625
0 0.34619140625 0.78125 0.0302734375 0.0625
0 0.6923828125 0.5234375 0.029296875 0.06770833333333333
0 0.4296875 0.7180989583333334 0.029296875 0.06380208333333333
0 0.60302734375 0.7819010416666666 0.0302734375 0.06640625
0 0.66162109375 0.6555989583333334 0.0302734375 0.06380208333333333
0 0.72216796875 0.8515625 0.0302734375 0.06510416666666667
0 0.7509765625 0.5227864583333334 0.029296875 0.06640625
0 0.4296875 0.39453125 0.029296875 0.06770833333333333
0 0.45849609375 0.5891927083333334 0.0283203125 0.061197916666666664
0 0.6318359375 0.5885416666666666 0.029296875 0.06510416666666667
0 0.3447265625 0.71875 0.02734375 0.0625
0 0.3984375 0.33203125 0.029296875 0.0625
0 0.6318359375 0.330078125 0.029296875 0.06380208333333333
0 0.6630859375 0.71875 0.029296875 0.0625
0 0.40185546875 0.654296875 0.0283203125 0.06380208333333333
0 0.72216796875 0.7858072916666666 0.0302734375 0.06640625
0 0.75048828125 0.5885416666666666 0.0302734375 0.06510416666666667
0 0.39990234375 0.71875 0.0302734375 0.0625
0 0.54345703125 0.8483072916666666 0.0283203125 0.06380208333333333
0 0.40185546875 0.78125 0.0283203125 0.0625
0 0.60205078125 0.3287760416666667 0.0302734375 0.06380208333333333
0 0.75048828125 0.4557291666666667 0.0302734375 0.0625
0 0.603515625 0.3932291666666667 0.029296875 0.0625
0 0.66552734375 0.2109375 0.0498046875 0.041666666666666664
0 0.48779296875 0.4557291666666667 0.0302734375 0.0625
0 0.373046875 0.4622395833333333 0.029296875 0.0625
0 0.51611328125 0.3932291666666667 0.0302734375 0.0625
0 0.31689453125 0.5891927083333334 0.0283203125 0.06380208333333333
0 0.60205078125 0.6549479166666666 0.0302734375 0.06510416666666667
0 0.751953125 0.78515625 0.029296875 0.059895833333333336
0 0.51513671875 0.7180989583333334 0.0283203125 0.06380208333333333
0 0.75048828125 0.6549479166666666 0.0302734375 0.06770833333333333
0 0.57177734375 0.45703125 0.0302734375 0.0625
0 0.45751953125 0.3307291666666667 0.0283203125 0.0625
0 0.60205078125 0.8489583333333334 0.0302734375 0.06770833333333333
0 0.34228515625 0.3990885416666667 0.0283203125 0.06380208333333333
0 0.51611328125 0.4557291666666667 0.0302734375 0.0625
0 0.5751953125 0.7819010416666666 0.029296875 0.06640625
0 0.5458984375 0.587890625 0.029296875 0.06380208333333333
0 0.74951171875 0.3287760416666667 0.0302734375 0.06380208333333333
0 0.72119140625 0.2610677083333333 0.0302734375 0.06380208333333333
0 0.5458984375 0.392578125 0.029296875 0.06380208333333333
0 0.72119140625 0.5885416666666666 0.0302734375 0.0625
0 0.5751953125 0.5234375 0.029296875 0.06770833333333333
0 0.3447265625 0.462890625 0.02734375 0.06380208333333333
0 0.69091796875 0.7845052083333334 0.0302734375 0.06901041666666667
0 0.66015625 0.2630208333333333 0.029296875 0.06510416666666667
0 0.34521484375 0.591796875 0.0283203125 0.06380208333333333
0 0.48583984375 0.3307291666666667 0.0283203125 0.0625
0 0.36962890625 0.3326822916666667 0.0283203125 0.06380208333333333
0 0.45556640625 0.267578125 0.0283203125 0.06380208333333333
0 0.66259765625 0.5885416666666666 0.0302734375 0.06510416666666667
0 0.6044921875 0.5234375 0.029296875 0.06510416666666667
0 0.34716796875 0.21809895833333334 0.0458984375 0.037760416666666664
0 0.572265625 0.3294270833333333 0.029296875 0.0625
0 0.7197265625 0.326171875 0.029296875 0.06380208333333333
0 0.5439453125 0.3294270833333333 0.029296875 0.0625
0 0.75341796875 0.8513020833333332 0.0302734375 0.06822916666666666
0 0.48681640625 0.71875 0.0283203125 0.0625
0 0.69091796875 0.4563802083333333 0.0302734375 0.06380208333333333
0 0.5126953125 0.8483072916666666 0.029296875 0.06380208333333333
0 0.6015625 0.45703125 0.029296875 0.0625
0 0.373046875 0.5260416666666666 0.029296875 0.06510416666666667
0 0.48779296875 0.3932291666666667 0.0302734375 0.0625
0 0.43017578125 0.5891927083333334 0.0283203125 0.061197916666666664
0 0.4296875 0.525390625 0.029296875 0.06380208333333333
0 0.48876953125 0.7819010416666666 0.0283203125 0.06380208333333333
0 0.75048828125 0.26171875 0.0283203125 0.06770833333333333
0 0.65966796875 0.3287760416666667 0.0283203125 0.06380208333333333
0 0.3447265625 0.5260416666666666 0.02734375 0.0625
0 0.4013671875 0.3971354166666667 0.029296875 0.06510416666666667
0 0.54345703125 0.4563802083333333 0.0283203125 0.06380208333333333
0 0.48681640625 0.654296875 0.0302734375 0.06380208333333333
0 0.69091796875 0.6549479166666666 0.0302734375 0.06510416666666667
0 0.544921875 0.6536458333333334 0.02734375 0.0625
0 0.42822265625 0.8470052083333334 0.0302734375 0.06640625
0 0.40185546875 0.5911458333333334 0.0283203125 0.0625
0 0.5146484375 0.3294270833333333 0.029296875 0.0625
0 0.69091796875 0.392578125 0.0302734375 0.06380208333333333
0 0.42822265625 0.3313802083333333 0.0302734375 0.061197916666666664
0 0.51611328125 0.654296875 0.0302734375 0.06380208333333333
0 0.34130859375 0.3346354166666667 0.0283203125 0.06510416666666667
0 0.3447265625 0.6555989583333334 0.02734375 0.061197916666666664
0 0.3984375 0.2682291666666667 0.029296875 0.0625
0 0.6318359375 0.263671875 0.029296875 0.06380208333333333
0 0.40185546875 0.4615885416666667 0.0283203125 0.06380208333333333
0 0.4267578125 0.2688802083333333 0.029296875 0.06380208333333333
0 0.31494140625 0.3313802083333333 0.0263671875 0.06901041666666667
0 0.6025390625 0.26348958333333333 0.029296875 0.0641796875
0 0.37548828125 0.78125 0.0283203125 0.0625
0 0.60302734375 0.5885416666666666 0.0302734375 0.06510416666666667
0 0.572265625 0.2643229166666667 0.03125 0.0625
0 0.43017578125 0.4622395833333333 0.0283203125 0.0625
0 0.6923828125 0.5885416666666666 0.029296875 0.0625
0 0.48388671875 0.2669270833333333 0.0283203125 0.0625
0 0.69091796875 0.326171875 0.0302734375 0.06380208333333333
0 0.5166015625 0.587890625 0.029296875 0.06380208333333333
0 0.4013671875 0.525390625 0.029296875 0.06380208333333333
0 0.4013671875 0.84765625 0.029296875 0.06510416666666667
0 0.716796875 0.20703125 0.05078125 0.0390625
0 0.54638671875 0.5227864583333334 0.0283203125 0.06640625
0 0.48779296875 0.587890625 0.0302734375 0.06380208333333333
0 0.37275390625 0.71875 0.0267578125 0.0625
0 0.54248046875 0.2643229166666667 0.0302734375 0.0625
0 0.343125 0.26953125 0.028603515625 0.06510416666666667
0 0.6630859375 0.7825520833333334 0.029296875 0.06770833333333333
0 0.75048828125 0.392578125 0.0302734375 0.06380208333333333
0 0.37451171875 0.591796875 0.0302734375 0.061197916666666664
0 0.57470703125 0.3932291666666667 0.0302734375 0.0625
0 0.57373046875 0.587890625 0.0302734375 0.06640625
0 0.487724609375 0.5224869791666666 0.028193359375 0.06701822916666667
0 0.5751953125 0.654296875 0.03125 0.06380208333333333
0 0.3720703125 0.6549479166666666 0.029296875 0.0625
0 0.5176953125 0.5227473958333334 0.03009765625 0.06649739583333333
0 0.691865234375 0.26125 0.03197265625 0.06305989583333334
0 0.513671875 0.2647395833333333 0.02857421875 0.06319010416666666
0 0.370673828125 0.26848958333333334 0.027900390625 0.0628515625