0 0.3564453125 0.6731770833333334 0.03125 0.0703125
0 0.3251953125 0.7454427083333334 0.03125 0.07421875
0 0.35888671875 0.6002604166666666 0.0322265625 0.0703125
0 0.3251953125 0.6731770833333334 0.03125 0.0703125
0 0.673828125 0.955078125 0.03125 0.07421875
0 0.35888671875 0.5286458333333334 0.0322265625 0.0703125
0 0.3564453125 0.7473958333333334 0.033203125 0.07291666666666667
0 0.484375 0.6725260416666666 0.03125 0.07161458333333333
0 0.6083984375 0.5989583333333334 0.03125 0.06770833333333333
0 0.44580078125 0.267578125 0.0517578125 0.04296875
0 0.35888671875 0.45703125 0.0322265625 0.0703125
0 0.35595703125 0.8997395833333334 0.0341796875 0.07552083333333333
0 0.3271484375 0.45703125 0.033203125 0.0703125
0 0.60595703125 0.5299479166666666 0.0322265625 0.06770833333333333
0 0.6025390625 0.275390625 0.05078125 0.04296875
0 0.3935546875 0.2630208333333333 0.048828125 0.0390625
0 0.4873046875 0.599609375 0.03125 0.06901041666666667
0 0.322265625 0.900390625 0.033203125 0.07942708333333333
0 0.38720703125 0.96875 0.0322265625 0.0625
0 0.31884765625 0.9694010416666666 0.0341796875 0.05859375
0 0.484375 0.9635416666666666 0.03125 0.06770833333333333
0 0.42138671875 0.9674479166666666 0.0322265625 0.06510416666666667
0 0.521484375 0.81640625 0.03125 0.07291666666666667
0 0.69677734375 0.5983072916666666 0.0322265625 0.06640625
0 0.32763671875 0.6002604166666666 0.0322265625 0.0703125
0 0.5498046875 0.9622395833333334 0.03125 0.0703125
0 0.66845703125 0.5299479166666666 0.0302734375 0.06770833333333333
0 0.517578125 0.9635416666666666 0.033203125 0.0703125
0 0.78466796875 0.5944010416666666 0.0302734375 0.06640625
0 0.5498046875 0.2734375 0.05078125 0.0390625
0 0.521484375 0.8893229166666666 0.03125 0.07291666666666667
0 0.58056640625 0.9609375 0.0302734375 0.07291666666666667
0 0.69677734375 0.4615885416666667 0.0302734375 0.06901041666666667
0 0.638671875 0.5989583333333334 0.029296875 0.06770833333333333
0 0.45849609375 0.322265625 0.0302734375 0.06901041666666667
0 0.42626953125 0.599609375 0.0341796875 0.06901041666666667
0 0.67236328125 0.736328125 0.0322265625 0.06901041666666667
0 0.642578125 0.9557291666666666 0.03125 0.0703125
0 0.353515625 0.9694010416666666 0.033203125 0.061197916666666664
0 0.583984375 0.88671875 0.03125 0.07552083333333333
0 0.498046875 0.26953125 0.05078125 0.0390625
0 0.60888671875 0.4609375 0.0302734375 0.0703125
0 0.4228515625 0.7447916666666666 0.033203125 0.07291666666666667
0 0.5859375 0.8118489583333334 0.03125 0.07421875
0 0.45703125 0.8932291666666666 0.033203125 0.07552083333333333
0 0.517578125 0.7428385416666666 0.03125 0.06901041666666667
0 0.71533203125 0.275390625 0.0517578125 0.04296875
0 0.357421875 0.8235677083333334 0.03515625 0.07682291666666667
0 0.392578125 0.6002604166666666 0.03515625 0.0703125
0 0.7080078125 0.806640625 0.029296875 0.07161458333333333
0 0.5478515625 0.4609375 0.029296875 0.06770833333333333
0 0.77880859375 0.4609375 0.0283203125 0.0625
0 0.45849609375 0.818359375 0.0322265625 0.07421875
0 0.64599609375 0.8098958333333334 0.0322265625 0.07291666666666667
0 0.330078125 0.318359375 0.03125 0.06901041666666667
0 0.51806640625 0.4596354166666667 0.0302734375 0.0703125
0 0.5810546875 0.7408854166666666 0.03125 0.0703125
0 0.64599609375 0.8821614583333334 0.0302734375 0.07161458333333333
0 0.77685546875 0.39453125 0.0283203125 0.06510416666666667
0 0.517578125 0.599609375 0.029296875 0.06901041666666667
0 0.5478515625 0.392578125 0.029296875 0.06380208333333333
0 0.607421875 0.3932291666666667 0.02734375 0.0625
0 0.45703125 0.599609375 0.029296875 0.06901041666666667
0 0.341796875 0.26171875 0.0546875 0.0390625
0 0.763671875 0.28125 0.041015625 0.0390625
0 0.61181640625 0.95703125 0.0302734375 0.07291666666666667
0 0.48681640625 0.4596354166666667 0.0322265625 0.0703125
0 0.42431640625 0.89453125 0.0341796875 0.07552083333333333
0 0.486328125 0.7434895833333334 0.03125 0.0703125
0 0.61181640625 0.7376302083333334 0.0302734375 0.06901041666666667
0 0.484375 0.529296875 0.03125 0.06901041666666667
0 0.7275390625 0.5950520833333334 0.03125 0.06770833333333333
0 0.732421875 0.7356770833333334 0.033203125 0.0703125
0 0.4580078125 0.3893229166666667 0.03125 0.06770833333333333
0 0.5478515625 0.5989583333333334 0.029296875 0.0703125
0 0.54931640625 0.7408854166666666 0.0322265625 0.07291666666666667
0 0.66796875 0.59765625 0.03125 0.06770833333333333
0 0.51806640625 0.392578125 0.0302734375 0.06380208333333333
0 0.705078125 0.9518229166666666 0.03125 0.07291666666666667
0 0.39013671875 0.7454427083333334 0.0322265625 0.07421875
0 0.634765625 0.3294270833333333 0.03125 0.06510416666666667
0 0.66580078125 0.2786458333333333 0.0473046875 0.0390625
0 0.36181640625 0.3873697916666667 0.0322265625 0.06901041666666667
0 0.42138671875 0.5266927083333334 0.0322265625 0.07161458333333333
0 0.4248046875 0.3873697916666667 0.03125 0.06901041666666667
0 0.48974609375 0.8170572916666666 0.0322265625 0.07421875
0 0.767578125 0.9453125 0.03125 0.07291666666666667
0 0.3896484375 0.8984375 0.033203125 0.07552083333333333
0 0.57763671875 0.4615885416666667 0.0302734375 0.06901041666666667
0 0.552734375 0.8131510416666666 0.03125 0.07421875
0 0.4208984375 0.6725260416666666 0.033203125 0.07161458333333333
0 0.455078125 0.4576822916666667 0.03125 0.06901041666666667
0 0.5537109375 0.88671875 0.033203125 0.07552083333333333
0 0.5166015625 0.6725260416666666 0.033203125 0.07161458333333333
0 0.73681640625 0.87890625 0.0302734375 0.0703125
0 0.453125 0.5286458333333334 0.03125 0.0703125
0 0.388671875 0.6731770833333334 0.033203125 0.07291666666666667
0 0.517578125 0.3255208333333333 0.029296875 0.06770833333333333
0 0.736328125 0.9498697916666666 0.03125 0.07421875
0 0.75634765625 0.5944010416666666 0.0302734375 0.06901041666666667
0 0.48974609375 0.892578125 0.0322265625 0.07421875
0 0.7958984375 0.8040364583333334 0.033203125 0.06901041666666667
0 0.42431640625 0.4563802083333333 0.0322265625 0.06901041666666667
0 0.4892578125 0.3248697916666667 0.029296875 0.06901041666666667
0 0.45263671875 0.671875 0.0322265625 0.0703125
0 0.3642578125 0.318359375 0.033203125 0.06901041666666667
0 0.642578125 0.73828125 0.03125 0.0703125
0 0.615234375 0.8111979166666666 0.03125 0.07291666666666667
0 0.57763671875 0.3932291666666667 0.0302734375 0.06770833333333333
0 0.6689453125 0.6673177083333334 0.03125 0.06901041666666667
0 0.544921875 0.529296875 0.029296875 0.06640625
0 0.5478515625 0.326171875 0.029296875 0.06640625
0 0.578125 0.5980208333333333 0.03125 0.07102864583333333
0 0.392578125 0.4563802083333333 0.03125 0.06640625
0 0.66552734375 0.4615885416666667 0.0302734375 0.06901041666666667
0 0.39208984375 0.8203125 0.0341796875 0.078125
0 0.796875 0.8743489583333334 0.03125 0.06901041666666667
0 0.70556640625 0.8795572916666666 0.0302734375 0.07161458333333333
0 0.6767578125 0.8079427083333334 0.03125 0.07421875
0 0.546875 0.6692708333333334 0.03125 0.0703125
0 0.45263671875 0.9661458333333334 0.0322265625 0.06770833333333333
0 0.3271484375 0.5299479166666666 0.03125 0.0703125
0 0.78173828125 0.5247395833333334 0.0283203125 0.06770833333333333
0 0.63720703125 0.39453125 0.0302734375 0.06510416666666667
0 0.70263671875 0.7356770833333334 0.0322265625 0.0703125
0 0.48828125 0.3912760416666667 0.029296875 0.06640625
0 0.767578125 0.8743489583333334 0.03125 0.06901041666666667
0 0.757158203125 0.6634114583333334 0.031904296875 0.06901041666666667
0 0.60595703125 0.3287760416666667 0.0283203125 0.06640625
0 0.39599609375 0.318359375 0.0322265625 0.06901041666666667
0 0.609970703125 0.66796875 0.03048828125 0.0703125
0 0.39013671875 0.5260416666666666 0.0322265625 0.07291666666666667
0 0.45556640625 0.744140625 0.0322265625 0.07421875
0 0.39306640625 0.3873697916666667 0.0322265625 0.06901041666666667
0 0.6943359375 0.3938802083333333 0.029296875 0.06380208333333333
0 0.7509765625 0.4602864583333333 0.029296875 0.06380208333333333
0 0.63720703125 0.4615885416666667 0.0302734375 0.06901041666666667
0 0.666015625 0.3938802083333333 0.029296875 0.06640625
0 0.423828125 0.8190104166666666 0.033203125 0.07552083333333333
0 0.42724609375 0.318359375 0.0322265625 0.06901041666666667
0 0.57470703125 0.529296875 0.0302734375 0.06901041666666667
0 0.5146484375 0.5305989583333334 0.03125 0.06901041666666667
0 0.6767578125 0.880859375 0.03125 0.06901041666666667
0 0.697265625 0.5299479166666666 0.03125 0.06770833333333333
0 0.762265625 0.7343359375 0.0305078125 0.070234375
0 0.6396484375 0.66796875 0.03125 0.0703125
0 0.7197265625 0.3294270833333333 0.03125 0.0625
0 0.5771484375 0.3268229166666667 0.029296875 0.06510416666666667
0 0.724287109375 0.4602864583333333 0.028642578125 0.06640625
0 0.61474609375 0.8828125 0.0302734375 0.07291666666666667
0 0.77392578125 0.3307291666666667 0.0263671875 0.0625
0 0.749677734375 0.3938802083333333 0.028642578125 0.06380208333333333
0 0.75341796875 0.525390625 0.0302734375 0.06640625
0 0.3251953125 0.822265625 0.033203125 0.07682291666666667
0 0.765625 0.8046875 0.03125 0.0703125
0 0.32861328125 0.3873697916666667 0.0322265625 0.06901041666666667
0 0.72802734375 0.6640625 0.0302734375 0.06770833333333333
0 0.736328125 0.806640625 0.03125 0.07161458333333333
0 0.7978515625 0.9427083333333334 0.029296875 0.0703125
0 0.63720703125 0.5305989583333334 0.0322265625 0.06901041666666667
0 0.663193359375 0.330078125 0.0297265625 0.06380208333333333
0 0.578125 0.6691276041666666 0.03125 0.06799479166666667
0 0.69921875 0.6673177083333334 0.03125 0.06901041666666667
0 0.690859375 0.3296614583333333 0.0297265625 0.06296875
0 0.746748046875 0.3308203125 0.028642578125 0.062382812499999996
0 0.722001953125 0.39373697916666667 0.02951171875 0.06380208333333333
0 0.726455078125 0.5288932291666667 0.029296875 0.06647135416666666
0 0.7866796875 0.6634635416666667 0.030380859375 0.0694140625
0 0.790810546875 0.7336588541666668 0.029580078125 0.0692578125