0 0.45524691358024694 0.5583847736625515 0.07407407407407407 0.125
0 0.22511574074074073 0.16203703703703703 0.0783179012345679 0.13580246913580246
0 0.4546682098765432 0.43261316872427985 0.07600308641975309 0.1286008230452675
0 0.22395833333333334 0.2960390946502058 0.07677469135802469 0.13220164609053497
0 0.30246913580246915 0.29886831275720166 0.0763888888888889 0.13065843621399176
0 0.6101466049382716 0.559156378600823 0.07445987654320987 0.12654320987654322
0 0.5403163580246914 0.17026748971193414 0.07677469135802469 0.13580246913580246
0 0.6062885802469136 0.43261316872427985 0.07523148148148148 0.1286008230452675
0 0.6925154320987654 0.8109567901234568 0.09567901234567901 0.09104938271604938
0 0.22723765432098766 0.7988683127572016 0.07561728395061729 0.12037037037037036
0 0.30362654320987653 0.7991255144032922 0.07407407407407407 0.11882716049382716
0 0.45524691358024694 0.17309670781893005 0.0779320987654321 0.1383744855967078
0 0.3028549382716049 0.16743827160493827 0.07716049382716049 0.1352880658436214
0 0.22665895061728394 0.6779835390946503 0.07445987654320987 0.12139917695473251
0 0.6167052469135802 0.17232510288065844 0.07908950617283951 0.13580246913580246
0 0.37808641975308643 0.6795267489711934 0.07407407407407407 0.12139917695473251
0 0.6984953703703703 0.34233539094650206 0.09760802469135803 0.09825102880658436
0 0.45447530864197533 0.8009259259259259 0.07484567901234568 0.1183127572016461
0 0.6022376543209876 0.7988683127572016 0.07330246913580248 0.11728395061728394
0 0.30246913580246915 0.6795267489711934 0.07484567901234568 0.12139917695473251
0 0.3802083333333333 0.8004115226337448 0.07291666666666667 0.11934156378600823
0 0.22453703703703703 0.42592592592592593 0.07561728395061729 0.12962962962962962
0 0.3794367283950617 0.16872427983539096 0.07677469135802469 0.1368312757201646
0 0.5283564814814815 0.7998971193415638 0.07368827160493827 0.1183127572016461
0 0.6938657407407407 0.43930041152263377 0.09915123456790123 0.09670781893004116
0 0.5291280864197531 0.6795267489711934 0.07600308641975309 0.12242798353909465
0 0.37885802469135804 0.30092592592592593 0.07561728395061729 0.12962962962962962
0 0.4538966049382716 0.680298353909465 0.07600308641975309 0.12191358024691358
0 0.30227623456790126 0.42901234567901236 0.07445987654320987 0.12962962962962962
0 0.7087191358024691 0.14068930041152264 0.10030864197530864 0.10236625514403293
0 0.22588734567901234 0.5547839506172839 0.07523148148148148 0.125
0 0.5356867283950617 0.3022119341563786 0.0775462962962963 0.13220164609053497
0 0.6998456790123457 0.5349794238683128 0.09722222222222222 0.09567901234567901
0 0.6095679012345679 0.6820987654320988 0.07407407407407407 0.11934156378600823
0 0.37885802469135804 0.430298353909465 0.07561728395061729 0.12705761316872427
0 0.7000385802469136 0.6278292181069959 0.09452160493827161 0.0941358024691358
0 0.6109182098765432 0.30349794238683125 0.07523148148148148 0.13065843621399176
0 0.7073688271604939 0.24228395061728394 0.09760802469135803 0.10185185185185185
0 0.5349151234567902 0.5560699588477366 0.07600308641975309 0.12448559670781893
0 0.6979166666666666 0.7199074074074074 0.0941358024691358 0.09310699588477367
0 0.30227623456790126 0.5563271604938271 0.07523148148148148 0.12602880658436214
0 0.5318287037037037 0.4308127572016461 0.07445987654320987 0.12602880658436214
0 0.4565972222222222 0.30632716049382713 0.07523148148148148 0.12911522633744857
0 0.3802083333333333 0.5570987654320988 0.07523148148148148 0.12448559670781893