0 0.66259765625 0.8372395833333334 0.0908203125 0.1328125
0 0.56884765625 0.5729166666666666 0.0888671875 0.13020833333333334
0 0.65771484375 0.572265625 0.0908203125 0.13151041666666666
0 0.65673828125 0.310546875 0.0888671875 0.13151041666666666
0 0.30126953125 0.7044270833333334 0.0908203125 0.1328125
0 0.75341796875 0.8359375 0.0908203125 0.1328125
0 0.390625 0.5729166666666666 0.087890625 0.13020833333333334
0 0.48095703125 0.8359375 0.0908203125 0.1328125
0 0.47802734375 0.3072916666666667 0.0908203125 0.1328125
0 0.74853515625 0.7018229166666666 0.0888671875 0.1328125
0 0.65673828125 0.4407552083333333 0.0888671875 0.13151041666666666
0 0.39013671875 0.4427083333333333 0.0869140625 0.13020833333333334
0 0.39013671875 0.8359375 0.0888671875 0.13020833333333334
0 0.392578125 0.19466145833333334 0.11328125 0.11067708333333333
0 0.30224609375 0.8365885416666666 0.0888671875 0.13151041666666666
0 0.478515625 0.4381510416666667 0.08984375 0.13411458333333334
0 0.3037109375 0.572265625 0.0859375 0.12890625
0 0.390625 0.3118489583333333 0.087890625 0.13151041666666666
0 0.4794921875 0.5696614583333334 0.08984375 0.13151041666666666
0 0.56787109375 0.44140625 0.0888671875 0.1328125
0 0.7255859375 0.18684895833333334 0.107421875 0.11328125
0 0.3916015625 0.7044270833333334 0.08984375 0.1328125
0 0.57080078125 0.7044270833333334 0.0888671875 0.1328125
0 0.748046875 0.5703125 0.08984375 0.1328125
0 0.30517578125 0.3125 0.0869140625 0.13020833333333334
0 0.5126953125 0.18880208333333334 0.099609375 0.11458333333333333
0 0.3046875 0.4427083333333333 0.0859375 0.13020833333333334
0 0.74365234375 0.3072916666666667 0.0869140625 0.13020833333333334
0 0.6181640625 0.193359375 0.099609375 0.10546875
0 0.56640625 0.3111979166666667 0.08984375 0.13020833333333334
0 0.74560546875 0.4381510416666667 0.0888671875 0.13151041666666666
0 0.57080078125 0.8365885416666666 0.0888671875 0.13151041666666666
0 0.66015625 0.7044270833333334 0.08984375 0.1328125
0 0.4814453125 0.7018229166666666 0.08984375 0.1328125