0 0.45023148148148145 0.1648148148148148 0.04722222222222222 0.037654320987654324
0 0.28402777777777777 0.5351851851851852 0.029166666666666667 0.06234567901234568
0 0.3090277777777778 0.3419753086419753 0.031018518518518518 0.06419753086419754
0 0.2550925925925926 0.5362654320987654 0.028703703703703703 0.061419753086419754
0 0.28252314814814816 0.4708333333333333 0.029861111111111113 0.06450617283950617
0 0.253587962962963 0.47237654320987654 0.030787037037037036 0.06574074074074074
0 0.25636574074074076 0.5984567901234568 0.02847222222222222 0.06234567901234568
0 0.31516203703703705 0.6580246913580247 0.02939814814814815 0.06296296296296296
0 0.26145833333333335 0.7851851851851852 0.02847222222222222 0.06234567901234568
0 0.34293981481481484 0.5941358024691358 0.028009259259259258 0.06049382716049383
0 0.25046296296296294 0.4072530864197531 0.028703703703703703 0.06327160493827161
0 0.2857638888888889 0.5987654320987654 0.02939814814814815 0.06296296296296296
0 0.4984953703703704 0.1655864197530864 0.04652777777777778 0.03734567901234568
0 0.5472222222222223 0.1648148148148148 0.047685185185185185 0.037654320987654324
0 0.2833333333333333 0.16126543209876543 0.04722222222222222 0.039197530864197534
0 0.31527777777777777 0.595216049382716 0.028703703703703703 0.062037037037037036
0 0.31689814814814815 0.7822530864197531 0.02824074074074074 0.06080246913580247
0 0.38680555555555557 0.16234567901234567 0.050462962962962966 0.037654320987654324
0 0.28923611111111114 0.7834876543209877 0.028935185185185185 0.06327160493827161
0 0.30671296296296297 0.2780864197530864 0.033796296296296297 0.06419753086419754
0 0.5900462962962963 0.6462962962962963 0.02824074074074074 0.06111111111111111
0 0.39502314814814815 0.3427469135802469 0.02847222222222222 0.06327160493827161
0 0.616087962962963 0.6449074074074074 0.027083333333333334 0.0595679012345679
0 0.25960648148148147 0.7240740740740741 0.027083333333333334 0.06111111111111111
0 0.453125 0.5941358024691358 0.028009259259259258 0.06111111111111111
0 0.368287037037037 0.46882716049382717 0.029166666666666667 0.06234567901234568
0 0.42789351851851853 0.7765432098765432 0.027546296296296298 0.05864197530864197
0 0.24988425925925925 0.34382716049382717 0.030787037037037036 0.06358024691358025
0 0.591087962962963 0.7651234567901235 0.027083333333333334 0.05925925925925926
0 0.30844907407407407 0.40632716049382717 0.028009259259259258 0.06265432098765432
0 0.24710648148148148 0.2794753086419753 0.02847222222222222 0.06327160493827161
0 0.25810185185185186 0.6612654320987654 0.02824074074074074 0.062037037037037036
0 0.4234953703703704 0.40555555555555556 0.02939814814814815 0.06172839506172839
0 0.4828703703703704 0.7716049382716049 0.026851851851851852 0.06049382716049383
0 0.2863425925925926 0.6604938271604939 0.028703703703703703 0.06111111111111111
0 0.3704861111111111 0.5936728395061729 0.027083333333333334 0.0595679012345679
0 0.3976851851851852 0.5316358024691358 0.028703703703703703 0.06080246913580247
0 0.34467592592592594 0.7805555555555556 0.027777777777777776 0.059876543209876544
0 0.4841435185185185 0.711574074074074 0.027083333333333334 0.05895061728395062
0 0.6153935185185185 0.5862654320987655 0.027083333333333334 0.05771604938271605
0 0.3693287037037037 0.5316358024691358 0.02847222222222222 0.062037037037037036
0 0.2797453703703704 0.4074074074074074 0.030787037037037036 0.06296296296296296
0 0.594212962962963 0.16589506172839505 0.04537037037037037 0.03611111111111111
0 0.3366898148148148 0.1609567901234568 0.04837962962962963 0.03796296296296296
0 0.37256944444444445 0.7796296296296297 0.028009259259259258 0.05925925925925926
0 0.4267361111111111 0.5316358024691358 0.028935185185185185 0.06265432098765432
0 0.24756944444444445 0.21589506172839507 0.03125 0.06574074074074074
0 0.5097222222222222 0.770216049382716 0.026851851851851852 0.0595679012345679
0 0.34328703703703706 0.6566358024691358 0.027777777777777776 0.06327160493827161
0 0.3164351851851852 0.720679012345679 0.029166666666666667 0.06111111111111111
0 0.6690972222222222 0.582716049382716 0.026157407407407407 0.05925925925925926
0 0.4533564814814815 0.4050925925925926 0.029861111111111113 0.061419753086419754
0 0.4508101851851852 0.46805555555555556 0.02847222222222222 0.06265432098765432
0 0.37083333333333335 0.6563271604938271 0.027777777777777776 0.06265432098765432
0 0.42824074074074076 0.715895061728395 0.02824074074074074 0.062037037037037036
0 0.5072916666666667 0.3421296296296296 0.028009259259259258 0.061419753086419754
0 0.34085648148148145 0.5320987654320988 0.028935185185185185 0.06172839506172839
0 0.3383101851851852 0.2773148148148148 0.031712962962962964 0.06265432098765432
0 0.5903935185185185 0.7055555555555556 0.027083333333333334 0.05925925925925926
0 0.33958333333333335 0.46882716049382717 0.02824074074074074 0.06234567901234568
0 0.5359953703703704 0.34228395061728395 0.02847222222222222 0.06111111111111111
0 0.5657407407407408 0.5277777777777778 0.027777777777777776 0.06049382716049383
0 0.2759259259259259 0.27839506172839507 0.03009259259259259 0.06481481481481481
0 0.6403935185185186 0.1648148148148148 0.043287037037037034 0.03641975308641975
0 0.2878472222222222 0.7212962962962963 0.028935185185185185 0.06111111111111111
0 0.48310185185185184 0.5300925925925926 0.027777777777777776 0.061419753086419754
0 0.4550925925925926 0.5319444444444444 0.029166666666666667 0.06265432098765432
0 0.3087962962962963 0.21265432098765433 0.031018518518518518 0.06358024691358025
0 0.36724537037037036 0.3416666666666667 0.02939814814814815 0.06419753086419754
0 0.33900462962962963 0.341358024691358 0.02847222222222222 0.06358024691358025
0 0.4806712962962963 0.5919753086419753 0.028009259259259258 0.06172839506172839
0 0.27905092592592595 0.3433641975308642 0.029861111111111113 0.06450617283950617
0 0.5643518518518519 0.7069444444444445 0.027314814814814816 0.0595679012345679
0 0.394212962962963 0.40555555555555556 0.027777777777777776 0.06111111111111111
0 0.6708333333333333 0.524074074074074 0.025925925925925925 0.05802469135802469
0 0.5643518518518519 0.7665123456790124 0.027777777777777776 0.05895061728395062
0 0.45416666666666666 0.6544753086419753 0.02824074074074074 0.0595679012345679
0 0.669675925925926 0.6430555555555556 0.02546296296296296 0.05895061728395062
0 0.34467592592592594 0.7191358024691358 0.027777777777777776 0.06049382716049383
0 0.42615740740740743 0.5941358024691358 0.028703703703703703 0.06049382716049383
0 0.39872685185185186 0.2791666666666667 0.02939814814814815 0.06080246913580247
0 0.3383101851851852 0.2123456790123457 0.02939814814814815 0.06481481481481481
0 0.5644675925925926 0.3419753086419753 0.028935185185185185 0.06111111111111111
0 0.48171296296296295 0.4052469135802469 0.02824074074074074 0.06111111111111111
0 0.6199074074074075 0.27839506172839507 0.027314814814814816 0.06172839506172839
0 0.37256944444444445 0.7180555555555556 0.028009259259259258 0.06018518518518518
0 0.6423611111111112 0.5845679012345679 0.027314814814814816 0.05925925925925926
0 0.5635416666666667 0.6476851851851851 0.028009259259259258 0.06018518518518518
0 0.565625 0.4655864197530864 0.028009259259259258 0.062037037037037036
0 0.6177083333333333 0.7637345679012346 0.02662037037037037 0.058333333333333334
0 0.6434027777777778 0.6435185185185185 0.027083333333333334 0.05925925925925926
0 0.5887731481481482 0.5873456790123457 0.027083333333333334 0.05802469135802469
0 0.5922453703703704 0.278858024691358 0.027083333333333334 0.062037037037037036
0 0.40069444444444446 0.7169753086419753 0.02824074074074074 0.06049382716049383
0 0.6173611111111111 0.7044753086419753 0.027314814814814816 0.0595679012345679
0 0.48217592592592595 0.21589506172839507 0.027777777777777776 0.06265432098765432
0 0.39652777777777776 0.46805555555555556 0.027777777777777776 0.06265432098765432
0 0.42627314814814815 0.654783950617284 0.02847222222222222 0.06080246913580247
0 0.36909722222222224 0.2773148148148148 0.028935185185185185 0.06265432098765432
0 0.4009259259259259 0.7773148148148148 0.027777777777777776 0.06018518518518518
0 0.5668981481481481 0.40339506172839507 0.027777777777777776 0.06111111111111111
0 0.5378472222222223 0.7680555555555556 0.02847222222222222 0.0595679012345679
0 0.5386574074074074 0.7080246913580247 0.027314814814814816 0.059876543209876544
0 0.42592592592592593 0.21450617283950618 0.02962962962962963 0.06419753086419754
0 0.45636574074074077 0.7140432098765432 0.027546296296296298 0.0595679012345679
0 0.3659722222222222 0.40555555555555556 0.029166666666666667 0.06296296296296296
0 0.48159722222222223 0.6523148148148148 0.02662037037037037 0.05895061728395062
0 0.45567129629629627 0.7748456790123457 0.027546296296296298 0.0595679012345679
0 0.6704861111111111 0.7604938271604939 0.025231481481481483 0.05802469135802469
0 0.5387731481481481 0.5280864197530865 0.028009259259259258 0.059876543209876544
0 0.45405092592592594 0.2152777777777778 0.02847222222222222 0.06388888888888888
0 0.4270833333333333 0.27870370370370373 0.029166666666666667 0.06234567901234568
0 0.48344907407407406 0.27870370370370373 0.028009259259259258 0.06172839506172839
0 0.39618055555555554 0.21342592592592594 0.02847222222222222 0.06450617283950617
0 0.6464120370370371 0.2779320987654321 0.027083333333333334 0.061419753086419754
0 0.5083333333333333 0.590895061728395 0.027777777777777776 0.06018518518518518
0 0.5090277777777777 0.6504629629629629 0.027777777777777776 0.05895061728395062
0 0.277662037037037 0.2131172839506173 0.03217592592592593 0.06574074074074074
0 0.47974537037037035 0.3419753086419753 0.02939814814814815 0.06234567901234568
0 0.3109953703703704 0.4700617283950617 0.02939814814814815 0.06358024691358025
0 0.6443287037037037 0.5253086419753087 0.026157407407407407 0.05925925925925926
0 0.36724537037037036 0.21296296296296297 0.029861111111111113 0.0654320987654321
0 0.5126157407407408 0.7091049382716049 0.028009259259259258 0.06080246913580247
0 0.5925925925925926 0.34089506172839507 0.028703703703703703 0.062037037037037036
0 0.6706018518518518 0.46296296296296297 0.02546296296296296 0.056790123456790124
0 0.39791666666666664 0.5933641975308642 0.027777777777777776 0.06018518518518518
0 0.4552083333333333 0.27839506172839507 0.02847222222222222 0.06234567901234568
0 0.47939814814814813 0.4666666666666667 0.02962962962962963 0.06111111111111111
0 0.5107060185185185 0.4045493827160494 0.029282407407407406 0.06033333333333333
0 0.5118055555555555 0.21589506172839507 0.030555555555555555 0.06388888888888888
0 0.6457175925925925 0.46435185185185185 0.026157407407407407 0.05895061728395062
0 0.6710648148148148 0.34089506172839507 0.02546296296296296 0.06018518518518518
0 0.6721064814814814 0.27839506172839507 0.025694444444444443 0.06049382716049383
0 0.508912037037037 0.46698456790123455 0.02824074074074074 0.06232716049382716
0 0.5402777777777777 0.2162037037037037 0.029166666666666667 0.06450617283950617
0 0.6195601851851852 0.34012345679012346 0.026157407407407407 0.06111111111111111
0 0.5380324074074074 0.2794753086419753 0.027916666666666666 0.061419753086419754
0 0.5673611111111111 0.21589506172839507 0.027314814814814816 0.06450617283950617
0 0.6450231481481481 0.34012345679012346 0.027083333333333334 0.06049382716049383
0 0.6188657407407407 0.4645061728395062 0.027083333333333334 0.06049382716049383
0 0.6190972222222222 0.4030864197530864 0.02662037037037037 0.06049382716049383
0 0.6450231481481481 0.4030864197530864 0.026157407407407407 0.06049382716049383
0 0.6726851851851852 0.21589506172839507 0.02638888888888889 0.06265432098765432
0 0.5109953703703703 0.528395061728395 0.028935185185185185 0.06049382716049383
0 0.5364583333333334 0.6487654320987655 0.027083333333333334 0.059876543209876544
0 0.6188657407407407 0.5254629629629629 0.026157407407407407 0.06080246913580247
0 0.40034722222222224 0.6552469135802469 0.029861111111111113 0.06172839506172839
0 0.45185185185185184 0.3419753086419753 0.02824074074074074 0.06358024691358025
0 0.4234953703703704 0.3427469135802469 0.028935185185185185 0.062037037037037036
0 0.6700231481481481 0.40339506172839507 0.025231481481481483 0.06049382716049383
0 0.59375 0.40339506172839507 0.026851851851851852 0.06111111111111111
0 0.5649305555555556 0.2794753086419753 0.028009259259259258 0.062037037037037036
0 0.3372685185185185 0.4060185185185185 0.03009259259259259 0.06327160493827161
0 0.6693287037037037 0.7016975308641975 0.028009259259259258 0.05771604938271605
0 0.3123842592592593 0.5337962962962963 0.029861111111111113 0.06265432098765432
0 0.425 0.4685185185185185 0.02962962962962963 0.06172839506172839
0 0.5112731481481481 0.2794753086419753 0.027175925925925926 0.061419753086419754
0 0.6459490740740741 0.21496913580246912 0.028009259259259258 0.06327160493827161
0 0.5935185185185186 0.5273148148148148 0.027777777777777776 0.06018518518518518
0 0.5931712962962963 0.4648148148148148 0.027083333333333334 0.06111111111111111
0 0.6443287037037037 0.7618827160493827 0.026157407407407407 0.05709876543209876
0 0.5636574074074074 0.5884259259259259 0.02824074074074074 0.0595679012345679
0 0.5390625 0.40417592592592594 0.026504629629629628 0.06016666666666667
0 0.5935393518518519 0.21558641975308643 0.026261574074074076 0.06388888888888888
0 0.5369212962962963 0.5887345679012346 0.028009259259259258 0.05771604938271605
0 0.5375486111111111 0.46605555555555556 0.02774537037037037 0.061740740740740735
0 0.6442337962962963 0.7040648148148149 0.0271875 0.05953086419753086
0 0.619275462962963 0.21559567901234566 0.02617824074074074 0.06463580246913579