0 0.4501953125 0.662109375 0.05859375 0.06901041666666667
0 0.2763671875 0.736328125 0.05859375 0.06901041666666667
0 0.3876953125 0.236328125 0.05859375 0.06901041666666667
0 0.32666015625 0.3111979166666667 0.0576171875 0.0703125
0 0.3291015625 0.5234375 0.05859375 0.0703125
0 0.26513671875 0.23763020833333334 0.0615234375 0.07421875
0 0.3330078125 0.6634114583333334 0.05859375 0.07161458333333333
0 0.44580078125 0.3795572916666667 0.0576171875 0.07161458333333333
0 0.32763671875 0.23828125 0.0595703125 0.07291666666666667
0 0.62646484375 0.3795572916666667 0.0595703125 0.07421875
0 0.3857421875 0.3079427083333333 0.05859375 0.07161458333333333
0 0.38818359375 0.4505208333333333 0.0576171875 0.0703125
0 0.38818359375 0.5227864583333334 0.0576171875 0.07161458333333333
0 0.330078125 0.1640625 0.060546875 0.07291666666666667
0 0.68701171875 0.798828125 0.0576171875 0.06901041666666667
0 0.68798828125 0.3763020833333333 0.0595703125 0.0703125
0 0.39501953125 0.734375 0.0595703125 0.0703125
0 0.32666015625 0.3821614583333333 0.0576171875 0.07161458333333333
0 0.63134765625 0.7291666666666666 0.0576171875 0.0703125
0 0.509765625 0.5911458333333334 0.05859375 0.0703125
0 0.38623046875 0.3802083333333333 0.0576171875 0.07291666666666667
0 0.62646484375 0.23567708333333334 0.0595703125 0.07552083333333333
0 0.57177734375 0.73046875 0.0576171875 0.0703125
0 0.6884765625 0.5872395833333334 0.05859375 0.0703125
0 0.51318359375 0.7311197916666666 0.0576171875 0.06901041666666667
0 0.26904296875 0.4544270833333333 0.0576171875 0.0703125
0 0.50830078125 0.16731770833333334 0.0576171875 0.07421875
0 0.62841796875 0.798828125 0.0576171875 0.06901041666666667
0 0.56689453125 0.4498697916666667 0.0595703125 0.06901041666666667
0 0.5068359375 0.23697916666666666 0.05859375 0.06770833333333333
0 0.56787109375 0.5911458333333334 0.0576171875 0.0703125
0 0.4541015625 0.732421875 0.05859375 0.07161458333333333
0 0.6884765625 0.7291666666666666 0.05859375 0.0703125
0 0.27001953125 0.5247395833333334 0.0595703125 0.0703125
0 0.68505859375 0.162109375 0.0595703125 0.07421875
0 0.68798828125 0.447265625 0.0576171875 0.07161458333333333
0 0.45263671875 0.8033854166666666 0.0576171875 0.0703125
0 0.44677734375 0.23763020833333334 0.0595703125 0.06901041666666667
0 0.50830078125 0.6614583333333334 0.0576171875 0.0703125
0 0.3916015625 0.6627604166666666 0.05859375 0.0703125
0 0.62890625 0.5885416666666666 0.05859375 0.07291666666666667
0 0.56787109375 0.66015625 0.0576171875 0.0703125
0 0.56640625 0.3802083333333333 0.05859375 0.0703125
0 0.3896484375 0.166015625 0.05859375 0.07161458333333333
0 0.62353515625 0.16341145833333334 0.0595703125 0.07421875
0 0.3349609375 0.736328125 0.05859375 0.06901041666666667
0 0.44970703125 0.591796875 0.0576171875 0.07161458333333333
0 0.3896484375 0.5930989583333334 0.05859375 0.06901041666666667
0 0.50439453125 0.37890625 0.0595703125 0.07291666666666667
0 0.33740234375 0.8046875 0.0576171875 0.0703125
0 0.32763671875 0.4544270833333333 0.0576171875 0.0703125
0 0.44970703125 0.5221354166666666 0.0595703125 0.0703125
0 0.6884765625 0.517578125 0.05859375 0.06901041666666667
0 0.279296875 0.8059895833333334 0.05859375 0.0703125
0 0.5673828125 0.51953125 0.05859375 0.0703125
0 0.4443359375 0.3072916666666667 0.05859375 0.07291666666666667
0 0.51220703125 0.80078125 0.0576171875 0.0703125
0 0.33056640625 0.59375 0.0595703125 0.0703125
0 0.62890625 0.4498697916666667 0.05859375 0.06901041666666667
0 0.26806640625 0.3815104166666667 0.0576171875 0.07291666666666667
0 0.3955078125 0.8046875 0.056640625 0.0703125
0 0.50439453125 0.306640625 0.0595703125 0.07161458333333333
0 0.56494140625 0.16145833333333334 0.0556640625 0.08072916666666667
0 0.267578125 0.310546875 0.05859375 0.07161458333333333
0 0.62744140625 0.51953125 0.0576171875 0.0703125
0 0.56591796875 0.3079427083333333 0.0595703125 0.07161458333333333
0 0.62890625 0.306640625 0.060546875 0.07421875
0 0.62841796875 0.66015625 0.0595703125 0.0703125
0 0.27099609375 0.5944010416666666 0.0576171875 0.07161458333333333
0 0.6884765625 0.6575520833333334 0.05859375 0.0703125
0 0.509765625 0.5188802083333334 0.05859375 0.06901041666666667
0 0.44970703125 0.16731770833333334 0.0576171875 0.07161458333333333
0 0.2734375 0.666015625 0.05859375 0.07161458333333333
0 0.68798828125 0.232421875 0.0595703125 0.07161458333333333
0 0.56640625 0.23763020833333334 0.05859375 0.06901041666666667
0 0.50634765625 0.4498697916666667 0.0595703125 0.06901041666666667
0 0.68798828125 0.3053385416666667 0.0576171875 0.07421875
0 0.267578125 0.16341145833333334 0.060546875 0.07421875
0 0.44677734375 0.4505208333333333 0.0576171875 0.0703125
0 0.56884765625 0.7994791666666666 0.0576171875 0.06770833333333333