0 0.40007716049382713 0.38323045267489714 0.0763888888888889 0.13477366255144033
0 0.5609567901234568 0.3845164609053498 0.08101851851851852 0.13631687242798354
0 0.3256172839506173 0.38323045267489714 0.07253086419753087 0.1337448559670782
0 0.48572530864197533 0.24871399176954734 0.08024691358024691 0.14248971193415638
0 0.25636574074074076 0.5082304526748971 0.07368827160493827 0.12962962962962962
0 0.5690586419753086 0.24665637860082304 0.08101851851851852 0.1404320987654321
0 0.5650077160493827 0.5180041152263375 0.07908950617283951 0.13065843621399176
0 0.40219907407407407 0.24537037037037038 0.0783179012345679 0.13991769547325103
0 0.5655864197530864 0.6481481481481481 0.0779320987654321 0.1286008230452675
0 0.4039351851851852 0.7667181069958847 0.07561728395061729 0.12397119341563786
0 0.6381172839506173 0.7736625514403292 0.0787037037037037 0.12345679012345678
0 0.7484567901234568 0.27211934156378603 0.11265432098765432 0.11213991769547325
0 0.47858796296296297 0.3855452674897119 0.0775462962962963 0.1332304526748971
0 0.48128858024691357 0.5172325102880658 0.07677469135802469 0.13117283950617284
0 0.4047067901234568 0.6435185185185185 0.07484567901234568 0.12757201646090535
0 0.6481481481481481 0.5223765432098766 0.08024691358024691 0.1332304526748971
0 0.48051697530864196 0.7677469135802469 0.07600308641975309 0.12294238683127572
0 0.40335648148148145 0.5149176954732511 0.0775462962962963 0.13271604938271606
0 0.7445987654320988 0.4897119341563786 0.1087962962962963 0.10390946502057613
0 0.5590277777777778 0.7705761316872428 0.0779320987654321 0.12139917695473251
0 0.6467978395061729 0.650977366255144 0.0783179012345679 0.12705761316872427
0 0.3256172839506173 0.25025720164609055 0.07561728395061729 0.13734567901234568
0 0.32947530864197533 0.5113168724279835 0.07253086419753087 0.13065843621399176
0 0.4837962962962963 0.6442901234567902 0.0787037037037037 0.12602880658436214
0 0.7391975308641975 0.6926440329218106 0.10802469135802469 0.10030864197530864
0 0.2498070987654321 0.24871399176954734 0.07368827160493827 0.1352880658436214
0 0.6508487654320988 0.2448559670781893 0.08333333333333333 0.1440329218106996
0 0.7418981481481481 0.5925925925925926 0.10725308641975309 0.10185185185185185
0 0.7310956790123457 0.789866255144033 0.10493827160493827 0.09825102880658436
0 0.7472993827160493 0.3829732510288066 0.1111111111111111 0.10853909465020577
0 0.33101851851851855 0.6381172839506173 0.07253086419753087 0.12705761316872427
0 0.25906635802469136 0.7546296296296297 0.07368827160493827 0.11625514403292181
0 0.25578703703703703 0.6363168724279835 0.07407407407407407 0.12654320987654322
0 0.6446759259259259 0.3863168724279835 0.08179012345679013 0.1388888888888889
0 0.251929012345679 0.3809156378600823 0.07330246913580248 0.12911522633744857
0 0.33101851851851855 0.7577160493827161 0.07253086419753087 0.11522633744855967