0 0.6015625 0.7727864583333334 0.12109375 0.17838541666666666
0 0.34912109375 0.7819010416666666 0.1259765625 0.18619791666666666
0 0.224609375 0.2109375 0.162109375 0.1796875
0 0.216796875 0.4016927083333333 0.13671875 0.20182291666666666
0 0.4736328125 0.775390625 0.123046875 0.18359375
0 0.22216796875 0.599609375 0.1357421875 0.18880208333333334
0 0.72509765625 0.7682291666666666 0.1201171875 0.17447916666666666
0 0.7421875 0.39453125 0.123046875 0.19270833333333334
0 0.490234375 0.3932291666666667 0.130859375 0.20052083333333334
0 0.47802734375 0.587890625 0.1240234375 0.18880208333333334
0 0.35009765625 0.3951822916666667 0.1337890625 0.20182291666666666
0 0.6015625 0.587890625 0.12109375 0.18619791666666666
0 0.7158203125 0.212890625 0.1484375 0.17317708333333334
0 0.22265625 0.787109375 0.12890625 0.18619791666666666
0 0.7314453125 0.5859375 0.130859375 0.18229166666666666
0 0.3515625 0.5930989583333334 0.12890625 0.19401041666666666
0 0.552734375 0.21158854166666666 0.150390625 0.17317708333333334
0 0.6201171875 0.3977864583333333 0.125 0.19401041666666666
0 0.388935546875 0.20442708333333334 0.160693359375 0.1763671875