0 0.39596273291925466 0.5838509316770186 0.08423913043478261 0.10455486542443064
0 0.31929347826086957 0.691899585921325 0.08035714285714286 0.1063664596273292
0 0.5578416149068323 0.1652432712215321 0.08190993788819875 0.10791925465838509
0 0.7323369565217391 0.4673913043478261 0.0764751552795031 0.10041407867494824
0 0.3936335403726708 0.2705745341614907 0.08190993788819875 0.10740165631469979
0 0.7300077639751553 0.3662008281573499 0.07996894409937888 0.10300207039337474
0 0.3234666149068323 0.816899585921325 0.08288043478260869 0.1498447204968944
0 0.7378687888198758 0.666796066252588 0.07472826086956522 0.10170807453416149
0 0.6468361801242236 0.26876293995859213 0.08093944099378882 0.10584886128364389
0 0.3893633540372671 0.16317287784679088 0.08346273291925466 0.10791925465838509
0 0.48039596273291924 0.26876293995859213 0.08190993788819875 0.10584886128364389
0 0.641013198757764 0.16291407867494825 0.08676242236024845 0.1063664596273292
0 0.7385481366459627 0.7885610766045549 0.08190993788819875 0.14492753623188406
0 0.31191770186335405 0.5890269151138716 0.08035714285714286 0.10403726708074534
0 0.7279697204968945 0.2629399585921325 0.08520962732919254 0.10714285714285714
0 0.562694099378882 0.2700569358178054 0.07958074534161491 0.10170807453416149
0 0.563858695652174 0.3734472049689441 0.08190993788819875 0.10455486542443064
0 0.30289208074534163 0.16757246376811594 0.0890916149068323 0.1110248447204969
0 0.30560947204968947 0.27756211180124224 0.08326863354037267 0.1089544513457557
0 0.578513198757764 0.7978778467908902 0.07822204968944099 0.15217391304347827
0 0.5721079192546584 0.6754658385093167 0.0813276397515528 0.10351966873706005
0 0.6483889751552795 0.3721532091097309 0.07899844720496894 0.10300207039337474
0 0.48000776397515527 0.3729296066252588 0.07996894409937888 0.10455486542443064
0 0.3953804347826087 0.3759057971014493 0.09006211180124224 0.10533126293995859
0 0.49446816770186336 0.8044772256728778 0.08016304347826086 0.14777432712215322
0 0.6537267080745341 0.6724896480331263 0.08423913043478261 0.10429606625258799
0 0.4736995341614907 0.1621376811594203 0.08249223602484472 0.11206004140786749
0 0.47758152173913043 0.5763457556935818 0.07861024844720498 0.10403726708074534
0 0.41129658385093165 0.8105590062111802 0.08074534161490683 0.15424430641821946
0 0.6485830745341615 0.4726966873706004 0.08326863354037267 0.09963768115942029
0 0.6586762422360248 0.7943840579710145 0.08210403726708075 0.1472567287784679
0 0.312208850931677 0.48589544513457555 0.08559782608695653 0.1063664596273292
0 0.48922748447204967 0.6797360248447205 0.08016304347826086 0.10429606625258799
0 0.4078998447204969 0.6832298136645962 0.08093944099378882 0.10869565217391304
0 0.5607531055900621 0.5759575569358178 0.08540372670807453 0.10222567287784678
0 0.47835791925465837 0.4756728778467909 0.08249223602484472 0.10144927536231885
0 0.30842391304347827 0.38354037267080743 0.08423913043478261 0.10300207039337474
0 0.39615683229813664 0.48097826086956524 0.08462732919254658 0.10533126293995859
0 0.6425659937888198 0.5719461697722568 0.07666925465838509 0.10351966873706005
0 0.7279697204968945 0.5671583850931677 0.09646739130434782 0.10429606625258799
0 0.5656055900621118 0.47476708074534163 0.09277950310559006 0.10326086956521739
0 0.7257375776397516 0.1581262939958592 0.08656832298136646 0.10714285714285714