0 0.71435546875 0.484375 0.0791015625 0.10677083333333333
0 0.2109375 0.73046875 0.1015625 0.14322916666666666
0 0.31201171875 0.5950520833333334 0.0927734375 0.12760416666666666
0 0.201171875 0.8802083333333334 0.107421875 0.15625
0 0.490234375 0.8704427083333334 0.09375 0.14973958333333334
0 0.3955078125 0.8736979166666666 0.095703125 0.15104166666666666
0 0.4892578125 0.5970052083333334 0.087890625 0.12630208333333334
0 0.58349609375 0.8678385416666666 0.0947265625 0.14973958333333334
0 0.298828125 0.8756510416666666 0.1015625 0.15494791666666666
0 0.30615234375 0.7298177083333334 0.0986328125 0.13932291666666666
0 0.22412109375 0.5944010416666666 0.0986328125 0.12630208333333334
0 0.31884765625 0.4733072916666667 0.0888671875 0.11848958333333333
0 0.3984375 0.7291666666666666 0.091796875 0.13802083333333334
0 0.4892578125 0.728515625 0.08984375 0.13671875
0 0.67138671875 0.86328125 0.0927734375 0.14583333333333334
0 0.75634765625 0.8606770833333334 0.0927734375 0.14322916666666666
0 0.57861328125 0.7259114583333334 0.0888671875 0.13411458333333334
0 0.6533203125 0.5989583333333334 0.0859375 0.11979166666666667
0 0.7314453125 0.5983072916666666 0.0859375 0.12109375
0 0.6630859375 0.724609375 0.08984375 0.13151041666666666
0 0.36328125 0.3671875 0.142578125 0.1015625
0 0.234375 0.4720052083333333 0.091796875 0.11848958333333333
0 0.400390625 0.5950520833333334 0.08984375 0.12760416666666666
0 0.74267578125 0.724609375 0.0888671875 0.13151041666666666
0 0.4013671875 0.474609375 0.0859375 0.11848958333333333
0 0.57373046875 0.5983072916666666 0.0830078125 0.12369791666666667
0 0.48583984375 0.4752604166666667 0.0830078125 0.11458333333333333
0 0.513671875 0.3704427083333333 0.140625 0.10546875
0 0.2919921875 0.20052083333333334 0.142578125 0.0859375
0 0.6572265625 0.3919270833333333 0.138671875 0.08072916666666667
0 0.654296875 0.23502604166666666 0.1328125 0.08723958333333333
0 0.56494140625 0.48046875 0.0830078125 0.11197916666666667
0 0.6630859375 0.3131510416666667 0.13671875 0.08463541666666667
0 0.24267578125 0.361328125 0.0888671875 0.11067708333333333
0 0.55029296875 0.2545572916666667 0.0888671875 0.16536458333333334
0 0.64306640625 0.4817708333333333 0.0830078125 0.11197916666666667
0 0.28466796875 0.2740885416666667 0.1494140625 0.08723958333333333
0 0.4326171875 0.20768229166666666 0.138671875 0.07682291666666667
0 0.43017578125 0.28125 0.1416015625 0.08072916666666667