0 0.56298828125 0.5813802083333334 0.0947265625 0.14192708333333334
0 0.3896484375 0.4361979166666667 0.095703125 0.1328125
0 0.4580078125 0.8756510416666666 0.107421875 0.17057291666666666
0 0.35595703125 0.8678385416666666 0.1123046875 0.17057291666666666
0 0.31640625 0.3046875 0.095703125 0.12239583333333333
0 0.46435546875 0.7180989583333334 0.1025390625 0.15494791666666666
0 0.5595703125 0.7252604166666666 0.1015625 0.15625
0 0.3798828125 0.5677083333333334 0.09765625 0.13802083333333334
0 0.27099609375 0.7005208333333334 0.1123046875 0.15625
0 0.28759765625 0.5598958333333334 0.1064453125 0.14583333333333334
0 0.56494140625 0.44921875 0.0888671875 0.13020833333333334
0 0.36865234375 0.7109375 0.1064453125 0.15364583333333334
0 0.6630859375 0.8912760416666666 0.103515625 0.16536458333333334
0 0.46923828125 0.57421875 0.0966796875 0.14322916666666666
0 0.25390625 0.857421875 0.115234375 0.16796875
0 0.763671875 0.8951822916666666 0.103515625 0.16796875
0 0.4853515625 0.3235677083333333 0.08984375 0.12109375
0 0.658203125 0.732421875 0.09765625 0.15494791666666666
0 0.7392578125 0.4661458333333333 0.087890625 0.1328125
0 0.4775390625 0.4427083333333333 0.09375 0.13020833333333334
0 0.65283203125 0.4602864583333333 0.0888671875 0.13151041666666666
0 0.3017578125 0.42578125 0.099609375 0.1328125
0 0.4013671875 0.3131510416666667 0.09375 0.12109375
0 0.572265625 0.21875 0.08203125 0.11197916666666667
0 0.75244140625 0.7389322916666666 0.0986328125 0.15494791666666666
0 0.74365234375 0.5970052083333334 0.0927734375 0.14192708333333334
0 0.32861328125 0.19075520833333334 0.0888671875 0.11588541666666667
0 0.455078125 0.11197916666666667 0.099609375 0.08854166666666667
0 0.65185546875 0.3385416666666667 0.0830078125 0.1171875
0 0.697265625 0.14192708333333334 0.10546875 0.08333333333333333
0 0.5693359375 0.3307291666666667 0.0859375 0.125
0 0.65478515625 0.587890625 0.0908203125 0.14192708333333334
0 0.65673828125 0.228515625 0.0830078125 0.11328125
0 0.40966796875 0.20052083333333334 0.0888671875 0.11197916666666667
0 0.55517578125 0.123046875 0.0966796875 0.08723958333333333
0 0.49072265625 0.21223958333333334 0.0869140625 0.11197916666666667
0 0.736328125 0.34375 0.087890625 0.1171875
0 0.3564453125 0.099609375 0.103515625 0.09244791666666667
0 0.8701171875 0.9166666666666666 0.12109375 0.13541666666666666
0 0.8564453125 0.78515625 0.11328125 0.13020833333333334
0 0.85009765625 0.666015625 0.1103515625 0.12630208333333334
0 0.5595703125 0.8815104166666666 0.1015625 0.16927083333333334
0 0.82470703125 0.349609375 0.1005859375 0.10026041666666667
0 0.83154296875 0.447265625 0.1044921875 0.10546875
0 0.734375 0.23567708333333334 0.080078125 0.11197916666666667
0 0.8017578125 0.162109375 0.09765625 0.10546875
0 0.83935546875 0.5533854166666666 0.1083984375 0.11458333333333333
0 0.81884765625 0.2552083333333333 0.0966796875 0.1015625