0 0.2294921875 0.23046875 0.123046875 0.1328125
0 0.47265625 0.681640625 0.126953125 0.17578125
0 0.2392578125 0.10481770833333333 0.119140625 0.12890625
0 0.35546875 0.10546875 0.111328125 0.13020833333333334
0 0.6015625 0.8619791666666666 0.138671875 0.1875
0 0.203125 0.5169270833333334 0.130859375 0.15885416666666666
0 0.45849609375 0.5182291666666666 0.1220703125 0.16145833333333334
0 0.21630859375 0.3671875 0.1298828125 0.14583333333333334
0 0.58447265625 0.22395833333333334 0.1142578125 0.13541666666666666
0 0.85888671875 0.6692708333333334 0.1455078125 0.17708333333333334
0 0.8076171875 0.21419270833333334 0.12109375 0.13671875
0 0.47216796875 0.3671875 0.1181640625 0.14322916666666666
0 0.73046875 0.6783854166666666 0.1328125 0.17447916666666666
0 0.31640625 0.8671875 0.14453125 0.19270833333333334
0 0.19384765625 0.6822916666666666 0.1376953125 0.17447916666666666
0 0.58935546875 0.5130208333333334 0.1259765625 0.16145833333333334
0 0.59228515625 0.361328125 0.1201171875 0.14453125
0 0.32763671875 0.6848958333333334 0.1396484375 0.17447916666666666
0 0.17724609375 0.8665364583333334 0.1494140625 0.19401041666666666
0 0.46142578125 0.8639322916666666 0.1357421875 0.19140625
0 0.87548828125 0.8541666666666666 0.1494140625 0.19270833333333334
0 0.580078125 0.09375 0.111328125 0.125
0 0.82470703125 0.3509114583333333 0.1259765625 0.14192708333333334
0 0.330078125 0.517578125 0.130859375 0.16015625
0 0.47119140625 0.09700520833333333 0.1103515625 0.12890625
0 0.68701171875 0.08919270833333333 0.1123046875 0.12630208333333334
0 0.70849609375 0.35546875 0.1220703125 0.1484375
0 0.716796875 0.509765625 0.130859375 0.16276041666666666
0 0.79296875 0.08723958333333333 0.1171875 0.125
0 0.7392578125 0.8600260416666666 0.140625 0.18880208333333334
0 0.47265625 0.22591145833333334 0.1171875 0.13671875
0 0.84228515625 0.5013020833333334 0.1396484375 0.1640625
0 0.337890625 0.3684895833333333 0.126953125 0.14322916666666666
0 0.69677734375 0.21809895833333334 0.1181640625 0.13151041666666666
0 0.6015625 0.6803385416666666 0.1328125 0.17578125
0 0.35009765625 0.23502604166666666 0.1162109375 0.14192708333333334