0 0.4814453125 0.3821614583333333 0.083984375 0.13671875
0 0.8076171875 0.40625 0.087890625 0.1328125
0 0.71484375 0.66015625 0.0859375 0.1328125
0 0.310546875 0.5078125 0.0859375 0.13541666666666666
0 0.46630859375 0.9069010416666666 0.0830078125 0.12890625
0 0.44970703125 0.2610677083333333 0.1025390625 0.11067708333333333
0 0.388671875 0.6471354166666666 0.083984375 0.1328125
0 0.6318359375 0.7864583333333334 0.0859375 0.13020833333333334
0 0.38427734375 0.9055989583333334 0.0830078125 0.12630208333333334
0 0.30126953125 0.904296875 0.0849609375 0.12630208333333334
0 0.5576171875 0.5188802083333334 0.0859375 0.13671875
0 0.46728515625 0.7805989583333334 0.0830078125 0.13151041666666666
0 0.314453125 0.3736979166666667 0.0859375 0.13802083333333334
0 0.30322265625 0.7747395833333334 0.0830078125 0.1328125
0 0.47021484375 0.6484375 0.0849609375 0.1328125
0 0.3857421875 0.7760416666666666 0.083984375 0.13020833333333334
0 0.5615234375 0.3854166666666667 0.0859375 0.13802083333333334
0 0.39306640625 0.5130208333333334 0.0849609375 0.1328125
0 0.80322265625 0.5364583333333334 0.0830078125 0.13020833333333334
0 0.30615234375 0.6432291666666666 0.0869140625 0.1328125
0 0.552734375 0.650390625 0.087890625 0.13411458333333334
0 0.64013671875 0.525390625 0.0869140625 0.13671875
0 0.71240234375 0.7864583333333334 0.0830078125 0.125
0 0.47509765625 0.5162760416666666 0.0849609375 0.13411458333333334
0 0.7939453125 0.6627604166666666 0.087890625 0.12760416666666666
0 0.72216796875 0.53125 0.0908203125 0.1328125
0 0.79296875 0.7864583333333334 0.08203125 0.1171875
0 0.3330078125 0.25 0.109375 0.11458333333333333
0 0.8046875 0.287109375 0.1015625 0.10546875
0 0.59765625 0.16341145833333334 0.107421875 0.11328125
0 0.70849609375 0.9114583333333334 0.0810546875 0.125
0 0.54638671875 0.7805989583333334 0.0849609375 0.13151041666666666
0 0.46240234375 0.15559895833333334 0.1044921875 0.11328125
0 0.6416015625 0.3932291666666667 0.0859375 0.13802083333333334
0 0.54638671875 0.9075520833333334 0.0830078125 0.12760416666666666
0 0.78759765625 0.9108072916666666 0.0810546875 0.13151041666666666
0 0.3984375 0.37890625 0.0859375 0.13802083333333334
0 0.5830078125 0.267578125 0.10546875 0.11067708333333333
0 0.6982421875 0.2766927083333333 0.111328125 0.11328125
0 0.7255859375 0.400390625 0.08984375 0.13671875
0 0.72265625 0.17513020833333334 0.119140625 0.11848958333333333
0 0.6279296875 0.9114583333333334 0.080078125 0.125
0 0.63330078125 0.65625 0.0830078125 0.1328125