0 0.33642578125 0.15494791666666666 0.1064453125 0.13020833333333334
0 0.3076171875 0.5930989583333334 0.123046875 0.16796875
0 0.67919921875 0.7662760416666666 0.1337890625 0.18880208333333334
0 0.44091796875 0.15104166666666666 0.1025390625 0.12239583333333333
0 0.79345703125 0.5826822916666666 0.1357421875 0.17578125
0 0.435546875 0.2825520833333333 0.111328125 0.14322916666666666
0 0.29931640625 0.7688802083333334 0.1298828125 0.18619791666666666
0 0.31787109375 0.4309895833333333 0.1201171875 0.15625
0 0.66845703125 0.5885416666666666 0.1240234375 0.171875
0 0.43310546875 0.4309895833333333 0.1142578125 0.15104166666666666
0 0.78271484375 0.421875 0.1279296875 0.15885416666666666
0 0.17626953125 0.7701822916666666 0.1337890625 0.18359375
0 0.6630859375 0.4264322916666667 0.12109375 0.15755208333333334
0 0.228515625 0.15559895833333334 0.111328125 0.13151041666666666
0 0.54345703125 0.150390625 0.1025390625 0.13671875
0 0.65478515625 0.2805989583333333 0.1123046875 0.13932291666666666
0 0.5458984375 0.287109375 0.107421875 0.14192708333333334
0 0.5517578125 0.767578125 0.126953125 0.18880208333333334
0 0.8076171875 0.7623697916666666 0.1328125 0.18880208333333334
0 0.76806640625 0.2740885416666667 0.1220703125 0.14453125
0 0.64697265625 0.14453125 0.1064453125 0.1328125
0 0.5478515625 0.5891927083333334 0.12109375 0.17057291666666666
0 0.42578125 0.7682291666666666 0.123046875 0.1875
0 0.42724609375 0.5924479166666666 0.1201171875 0.16927083333333334
0 0.216796875 0.2890625 0.115234375 0.14322916666666666
0 0.75390625 0.138671875 0.11328125 0.13411458333333334
0 0.326171875 0.2864583333333333 0.111328125 0.13802083333333334
0 0.1904296875 0.5944010416666666 0.125 0.16796875
0 0.2021484375 0.4348958333333333 0.123046875 0.15364583333333334
0 0.5478515625 0.4309895833333333 0.115234375 0.15104166666666666