0 0.71435546875 0.4453125 0.1142578125 0.21875
0 0.4111328125 0.4700520833333333 0.103515625 0.20572916666666666
0 0.61962890625 0.6692708333333334 0.1083984375 0.2109375
0 0.4072265625 0.173828125 0.166015625 0.15755208333333334
0 0.73095703125 0.8815104166666666 0.1083984375 0.21875
0 0.2646484375 0.19856770833333334 0.130859375 0.14453125
0 0.72509765625 0.6627604166666666 0.1123046875 0.21354166666666666
0 0.4130859375 0.3059895833333333 0.162109375 0.14322916666666666
0 0.62451171875 0.8821614583333334 0.1064453125 0.21223958333333334
0 0.517578125 0.6686197916666666 0.103515625 0.20182291666666666
0 0.265625 0.32421875 0.14453125 0.13802083333333334
0 0.52099609375 0.880859375 0.1044921875 0.21223958333333334
0 0.57470703125 0.2858072916666667 0.1611328125 0.14453125
0 0.421875 0.6725260416666666 0.1015625 0.19921875
0 0.56787109375 0.150390625 0.1611328125 0.14973958333333334
0 0.25048828125 0.8704427083333334 0.0908203125 0.18880208333333334
0 0.3330078125 0.67578125 0.09765625 0.1953125
0 0.5107421875 0.4609375 0.109375 0.20833333333333334
0 0.2373046875 0.4850260416666667 0.087890625 0.19401041666666666
0 0.32080078125 0.4798177083333333 0.0947265625 0.19921875
0 0.6103515625 0.4557291666666667 0.111328125 0.21354166666666666
0 0.70556640625 0.23046875 0.1123046875 0.22395833333333334
0 0.24267578125 0.6790364583333334 0.0927734375 0.19140625
0 0.42578125 0.8782552083333334 0.1015625 0.20442708333333334
0 0.33349609375 0.875 0.0947265625 0.1953125