0 0.2265625 0.7578125 0.083984375 0.09375
0 0.63818359375 0.8326822916666666 0.0771484375 0.08984375
0 0.30615234375 0.755859375 0.0810546875 0.09505208333333333
0 0.3935546875 0.84375 0.080078125 0.09375
0 0.4755859375 0.841796875 0.080078125 0.08984375
0 0.388671875 0.6555989583333334 0.080078125 0.09505208333333333
0 0.4697265625 0.6555989583333334 0.080078125 0.09505208333333333
0 0.63427734375 0.23828125 0.0869140625 0.11197916666666667
0 0.55078125 0.7447916666666666 0.080078125 0.09635416666666667
0 0.63427734375 0.7434895833333334 0.0810546875 0.09375
0 0.7197265625 0.4440104166666667 0.08203125 0.1015625
0 0.63427734375 0.3444010416666667 0.0869140625 0.11067708333333333
0 0.71630859375 0.73828125 0.0791015625 0.09375
0 0.556640625 0.8372395833333334 0.080078125 0.09375
0 0.310546875 0.849609375 0.08203125 0.09244791666666667
0 0.71533203125 0.6432291666666666 0.0810546875 0.09895833333333333
0 0.71923828125 0.3391927083333333 0.0830078125 0.10546875
0 0.71923828125 0.5436197916666666 0.0830078125 0.10026041666666667
0 0.5478515625 0.2421875 0.083984375 0.11197916666666667
0 0.291015625 0.359375 0.083984375 0.10416666666666667
0 0.23095703125 0.849609375 0.0791015625 0.08723958333333333
0 0.71728515625 0.830078125 0.0771484375 0.08723958333333333
0 0.54931640625 0.3483072916666667 0.0849609375 0.10546875
0 0.21044921875 0.4661458333333333 0.0849609375 0.10416666666666667
0 0.4697265625 0.7506510416666666 0.080078125 0.09505208333333333
0 0.21923828125 0.6634114583333334 0.0849609375 0.10026041666666667
0 0.291015625 0.2532552083333333 0.0859375 0.10807291666666667
0 0.466796875 0.5572916666666666 0.083984375 0.1015625
0 0.63427734375 0.6477864583333334 0.0810546875 0.10026041666666667
0 0.54833984375 0.4505208333333333 0.0830078125 0.1015625
0 0.20556640625 0.3619791666666667 0.0869140625 0.10677083333333333
0 0.2919921875 0.4615885416666667 0.083984375 0.10026041666666667
0 0.55224609375 0.6497395833333334 0.0810546875 0.09895833333333333
0 0.21630859375 0.56640625 0.0849609375 0.1015625
0 0.634765625 0.4479166666666667 0.087890625 0.1015625
0 0.6357421875 0.548828125 0.083984375 0.10026041666666667
0 0.2978515625 0.5618489583333334 0.083984375 0.10026041666666667
0 0.46240234375 0.25 0.0830078125 0.10677083333333333
0 0.5498046875 0.5514322916666666 0.08203125 0.10286458333333333
0 0.3759765625 0.35546875 0.083984375 0.1015625
0 0.46142578125 0.3548177083333333 0.0869140625 0.10546875
0 0.38671875 0.7506510416666666 0.08203125 0.09765625
0 0.3037109375 0.6608072916666666 0.083984375 0.09505208333333333
0 0.71923828125 0.23502604166666666 0.0830078125 0.10807291666666667
0 0.3759765625 0.2506510416666667 0.0859375 0.10546875
0 0.3818359375 0.5572916666666666 0.0859375 0.1015625
0 0.46044921875 0.4576822916666667 0.0849609375 0.10286458333333333
0 0.37548828125 0.4563802083333333 0.0830078125 0.10026041666666667
0 0.20263671875 0.2565104166666667 0.0869140625 0.10677083333333333