0 0.509765625 0.5735677083333334 0.140625 0.14973958333333334
0 0.259765625 0.3880208333333333 0.140625 0.15104166666666666
0 0.6318359375 0.73046875 0.111328125 0.17447916666666666
0 0.4033203125 0.24934895833333334 0.142578125 0.15494791666666666
0 0.25634765625 0.08658854166666667 0.1181640625 0.15755208333333334
0 0.62353515625 0.4303385416666667 0.1376953125 0.14453125
0 0.24169921875 0.861328125 0.1103515625 0.17317708333333334
0 0.47509765625 0.8815104166666666 0.1357421875 0.14322916666666666
0 0.2568359375 0.7063802083333334 0.140625 0.14973958333333334
0 0.7568359375 0.4329427083333333 0.13671875 0.14192708333333334
0 0.259765625 0.23893229166666666 0.140625 0.15494791666666666
0 0.751953125 0.7486979166666666 0.138671875 0.14322916666666666
0 0.36962890625 0.57421875 0.1416015625 0.15625
0 0.3974609375 0.7220052083333334 0.142578125 0.15234375
0 0.38720703125 0.416015625 0.1142578125 0.18359375
0 0.37353515625 0.08723958333333333 0.1142578125 0.16927083333333334
0 0.24560546875 0.548828125 0.1162109375 0.18098958333333334
0 0.49951171875 0.4127604166666667 0.1123046875 0.17447916666666666
0 0.6103515625 0.88671875 0.138671875 0.14322916666666666
0 0.76953125 0.5911458333333334 0.109375 0.17447916666666666
0 0.3525390625 0.8671875 0.11328125 0.1640625
0 0.521484375 0.7291666666666666 0.11328125 0.17447916666666666
0 0.6484375 0.5755208333333334 0.138671875 0.14583333333333334
0 0.49267578125 0.08854166666666667 0.1162109375 0.17708333333333334
0 0.77392578125 0.2727864583333333 0.1064453125 0.17838541666666666
0 0.66552734375 0.2701822916666667 0.1103515625 0.18098958333333334
0 0.54638671875 0.255859375 0.1376953125 0.15494791666666666
0 0.74755859375 0.8880208333333334 0.1357421875 0.140625
0 0.62060546875 0.10416666666666667 0.1318359375 0.15364583333333334
0 0.75736328125 0.10805989583333332 0.14001953125 0.14921874999999998