0 0.38134765625 0.15559895833333334 0.1064453125 0.17578125
0 0.736328125 0.775390625 0.12890625 0.13671875
0 0.51513671875 0.76171875 0.1044921875 0.1640625
0 0.49072265625 0.4622395833333333 0.1044921875 0.16145833333333334
0 0.40576171875 0.3118489583333333 0.1318359375 0.13671875
0 0.37646484375 0.6100260416666666 0.1337890625 0.13932291666666666
0 0.5087890625 0.6119791666666666 0.130859375 0.13802083333333334
0 0.48046875 0.91015625 0.130859375 0.13802083333333334
0 0.75048828125 0.6243489583333334 0.1005859375 0.16796875
0 0.36328125 0.8971354166666666 0.107421875 0.16927083333333334
0 0.73388671875 0.17903645833333334 0.1220703125 0.13671875
0 0.2734375 0.443359375 0.12890625 0.13932291666666666
0 0.53466796875 0.318359375 0.1298828125 0.14192708333333334
0 0.6083984375 0.4791666666666667 0.130859375 0.13541666666666666
0 0.5009765625 0.17838541666666666 0.12890625 0.140625
0 0.61962890625 0.16276041666666666 0.1083984375 0.17447916666666666
0 0.63720703125 0.619140625 0.1298828125 0.15234375
0 0.39990234375 0.7447916666666666 0.1298828125 0.13802083333333334
0 0.62060546875 0.76171875 0.1064453125 0.1640625
0 0.268798828125 0.744140625 0.13134765625 0.14192708333333334
0 0.25732421875 0.5924479166666666 0.1103515625 0.1640625
0 0.736328125 0.478515625 0.123046875 0.13151041666666666
0 0.38720703125 0.4576822916666667 0.1044921875 0.16536458333333334
0 0.27587890625 0.15364583333333334 0.1044921875 0.171875
0 0.6201171875 0.9114583333333334 0.107421875 0.13802083333333334
0 0.27783203125 0.30828125 0.1259765625 0.13864583333333333
0 0.25634765625 0.89453125 0.1064453125 0.16145833333333334
0 0.748046875 0.3307291666666667 0.09765625 0.16927083333333334
0 0.73095703125 0.912109375 0.1142578125 0.13671875
0 0.650390625 0.3307291666666667 0.1015625 0.16145833333333334