0 0.560546875 0.50390625 0.119140625 0.16145833333333334
0 0.55908203125 0.6686197916666666 0.1298828125 0.18098958333333334
0 0.4296875 0.6686197916666666 0.134765625 0.18098958333333334
0 0.68603515625 0.67578125 0.1298828125 0.18229166666666666
0 0.3017578125 0.6686197916666666 0.138671875 0.18098958333333334
0 0.1767578125 0.6673177083333334 0.140625 0.17838541666666666
0 0.4267578125 0.8548177083333334 0.142578125 0.19661458333333334
0 0.4443359375 0.359375 0.111328125 0.13541666666666666
0 0.701171875 0.859375 0.138671875 0.1953125
0 0.22265625 0.3561197916666667 0.125 0.13932291666666666
0 0.83642578125 0.861328125 0.1494140625 0.19401041666666666
0 0.7939453125 0.5123697916666666 0.130859375 0.16276041666666666
0 0.55517578125 0.357421875 0.1142578125 0.13411458333333334
0 0.2021484375 0.5006510416666666 0.134765625 0.15755208333333334
0 0.333984375 0.3600260416666667 0.119140625 0.14192708333333334
0 0.66748046875 0.3639322916666667 0.1142578125 0.14192708333333334
0 0.28759765625 0.8515625 0.1494140625 0.1953125
0 0.3447265625 0.23177083333333334 0.109375 0.11979166666666667
0 0.77978515625 0.3606770833333333 0.1279296875 0.1484375
0 0.67724609375 0.5110677083333334 0.1201171875 0.15494791666666666
0 0.56591796875 0.8548177083333334 0.1337890625 0.19921875
0 0.154296875 0.849609375 0.15625 0.19401041666666666
0 0.451171875 0.23177083333333334 0.103515625 0.125
0 0.55517578125 0.23502604166666666 0.1025390625 0.12109375
0 0.44091796875 0.5032552083333334 0.1201171875 0.15494791666666666
0 0.267578125 0.12239583333333333 0.1171875 0.09375
0 0.810546875 0.6790364583333334 0.1328125 0.17317708333333334
0 0.654296875 0.24088541666666666 0.1015625 0.11197916666666667
0 0.759765625 0.234375 0.1171875 0.11979166666666667
0 0.611328125 0.14518229166666666 0.107421875 0.08203125
0 0.49853515625 0.12434895833333333 0.1103515625 0.10026041666666667
0 0.32177734375 0.50390625 0.1259765625 0.15364583333333334
0 0.734375 0.14127604166666666 0.109375 0.09765625
0 0.38720703125 0.12565104166666666 0.1103515625 0.09244791666666667
0 0.240234375 0.22591145833333334 0.119140625 0.12630208333333334