0 0.603515625 0.681640625 0.099609375 0.10546875
0 0.70849609375 0.6803385416666666 0.1083984375 0.10546875
0 0.60498046875 0.3541666666666667 0.1044921875 0.11979166666666667
0 0.349609375 0.3567708333333333 0.08203125 0.1328125
0 0.36181640625 0.7350260416666666 0.0771484375 0.12109375
0 0.4287109375 0.482421875 0.080078125 0.13151041666666666
0 0.50927734375 0.484375 0.0830078125 0.13541666666666666
0 0.62158203125 0.22330729166666666 0.0927734375 0.14973958333333334
0 0.70849609375 0.5696614583333334 0.1064453125 0.11328125
0 0.7109375 0.3424479166666667 0.107421875 0.12239583333333333
0 0.51171875 0.34765625 0.087890625 0.13541666666666666
0 0.6064453125 0.787109375 0.1015625 0.11067708333333333
0 0.70849609375 0.8938802083333334 0.1025390625 0.10807291666666667
0 0.603515625 0.5755208333333334 0.1015625 0.109375
0 0.60791015625 0.8873697916666666 0.0986328125 0.10546875
0 0.51220703125 0.6171875 0.0810546875 0.13020833333333334
0 0.7080078125 0.787109375 0.10546875 0.11328125
0 0.5185546875 0.8665364583333334 0.080078125 0.12369791666666667
0 0.2734375 0.234375 0.0859375 0.13020833333333334
0 0.2734375 0.36328125 0.080078125 0.1328125
0 0.5126953125 0.7428385416666666 0.080078125 0.12630208333333334
0 0.27685546875 0.4928385416666667 0.0771484375 0.12630208333333334
0 0.3525390625 0.4869791666666667 0.080078125 0.13020833333333334
0 0.43603515625 0.7369791666666666 0.0791015625 0.125
0 0.603515625 0.4674479166666667 0.10546875 0.11197916666666667
0 0.716796875 0.20963541666666666 0.09375 0.1484375
0 0.439453125 0.21614583333333334 0.0859375 0.140625
0 0.43408203125 0.6126302083333334 0.0810546875 0.12630208333333334
0 0.3671875 0.8509114583333334 0.076171875 0.11588541666666667
0 0.357421875 0.6119791666666666 0.078125 0.125
0 0.28466796875 0.6165364583333334 0.0771484375 0.12109375
0 0.52392578125 0.212890625 0.0869140625 0.13671875
0 0.44140625 0.857421875 0.078125 0.11848958333333333
0 0.29345703125 0.84375 0.0751953125 0.11197916666666667
0 0.4287109375 0.3502604166666667 0.083984375 0.1328125
0 0.2890625 0.732421875 0.078125 0.11588541666666667
0 0.7109375 0.45703125 0.10546875 0.11458333333333333
0 0.35888671875 0.224609375 0.0869140625 0.13671875