0 0.44287109375 0.8424479166666666 0.0869140625 0.08333333333333333
0 0.619140625 0.8600260416666666 0.091796875 0.08723958333333333
0 0.388671875 0.5911458333333334 0.08984375 0.0859375
0 0.26220703125 0.5 0.0849609375 0.0859375
0 0.27099609375 0.66796875 0.0830078125 0.0859375
0 0.5703125 0.6002604166666666 0.095703125 0.09114583333333333
0 0.63134765625 0.3196614583333333 0.1005859375 0.09765625
0 0.259765625 0.3190104166666667 0.087890625 0.08854166666666667
0 0.736328125 0.322265625 0.107421875 0.09765625
0 0.56787109375 0.7701822916666666 0.0927734375 0.08723958333333333
0 0.533203125 0.3190104166666667 0.09765625 0.09635416666666667
0 0.2890625 0.2265625 0.08984375 0.09375
0 0.478515625 0.763671875 0.087890625 0.08463541666666667
0 0.4384765625 0.3229166666666667 0.09375 0.09375
0 0.77001953125 0.419921875 0.1025390625 0.09765625
0 0.27490234375 0.8248697916666666 0.0810546875 0.08203125
0 0.46923828125 0.224609375 0.0908203125 0.10026041666666667
0 0.34716796875 0.5013020833333334 0.0888671875 0.08854166666666667
0 0.62353515625 0.5123697916666666 0.0966796875 0.09244791666666667
0 0.529296875 0.509765625 0.095703125 0.08984375
0 0.669921875 0.21940104166666666 0.103515625 0.10286458333333333
0 0.37744140625 0.22526041666666666 0.0927734375 0.09895833333333333
0 0.7734375 0.21875 0.109375 0.10416666666666667
0 0.384765625 0.4134114583333333 0.091796875 0.08984375
0 0.666015625 0.6061197916666666 0.099609375 0.09244791666666667
0 0.43701171875 0.5052083333333334 0.0888671875 0.08854166666666667
0 0.39013671875 0.7565104166666666 0.0869140625 0.0859375
0 0.4765625 0.4140625 0.091796875 0.09114583333333333
0 0.52978515625 0.849609375 0.0888671875 0.08203125
0 0.357421875 0.83203125 0.083984375 0.08333333333333333
0 0.6220703125 0.6927083333333334 0.095703125 0.08854166666666667
0 0.6689453125 0.4186197916666667 0.1015625 0.09505208333333333
0 0.52978515625 0.685546875 0.0908203125 0.08984375
0 0.65966796875 0.7805989583333334 0.0966796875 0.08723958333333333
0 0.47802734375 0.5950520833333334 0.0927734375 0.08854166666666667
0 0.30615234375 0.7493489583333334 0.0830078125 0.08203125
0 0.30224609375 0.5865885416666666 0.0849609375 0.08723958333333333
0 0.57177734375 0.41796875 0.0966796875 0.09375
0 0.353515625 0.6731770833333334 0.0859375 0.0859375
0 0.75634765625 0.7877604166666666 0.0986328125 0.08854166666666667
0 0.296875 0.412109375 0.087890625 0.08723958333333333
0 0.34716796875 0.322265625 0.0908203125 0.08984375
0 0.7138671875 0.8678385416666666 0.09375 0.08723958333333333
0 0.72216796875 0.5143229166666666 0.1025390625 0.09635416666666667
0 0.43994140625 0.6783854166666666 0.0888671875 0.0859375
0 0.716796875 0.6998697916666666 0.099609375 0.08723958333333333
0 0.5703125 0.21875 0.099609375 0.10416666666666667
0 0.7646484375 0.599609375 0.1015625 0.11848958333333333