0 0.67578125 0.6256510416666666 0.060546875 0.07421875
0 0.6259765625 0.388671875 0.05859375 0.08203125
0 0.60595703125 0.837890625 0.0595703125 0.07161458333333333
0 0.68017578125 0.5494791666666666 0.0576171875 0.08072916666666667
0 0.451171875 0.3040364583333333 0.05859375 0.07421875
0 0.74267578125 0.224609375 0.0595703125 0.08203125
0 0.5673828125 0.228515625 0.05859375 0.07942708333333333
0 0.56884765625 0.3079427083333333 0.0595703125 0.08463541666666667
0 0.7373046875 0.6256510416666666 0.0625 0.07421875
0 0.4951171875 0.7532552083333334 0.056640625 0.07942708333333333
0 0.5517578125 0.6979166666666666 0.060546875 0.07291666666666667
0 0.5693359375 0.392578125 0.056640625 0.08203125
0 0.4951171875 0.67578125 0.0546875 0.078125
0 0.666015625 0.8430989583333334 0.060546875 0.06901041666666667
0 0.67431640625 0.6998697916666666 0.0615234375 0.07421875
0 0.74072265625 0.38671875 0.0576171875 0.08072916666666667
0 0.55419921875 0.767578125 0.0595703125 0.06640625
0 0.6142578125 0.6979166666666666 0.060546875 0.07552083333333333
0 0.7421875 0.4680989583333333 0.05859375 0.08203125
0 0.56591796875 0.5494791666666666 0.0576171875 0.08072916666666667
0 0.55322265625 0.625 0.0615234375 0.0703125
0 0.73681640625 0.6998697916666666 0.0615234375 0.07421875
0 0.67431640625 0.7740885416666666 0.0615234375 0.07421875
0 0.74365234375 0.3059895833333333 0.0576171875 0.08072916666666667
0 0.6259765625 0.228515625 0.05859375 0.07942708333333333
0 0.73974609375 0.5494791666666666 0.0595703125 0.08072916666666667
0 0.3935546875 0.3001302083333333 0.056640625 0.07421875
0 0.6142578125 0.6243489583333334 0.060546875 0.06901041666666667
0 0.6826171875 0.4694010416666667 0.05859375 0.08203125
0 0.44970703125 0.22395833333333334 0.0634765625 0.0859375
0 0.39306640625 0.3743489583333333 0.0556640625 0.07421875
0 0.390625 0.5182291666666666 0.056640625 0.0703125
0 0.44970703125 0.5234375 0.0595703125 0.07291666666666667
0 0.56640625 0.4720052083333333 0.056640625 0.07942708333333333
0 0.6259765625 0.306640625 0.056640625 0.08203125
0 0.61376953125 0.76953125 0.0595703125 0.0703125
0 0.68310546875 0.388671875 0.0576171875 0.07942708333333333
0 0.5078125 0.455078125 0.060546875 0.07421875
0 0.736328125 0.7747395833333334 0.060546875 0.07552083333333333
0 0.509765625 0.3059895833333333 0.056640625 0.08072916666666667
0 0.54638671875 0.8346354166666666 0.0595703125 0.0703125
0 0.3359375 0.5169270833333334 0.056640625 0.0703125
0 0.33154296875 0.8131510416666666 0.0517578125 0.07682291666666667
0 0.43994140625 0.7486979166666666 0.0556640625 0.07552083333333333
0 0.509765625 0.3815104166666667 0.060546875 0.07552083333333333
0 0.44970703125 0.3763020833333333 0.0595703125 0.07552083333333333
0 0.685546875 0.3098958333333333 0.05859375 0.08333333333333333
0 0.50927734375 0.22526041666666666 0.0576171875 0.08072916666666667
0 0.3359375 0.373046875 0.056640625 0.07421875
0 0.3916015625 0.4479166666666667 0.0546875 0.07291666666666667
0 0.68408203125 0.2265625 0.0576171875 0.08072916666666667
0 0.33349609375 0.5911458333333334 0.0537109375 0.078125
0 0.33642578125 0.298828125 0.0576171875 0.07421875
0 0.44873046875 0.4498697916666667 0.0576171875 0.07421875
0 0.38720703125 0.5930989583333334 0.0537109375 0.07682291666666667
0 0.33642578125 0.4446614583333333 0.0556640625 0.07161458333333333
0 0.5068359375 0.529296875 0.05859375 0.07682291666666667
0 0.33203125 0.7369791666666666 0.052734375 0.07552083333333333
0 0.62548828125 0.4700520833333333 0.0576171875 0.08072916666666667
0 0.38330078125 0.8177083333333334 0.0517578125 0.08072916666666667
0 0.43994140625 0.673828125 0.0556640625 0.07682291666666667
0 0.384765625 0.7434895833333334 0.0546875 0.07552083333333333
0 0.384765625 0.6686197916666666 0.0546875 0.07942708333333333
0 0.44140625 0.59765625 0.0546875 0.078125
0 0.34375 0.22526041666666666 0.0546875 0.07552083333333333
0 0.62353515625 0.5494791666666666 0.0576171875 0.08072916666666667
0 0.43603515625 0.8229166666666666 0.0537109375 0.08072916666666667
0 0.33203125 0.6666666666666666 0.052734375 0.07291666666666667
0 0.49072265625 0.8294270833333334 0.0556640625 0.078125
0 0.39599609375 0.22526041666666666 0.0478515625 0.07552083333333333
0 0.49560546875 0.6015625 0.0537109375 0.07291666666666667
0 0.72607421875 0.84375 0.0595703125 0.0625