0 0.6205150462962963 0.8237847222222222 0.1675347222222222 0.2042824074074074
0 0.4587673611111111 0.6433738425925926 0.1449652777777778 0.1762152777777778
0 0.45341435185185186 0.48408564814814814 0.13194444444444445 0.1556712962962963
0 0.4622395833333333 0.8302951388888888 0.15596064814814814 0.2074652777777778
0 0.30497685185185186 0.8408564814814815 0.1574074074074074 0.2065972222222222
0 0.3116319444444444 0.6511863425925926 0.14756944444444445 0.1808449074074074
0 0.7965856481481481 0.8346354166666666 0.21064814814814814 0.16637731481481483
0 0.6005497685185185 0.6375868055555556 0.1519097222222222 0.17679398148148148
0 0.5834780092592593 0.47844328703703703 0.13744212962962962 0.15075231481481483
0 0.7064525462962963 0.22077546296296297 0.12355324074074074 0.10532407407407407
0 0.3229166666666667 0.2322048611111111 0.11458333333333333 0.11024305555555555
0 0.44907407407407407 0.34389467592592593 0.12789351851851852 0.13744212962962962
0 0.3246527777777778 0.3498263888888889 0.125 0.13252314814814814
0 0.31828703703703703 0.48813657407407407 0.13599537037037038 0.1545138888888889
0 0.5732060185185185 0.3404224537037037 0.12962962962962962 0.1345486111111111
0 0.7498553240740741 0.5496238425925926 0.19010416666666666 0.1339699074074074
0 0.4425636574074074 0.22366898148148148 0.12876157407407407 0.11689814814814815
0 0.7721354166666666 0.6811342592592593 0.20399305555555555 0.15335648148148148
0 0.7337962962962963 0.4292534722222222 0.18055555555555555 0.12297453703703703
0 0.16536458333333334 0.5286458333333334 0.17390046296296297 0.14988425925925927
0 0.1362847222222222 0.8535879629629629 0.19444444444444445 0.19212962962962962
0 0.7142650462962963 0.3272569444444444 0.16869212962962962 0.11516203703703703
0 0.18055555555555555 0.39525462962962965 0.16493055555555555 0.12731481481481483
0 0.15031828703703703 0.6818576388888888 0.1831597222222222 0.1675347222222222
0 0.5938946759259259 0.2142650462962963 0.12760416666666666 0.12181712962962964
0 0.18894675925925927 0.2761863425925926 0.1556712962962963 0.1189236111111111