0 0.880859375 0.7317708333333334 0.099609375 0.08072916666666667
0 0.5869140625 0.08463541666666667 0.099609375 0.078125
0 0.81201171875 0.20963541666666666 0.0986328125 0.0625
0 0.2421875 0.2858072916666667 0.060546875 0.12890625
0 0.28173828125 0.07552083333333333 0.1044921875 0.06770833333333333
0 0.298828125 0.7252604166666666 0.068359375 0.16145833333333334
0 0.89306640625 0.888671875 0.0986328125 0.08463541666666667
0 0.82958984375 0.3294270833333333 0.0966796875 0.0625
0 0.30078125 0.4225260416666667 0.060546875 0.13932291666666666
0 0.23095703125 0.568359375 0.0673828125 0.15494791666666666
0 0.423828125 0.4192708333333333 0.060546875 0.13802083333333334
0 0.384765625 0.080078125 0.1015625 0.06640625
0 0.486328125 0.08203125 0.099609375 0.07291666666666667
0 0.29931640625 0.5677083333333334 0.0654296875 0.15104166666666666
0 0.8203125 0.2688802083333333 0.095703125 0.05859375
0 0.36474609375 0.5677083333333334 0.0615234375 0.1484375
0 0.853515625 0.51953125 0.1015625 0.06770833333333333
0 0.8642578125 0.5872395833333334 0.103515625 0.0703125
0 0.36376953125 0.419921875 0.0595703125 0.13932291666666666
0 0.42724609375 0.56640625 0.0615234375 0.1484375
0 0.845703125 0.455078125 0.09765625 0.06640625
0 0.22705078125 0.73046875 0.0732421875 0.16927083333333334
0 0.419921875 0.291015625 0.05859375 0.12369791666666667
0 0.68310546875 0.103515625 0.0927734375 0.06640625
0 0.23681640625 0.4192708333333333 0.0634765625 0.140625
0 0.41357421875 0.169921875 0.0537109375 0.11848958333333333
0 0.22216796875 0.900390625 0.0712890625 0.18098958333333334
0 0.62890625 0.8736979166666666 0.064453125 0.16666666666666666
0 0.4326171875 0.7220052083333334 0.0625 0.16015625
0 0.30224609375 0.2864583333333333 0.0595703125 0.13020833333333334
0 0.486328125 0.4231770833333333 0.0625 0.13541666666666666
0 0.48876953125 0.5657552083333334 0.0595703125 0.14713541666666666
0 0.3642578125 0.8932291666666666 0.06640625 0.17447916666666666
0 0.36767578125 0.724609375 0.0654296875 0.16276041666666666
0 0.54931640625 0.5631510416666666 0.0615234375 0.14453125
0 0.2939453125 0.8984375 0.0703125 0.17708333333333334
0 0.248046875 0.16276041666666666 0.05859375 0.1171875
0 0.478515625 0.29296875 0.056640625 0.125
0 0.7900390625 0.091796875 0.11328125 0.07942708333333333
0 0.88427734375 0.810546875 0.0947265625 0.08203125
0 0.6484375 0.2994791666666667 0.0546875 0.125
0 0.49658203125 0.7174479166666666 0.0634765625 0.16145833333333334
0 0.69140625 0.8684895833333334 0.06640625 0.1640625
0 0.60986328125 0.5618489583333334 0.0615234375 0.14453125
0 0.78173828125 0.5618489583333334 0.0673828125 0.13671875
0 0.361328125 0.2890625 0.056640625 0.12239583333333333
0 0.751953125 0.3053385416666667 0.060546875 0.11848958333333333
0 0.5634765625 0.87890625 0.06640625 0.16666666666666666
0 0.83642578125 0.3893229166666667 0.0966796875 0.0625
0 0.43212890625 0.8880208333333334 0.0654296875 0.171875
0 0.73388671875 0.18815104166666666 0.0615234375 0.11328125
0 0.66845703125 0.5631510416666666 0.0615234375 0.14192708333333334
0 0.57763671875 0.17643229166666666 0.0517578125 0.11588541666666667
0 0.359375 0.16927083333333334 0.0546875 0.1171875
0 0.6298828125 0.18033854166666666 0.052734375 0.11328125
0 0.46826171875 0.173828125 0.0517578125 0.11328125
0 0.56103515625 0.7161458333333334 0.0634765625 0.15625
0 0.69970703125 0.3033854166666667 0.0556640625 0.11979166666666667
0 0.6044921875 0.4251302083333333 0.05859375 0.13151041666666666
0 0.30517578125 0.16666666666666666 0.0556640625 0.11458333333333333
0 0.7705078125 0.4264322916666667 0.0625 0.12890625
0 0.71533203125 0.4264322916666667 0.0615234375 0.12890625
0 0.7509765625 0.8619791666666666 0.064453125 0.16145833333333334
0 0.52392578125 0.17511718750000002 0.0537109375 0.11846354166666667
0 0.5927734375 0.294921875 0.0546875 0.12630208333333334
0 0.681640625 0.1875 0.0546875 0.11197916666666667
0 0.685546875 0.7109375 0.06640625 0.15104166666666666
0 0.662109375 0.4264322916666667 0.056640625 0.13151041666666666
0 0.810546875 0.857421875 0.068359375 0.16015625
0 0.53662109375 0.296015625 0.0576171875 0.12671875
0 0.8037109375 0.14973958333333334 0.095703125 0.057291666666666664
0 0.62451171875 0.7122395833333334 0.0673828125 0.15625
0 0.8720703125 0.6575520833333334 0.1015625 0.07291666666666667
0 0.72412109375 0.5631510416666666 0.0615234375 0.13932291666666666
0 0.5478515625 0.4251302083333333 0.060546875 0.13151041666666666
0 0.498046875 0.8828125 0.06640625 0.171875
0 0.74267578125 0.7063802083333334 0.0654296875 0.14973958333333334
0 0.80267578125 0.7040885416666667 0.070419921875 0.14850260416666666