0 0.44875776397515527 0.1834886128364389 0.09239130434782608 0.08229813664596274
0 0.20438664596273293 0.4083850931677019 0.06909937888198758 0.12732919254658384
0 0.4635093167701863 0.28442028985507245 0.06482919254658386 0.12215320910973085
0 0.3541343167701863 0.9195134575569358 0.07006987577639752 0.13302277432712215
0 0.2048718944099379 0.6739130434782609 0.07434006211180125 0.13716356107660455
0 0.2112771739130435 0.933100414078675 0.07589285714285714 0.1322463768115942
0 0.469429347826087 0.4067028985507246 0.06812888198757763 0.1203416149068323
0 0.20186335403726707 0.5395962732919255 0.07375776397515528 0.13561076604554864
0 0.4879658385093168 0.906444099378882 0.06638198757763975 0.1306935817805383
0 0.343944099378882 0.6643374741200828 0.07104037267080746 0.13250517598343686
0 0.2786296583850932 0.7983954451345756 0.07123447204968944 0.13302277432712215
0 0.7102096273291926 0.5106107660455487 0.060947204968944096 0.11801242236024845
0 0.27571816770186336 0.6678312629399586 0.07278726708074534 0.1327639751552795
0 0.28328804347826086 0.9258540372670807 0.07162267080745342 0.1343167701863354
0 0.4155667701863354 0.7853260869565217 0.06909937888198758 0.13121118012422361
0 0.5404697204968945 0.6510093167701864 0.06657608695652174 0.12396480331262939
0 0.5434782608695652 0.7732919254658385 0.06599378881987578 0.12525879917184266
0 0.4003299689440994 0.2836438923395445 0.06812888198757763 0.12370600414078675
0 0.27164208074534163 0.5362318840579711 0.07201086956521739 0.13354037267080746
0 0.3408385093167702 0.535067287784679 0.06948757763975155 0.13121118012422361
0 0.33559782608695654 0.2833850931677019 0.06677018633540373 0.12318840579710146
0 0.34792313664596275 0.7929606625258799 0.06968167701863354 0.13043478260869565
0 0.6130628881987578 0.8928571428571429 0.06347049689440994 0.13664596273291926
0 0.421972049689441 0.9117494824016563 0.0671583850931677 0.13146997929606624
0 0.36209239130434784 0.15722049689440995 0.06968167701863354 0.1275879917184265
0 0.717876552795031 0.6278467908902692 0.05920031055900621 0.12215320910973085
0 0.5896739130434783 0.4045031055900621 0.0625 0.12008281573498965
0 0.4777756211180124 0.6546325051759835 0.0673524844720497 0.130175983436853
0 0.7046777950310559 0.3936335403726708 0.058423913043478264 0.11853002070393374
0 0.64159549689441 0.28118530020703936 0.061529503105590064 0.1167184265010352
0 0.20273680124223603 0.28131469979296064 0.06812888198757763 0.12422360248447205
0 0.5513392857142857 0.9013975155279503 0.06385869565217392 0.13664596273291926
0 0.6609083850931677 0.6365165631469979 0.060947204968944096 0.125
0 0.48049301242236025 0.779891304347826 0.06851708074534162 0.1306935817805383
0 0.33967391304347827 0.406444099378882 0.06909937888198758 0.1260351966873706
0 0.29464285714285715 0.15631469979296067 0.06909937888198758 0.12784679089026915
0 0.6986607142857143 0.2767857142857143 0.060364906832298136 0.1172360248447205
0 0.6480007763975155 0.39712732919254656 0.06191770186335404 0.1182712215320911
0 0.6019992236024845 0.644927536231884 0.06347049689440994 0.12474120082815734
0 0.6043284161490683 0.7666925465838509 0.06347049689440994 0.1260351966873706
0 0.61034549689441 0.18400621118012422 0.09025621118012422 0.08436853002070394
0 0.5835597826086957 0.2857142857142857 0.06114130434782609 0.11801242236024845
0 0.4744759316770186 0.5285973084886129 0.06812888198757763 0.1255175983436853
0 0.5250388198757764 0.16136128364389235 0.06560559006211181 0.12396480331262939
0 0.7263198757763976 0.8651656314699793 0.059006211180124224 0.12422360248447205
0 0.41178183229813664 0.657608695652174 0.06968167701863354 0.13146997929606624
0 0.6530473602484472 0.5168219461697723 0.05997670807453416 0.12060041407867494
0 0.5355201863354038 0.5285973084886129 0.06327639751552795 0.12189440993788819
0 0.5246506211180124 0.2840320910973085 0.06172360248447205 0.1208592132505176
0 0.40702639751552794 0.53027950310559 0.06832298136645963 0.12629399585921325
0 0.20710403726708074 0.8064182194616977 0.07336956521739131 0.13302277432712215
0 0.5300854037267081 0.4069616977225673 0.06055900621118013 0.12396480331262939
0 0.27261257763975155 0.40683229813664595 0.06968167701863354 0.12732919254658384
0 0.26979813664596275 0.28118530020703936 0.06832298136645963 0.1244824016563147
0 0.405958850931677 0.406055900621118 0.06851708074534162 0.12215320910973085
0 0.6631405279503105 0.7571169772256728 0.060364906832298136 0.1275879917184265
0 0.7214673913043478 0.7474120082815735 0.06017080745341615 0.12370600414078675
0 0.6696428571428571 0.884575569358178 0.06055900621118013 0.13716356107660455
0 0.5961762422360248 0.5240683229813664 0.06541149068322981 0.12370600414078675
0 0.6822593167701864 0.15942028985507245 0.07841614906832298 0.11956521739130435