0 0.29345703125 0.6796875 0.1318359375 0.17708333333333334
0 0.59228515625 0.13216145833333334 0.1083984375 0.10546875
0 0.4072265625 0.8671875 0.1328125 0.20052083333333334
0 0.5380859375 0.8658854166666666 0.12890625 0.20052083333333334
0 0.76220703125 0.5188802083333334 0.1220703125 0.15755208333333334
0 0.6513671875 0.5182291666666666 0.119140625 0.15625
0 0.658203125 0.6848958333333334 0.123046875 0.17447916666666666
0 0.27978515625 0.8665364583333334 0.1416015625 0.20182291666666666
0 0.1728515625 0.6751302083333334 0.140625 0.17578125
0 0.79345703125 0.869140625 0.1376953125 0.19661458333333334
0 0.4267578125 0.3684895833333333 0.111328125 0.14322916666666666
0 0.30859375 0.5143229166666666 0.125 0.15625
0 0.640625 0.3743489583333333 0.111328125 0.13151041666666666
0 0.421875 0.513671875 0.119140625 0.15234375
0 0.1953125 0.5123697916666666 0.12890625 0.15755208333333334
0 0.3212890625 0.3704427083333333 0.11328125 0.13671875
0 0.748046875 0.3723958333333333 0.119140625 0.13802083333333334
0 0.53564453125 0.3697916666666667 0.1083984375 0.13802083333333334
0 0.2138671875 0.3678385416666667 0.119140625 0.13671875
0 0.5380859375 0.513671875 0.115234375 0.15494791666666666
0 0.734375 0.23893229166666666 0.111328125 0.12890625
0 0.77685546875 0.685546875 0.1298828125 0.17317708333333334
0 0.63427734375 0.24739583333333334 0.1044921875 0.125
0 0.3310546875 0.24088541666666666 0.107421875 0.12760416666666666
0 0.4326171875 0.232421875 0.10546875 0.13411458333333334
0 0.53466796875 0.24088541666666666 0.1005859375 0.12760416666666666
0 0.36474609375 0.12239583333333333 0.1103515625 0.109375
0 0.2294921875 0.23502604166666666 0.115234375 0.13411458333333334
0 0.47802734375 0.12890625 0.1083984375 0.09895833333333333
0 0.1484375 0.8626302083333334 0.15234375 0.20182291666666666
0 0.70556640625 0.13541666666666666 0.1123046875 0.10416666666666667
0 0.2587890625 0.134765625 0.10546875 0.08463541666666667
0 0.41552734375 0.6764322916666666 0.1259765625 0.18098958333333334
0 0.6669921875 0.8704427083333334 0.134765625 0.19661458333333334
0 0.538896484375 0.6791536458333334 0.120771484375 0.1790625