0 0.62597049689441 0.8422619047619048 0.08035714285714286 0.08203933747412008
0 0.546583850931677 0.8369565217391305 0.07958074534161491 0.08281573498964803
0 0.6480007763975155 0.20949792960662525 0.08093944099378882 0.08773291925465838
0 0.6421777950310559 0.44565217391304346 0.08055124223602485 0.08281573498964803
0 0.47622282608695654 0.7528467908902692 0.08093944099378882 0.08178053830227744
0 0.46952639751552794 0.8278985507246377 0.07958074534161491 0.08229813664596274
0 0.5550271739130435 0.6085662525879917 0.0813276397515528 0.08410973084886128
0 0.4907802795031056 0.2163561076604555 0.07822204968944099 0.08385093167701864
0 0.6358695652173914 0.6048136645962733 0.08229813664596274 0.08229813664596274
0 0.4769992236024845 0.6755952380952381 0.07938664596273291 0.08307453416149069
0 0.6384899068322981 0.5261387163561076 0.08093944099378882 0.08281573498964803
0 0.5645380434782609 0.3759057971014493 0.07899844720496894 0.07945134575569358
0 0.41624611801242234 0.21674430641821946 0.0751164596273292 0.07893374741200829
0 0.5659937888198758 0.2971014492753623 0.07958074534161491 0.08126293995859213
0 0.3177406832298137 0.8106884057971014 0.0764751552795031 0.08100414078674949
0 0.5525038819875776 0.6855590062111802 0.08093944099378882 0.08385093167701864
0 0.4008152173913043 0.6682194616977226 0.07686335403726709 0.07971014492753623
0 0.34151785714285715 0.2123447204968944 0.07783385093167702 0.07945134575569358
0 0.3259899068322981 0.6622670807453416 0.07628105590062112 0.07919254658385093
0 0.2674689440993789 0.21092132505175984 0.07531055900621118 0.07815734989648034
0 0.25368788819875776 0.6545031055900621 0.07569875776397515 0.07763975155279502
0 0.5510481366459627 0.759575569358178 0.07725155279503106 0.08126293995859213
0 0.4855395962732919 0.4492753623188406 0.08016304347826086 0.07867494824016563
0 0.6437305900621118 0.3669772256728778 0.08016304347826086 0.07971014492753623
0 0.4143051242236025 0.29412525879917184 0.07666925465838509 0.07789855072463768
0 0.2671777950310559 0.2864906832298137 0.0751164596273292 0.07660455486542443
0 0.5591032608695652 0.5292443064182195 0.08093944099378882 0.08178053830227744
0 0.2611607142857143 0.4343944099378882 0.07239906832298136 0.07479296066252587
0 0.4779697204968944 0.6001552795031055 0.07822204968944099 0.08178053830227744
0 0.33666537267080743 0.3651656314699793 0.0751164596273292 0.07712215320910973
0 0.41158773291925466 0.3686594202898551 0.07666925465838509 0.07841614906832298
0 0.4869953416149068 0.3734472049689441 0.07763975155279502 0.07971014492753623
0 0.39314829192546585 0.8183229813664596 0.07822204968944099 0.08333333333333333
0 0.34054736024844723 0.2892080745341615 0.07628105590062112 0.07789855072463768
0 0.32773680124223603 0.5877329192546584 0.07434006211180125 0.07815734989648034
0 0.6464479813664596 0.2911490683229814 0.08093944099378882 0.07763975155279502
0 0.5691964285714286 0.20483954451345757 0.07861024844720498 0.10119047619047619
0 0.25582298136645965 0.5815217391304348 0.07298136645962733 0.07867494824016563
0 0.2638781055900621 0.36076604554865427 0.07239906832298136 0.07556935817805382
0 0.4052795031055901 0.5218685300207039 0.07763975155279502 0.07634575569358178
0 0.4024650621118012 0.5944616977225673 0.07744565217391304 0.07660455486542443
0 0.2483501552795031 0.7281314699792961 0.07434006211180125 0.07841614906832298
0 0.2582492236024845 0.5076345755693582 0.07395186335403726 0.07582815734989648
0 0.4893245341614907 0.2968426501035197 0.07763975155279502 0.07815734989648034
0 0.2450504658385093 0.8015010351966874 0.07434006211180125 0.08074534161490683
0 0.563082298136646 0.4523809523809524 0.07958074534161491 0.07660455486542443
0 0.6291731366459627 0.7617753623188406 0.07899844720496894 0.08514492753623189
0 0.3307453416149068 0.5138457556935818 0.0749223602484472 0.07996894409937888
0 0.4814635093167702 0.5253623188405797 0.07861024844720498 0.07867494824016563
0 0.6318905279503105 0.6820652173913043 0.08288043478260869 0.08462732919254658
0 0.3342391304347826 0.4377587991718426 0.07569875776397515 0.07427536231884058
0 0.32210791925465837 0.7358954451345756 0.07666925465838509 0.08100414078674949
0 0.39770962732919257 0.7445652173913043 0.07919254658385093 0.08229813664596274
0 0.41187888198757766 0.44707556935817805 0.07181677018633541 0.07996894409937888