0 0.65869140625 0.2819010416666667 0.0947265625 0.14192708333333334
0 0.4326171875 0.8919270833333334 0.1328125 0.19791666666666666
0 0.203125 0.6953125 0.13671875 0.171875
0 0.5576171875 0.71875 0.115234375 0.1796875
0 0.33642578125 0.5423177083333334 0.1220703125 0.15494791666666666
0 0.79052734375 0.7220052083333334 0.1201171875 0.17317708333333334
0 0.30810546875 0.8860677083333334 0.1416015625 0.19921875
0 0.24267578125 0.392578125 0.1201171875 0.13932291666666666
0 0.67578125 0.71875 0.123046875 0.16927083333333334
0 0.4423828125 0.7109375 0.123046875 0.17447916666666666
0 0.560546875 0.8990885416666666 0.123046875 0.19401041666666666
0 0.22314453125 0.5358072916666666 0.1279296875 0.15755208333333334
0 0.68603515625 0.8997395833333334 0.1279296875 0.1953125
0 0.25732421875 0.263671875 0.1103515625 0.12890625
0 0.177734375 0.8763020833333334 0.150390625 0.19791666666666666
0 0.45947265625 0.2734375 0.1044921875 0.1328125
0 0.357421875 0.2682291666666667 0.107421875 0.13020833333333334
0 0.4521484375 0.404296875 0.109375 0.14453125
0 0.34716796875 0.3997395833333333 0.1142578125 0.13802083333333334
0 0.447265625 0.5501302083333334 0.119140625 0.15755208333333334
0 0.62060546875 0.14908854166666666 0.1142578125 0.13151041666666666
0 0.66015625 0.4186197916666667 0.1015625 0.13932291666666666
0 0.7607421875 0.419921875 0.109375 0.13932291666666666
0 0.66845703125 0.5625 0.1123046875 0.15104166666666666
0 0.55810546875 0.41015625 0.1064453125 0.15104166666666666
0 0.77392578125 0.5625 0.1162109375 0.15625
0 0.55810546875 0.5572916666666666 0.1103515625 0.15625
0 0.56103515625 0.275390625 0.1025390625 0.13151041666666666
0 0.50927734375 0.166015625 0.1064453125 0.09244791666666667
0 0.75244140625 0.29296875 0.0947265625 0.13020833333333334
0 0.80322265625 0.900390625 0.1240234375 0.19140625
0 0.28759765625 0.15559895833333334 0.1142578125 0.10026041666666667
0 0.73095703125 0.173828125 0.1064453125 0.12890625
0 0.322265625 0.7037760416666666 0.130859375 0.18098958333333334
0 0.3984375 0.15755208333333334 0.109375 0.1015625