0 0.64306640625 0.8359375 0.1025390625 0.19791666666666666
0 0.20703125 0.8671875 0.12109375 0.20833333333333334
0 0.43798828125 0.8509114583333334 0.1083984375 0.20963541666666666
0 0.54052734375 0.6484375 0.1083984375 0.1953125
0 0.20703125 0.6608072916666666 0.1171875 0.20442708333333334
0 0.6455078125 0.6451822916666666 0.1015625 0.19140625
0 0.326171875 0.861328125 0.115234375 0.21223958333333334
0 0.54052734375 0.248046875 0.1103515625 0.20703125
0 0.5419921875 0.8430989583333334 0.1015625 0.19401041666666666
0 0.20556640625 0.23893229166666666 0.1220703125 0.22005208333333334
0 0.5439453125 0.4505208333333333 0.107421875 0.19791666666666666
0 0.32177734375 0.4498697916666667 0.1181640625 0.20703125
0 0.3232421875 0.65625 0.115234375 0.20833333333333334
0 0.32177734375 0.24348958333333334 0.1181640625 0.20572916666666666
0 0.20263671875 0.455078125 0.1181640625 0.21223958333333334
0 0.4326171875 0.24348958333333334 0.107421875 0.2109375
0 0.6474609375 0.451171875 0.1015625 0.19401041666666666
0 0.64599609375 0.2532552083333333 0.1025390625 0.20182291666666666
0 0.43505859375 0.44921875 0.1103515625 0.20052083333333334
0 0.43310546875 0.6490885416666666 0.1064453125 0.19921875