0 0.50048828125 0.8567708333333334 0.2138671875 0.15104166666666666
0 0.74560546875 0.517578125 0.2236328125 0.12890625
0 0.53369140625 0.2643229166666667 0.2060546875 0.12239583333333333
0 0.4921875 0.9498697916666666 0.208984375 0.10026041666666667
0 0.7412109375 0.6419270833333334 0.22265625 0.1328125
0 0.517578125 0.619140625 0.20703125 0.13671875
0 0.33447265625 0.2565104166666667 0.1884765625 0.12239583333333333
0 0.31494140625 0.5930989583333334 0.1923828125 0.13151041666666666
0 0.529296875 0.3828125 0.2109375 0.125
0 0.30908203125 0.70703125 0.1943359375 0.13802083333333334
0 0.29248046875 0.9303385416666666 0.1865234375 0.13932291666666666
0 0.75537109375 0.13932291666666666 0.2197265625 0.13802083333333334
0 0.33203125 0.14322916666666666 0.1796875 0.11979166666666667
0 0.32177734375 0.484375 0.1884765625 0.125
0 0.5224609375 0.4993489583333333 0.2109375 0.13151041666666666
0 0.298828125 0.8203125 0.1875 0.140625
0 0.751953125 0.3912760416666667 0.22265625 0.12890625
0 0.75390625 0.267578125 0.22265625 0.13671875
0 0.7333984375 0.7688802083333334 0.224609375 0.14453125
0 0.3271484375 0.373046875 0.19140625 0.12369791666666667
0 0.5107421875 0.7369791666666666 0.2109375 0.14322916666666666
0 0.71337890625 0.9694010416666666 0.2275390625 0.061197916666666664
0 0.72607421875 0.8912760416666666 0.2275390625 0.14453125
0 0.52734375 0.13606770833333334 0.21875 0.13932291666666666