0 0.5791015625 0.3294270833333333 0.109375 0.1171875
0 0.462890625 0.8072916666666666 0.0859375 0.13541666666666666
0 0.36474609375 0.5735677083333334 0.0869140625 0.13671875
0 0.6484375 0.45703125 0.109375 0.1171875
0 0.36328125 0.3385416666666667 0.109375 0.11458333333333333
0 0.4697265625 0.3326822916666667 0.111328125 0.11588541666666667
0 0.3759765625 0.8118489583333334 0.087890625 0.13671875
0 0.7705078125 0.568359375 0.087890625 0.14453125
0 0.76220703125 0.3177083333333333 0.0888671875 0.1484375
0 0.66552734375 0.6875 0.0869140625 0.13802083333333334
0 0.634765625 0.205078125 0.109375 0.12369791666666667
0 0.4384765625 0.205078125 0.091796875 0.15234375
0 0.55810546875 0.8138020833333334 0.1044921875 0.10677083333333333
0 0.755859375 0.4479166666666667 0.10546875 0.11979166666666667
0 0.37841796875 0.6927083333333334 0.1044921875 0.10677083333333333
0 0.56787109375 0.5755208333333334 0.1064453125 0.1171875
0 0.3681640625 0.44921875 0.107421875 0.11197916666666667
0 0.578125 0.6953125 0.087890625 0.13802083333333334
0 0.76220703125 0.69140625 0.1064453125 0.11197916666666667
0 0.53369140625 0.19986979166666666 0.0927734375 0.14973958333333334
0 0.6767578125 0.3255208333333333 0.087890625 0.1484375
0 0.34716796875 0.20703125 0.0888671875 0.15104166666666666
0 0.7421875 0.19140625 0.107421875 0.11979166666666667
0 0.4833984375 0.6888020833333334 0.10546875 0.109375
0 0.76513671875 0.79296875 0.1044921875 0.10677083333333333
0 0.673828125 0.5677083333333334 0.10546875 0.11197916666666667
0 0.46484375 0.4596354166666667 0.0859375 0.140625
0 0.46240234375 0.58203125 0.1064453125 0.11197916666666667
0 0.6611328125 0.8059895833333334 0.103515625 0.11197916666666667
0 0.54931640625 0.4557291666666667 0.0869140625 0.13802083333333334