0 0.5087890625 0.12044270833333333 0.1875 0.08723958333333333
0 0.3017578125 0.21223958333333334 0.197265625 0.09895833333333333
0 0.2890625 0.3033854166666667 0.201171875 0.1015625
0 0.236328125 0.7493489583333334 0.24609375 0.14973958333333334
0 0.2197265625 0.8854166666666666 0.25390625 0.15885416666666666
0 0.4921875 0.3001302083333333 0.203125 0.10026041666666667
0 0.49755859375 0.5065104166666666 0.2236328125 0.11979166666666667
0 0.31396484375 0.13020833333333334 0.1904296875 0.08854166666666667
0 0.470703125 0.8997395833333334 0.25390625 0.15625
0 0.24853515625 0.623046875 0.2333984375 0.13671875
0 0.73974609375 0.9114583333333334 0.2685546875 0.15625
0 0.498046875 0.20638020833333334 0.19921875 0.09765625
0 0.2734375 0.3977864583333333 0.216796875 0.11067708333333333
0 0.49267578125 0.3997395833333333 0.2119140625 0.10677083333333333
0 0.7109375 0.3046875 0.2109375 0.1015625
0 0.7001953125 0.125 0.1875 0.08333333333333333
0 0.728515625 0.6360677083333334 0.25390625 0.12890625
0 0.70263671875 0.20963541666666666 0.2001953125 0.09635416666666667
0 0.4853515625 0.7578125 0.24609375 0.140625
0 0.484375 0.6282552083333334 0.234375 0.12890625
0 0.263671875 0.5052083333333334 0.234375 0.125
0 0.72265625 0.4055989583333333 0.21875 0.10546875
0 0.73828125 0.76953125 0.248046875 0.1484375
0 0.7265625 0.513671875 0.228515625 0.12369791666666667