0 0.5517578125 0.12825520833333334 0.19140625 0.12109375
0 0.55224609375 0.349609375 0.1923828125 0.11328125
0 0.7421875 0.3489583333333333 0.185546875 0.11197916666666667
0 0.74755859375 0.7805989583333334 0.1767578125 0.12369791666666667
0 0.34765625 0.7994791666666666 0.203125 0.125
0 0.7451171875 0.6731770833333334 0.185546875 0.1171875
0 0.55615234375 0.23828125 0.1923828125 0.11458333333333333
0 0.35009765625 0.1171875 0.2001953125 0.125
0 0.34716796875 0.34375 0.2021484375 0.11979166666666667
0 0.74560546875 0.4563802083333333 0.1845703125 0.11067708333333333
0 0.74560546875 0.5657552083333334 0.1865234375 0.11328125
0 0.35009765625 0.6868489583333334 0.2041015625 0.11848958333333333
0 0.35302734375 0.23111979166666666 0.2001953125 0.12369791666666667
0 0.55322265625 0.5703125 0.1923828125 0.11458333333333333
0 0.34765625 0.912109375 0.203125 0.12369791666666667
0 0.34716796875 0.5729166666666666 0.2041015625 0.1171875
0 0.55517578125 0.4602864583333333 0.1923828125 0.11328125
0 0.55517578125 0.8984375 0.1923828125 0.11979166666666667
0 0.34716796875 0.4576822916666667 0.2021484375 0.11588541666666667
0 0.73388671875 0.138671875 0.1728515625 0.11588541666666667
0 0.55224609375 0.7890625 0.1923828125 0.1171875
0 0.74072265625 0.24348958333333334 0.1689453125 0.10677083333333333
0 0.55224609375 0.6803385416666666 0.1904296875 0.11328125
0 0.7451171875 0.888671875 0.181640625 0.10546875