0 0.611328125 0.630859375 0.08984375 0.10546875
0 0.44091796875 0.6067708333333334 0.0810546875 0.1171875
0 0.2880859375 0.818359375 0.07421875 0.10546875
0 0.7021484375 0.8411458333333334 0.087890625 0.10416666666666667
0 0.61181640625 0.8391927083333334 0.0888671875 0.10546875
0 0.70849609375 0.7376302083333334 0.0869140625 0.10546875
0 0.4384765625 0.826171875 0.078125 0.11067708333333333
0 0.5205078125 0.8326822916666666 0.0859375 0.10286458333333333
0 0.361328125 0.6061197916666666 0.078125 0.10807291666666667
0 0.36181640625 0.8229166666666666 0.0751953125 0.10677083333333333
0 0.35888671875 0.7141927083333334 0.0751953125 0.11067708333333333
0 0.66650390625 0.22916666666666666 0.1669921875 0.10416666666666667
0 0.51806640625 0.7311197916666666 0.0869140625 0.10546875
0 0.43408203125 0.716796875 0.0771484375 0.11067708333333333
0 0.28515625 0.7115885416666666 0.07421875 0.11067708333333333
0 0.62841796875 0.5240885416666666 0.0849609375 0.11328125
0 0.61767578125 0.7369791666666666 0.0888671875 0.10677083333333333
0 0.71142578125 0.5240885416666666 0.0849609375 0.11848958333333333
0 0.49853515625 0.236328125 0.1650390625 0.11848958333333333
0 0.52392578125 0.62890625 0.0869140625 0.10677083333333333
0 0.33349609375 0.4186197916666667 0.1552734375 0.09244791666666667
0 0.33935546875 0.23763020833333334 0.1533203125 0.09765625
0 0.70703125 0.634765625 0.08984375 0.10546875
0 0.3359375 0.3294270833333333 0.15234375 0.09114583333333333
0 0.33203125 0.5065104166666666 0.15234375 0.09114583333333333
0 0.2861328125 0.6048177083333334 0.076171875 0.11067708333333333
0 0.49267578125 0.4244791666666667 0.1650390625 0.11197916666666667
0 0.4921875 0.3307291666666667 0.1640625 0.11197916666666667
0 0.50048828125 0.5182291666666666 0.1669921875 0.11197916666666667
0 0.666015625 0.4192708333333333 0.16796875 0.09635416666666667
0 0.6640625 0.3255208333333333 0.166015625 0.09895833333333333