0 0.5380859375 0.7994791666666666 0.13671875 0.16927083333333334
0 0.529296875 0.3483072916666667 0.1171875 0.15755208333333334
0 0.64599609375 0.3489583333333333 0.1201171875 0.15625
0 0.40185546875 0.6432291666666666 0.1201171875 0.16145833333333334
0 0.5234375 0.638671875 0.125 0.15494791666666666
0 0.40869140625 0.8053385416666666 0.1201171875 0.17057291666666666
0 0.666015625 0.7942708333333334 0.130859375 0.1640625
0 0.17529296875 0.4947916666666667 0.1201171875 0.1484375
0 0.646484375 0.4986979166666667 0.119140625 0.14322916666666666
0 0.1513671875 0.8138020833333334 0.130859375 0.17447916666666666
0 0.52783203125 0.4973958333333333 0.1181640625 0.14322916666666666
0 0.2822265625 0.6432291666666666 0.12109375 0.16145833333333334
0 0.76220703125 0.4928385416666667 0.1201171875 0.14192708333333334
0 0.6513671875 0.6432291666666666 0.125 0.15104166666666666
0 0.40966796875 0.4908854166666667 0.1142578125 0.1484375
0 0.41015625 0.337890625 0.115234375 0.15494791666666666
0 0.2939453125 0.4876302083333333 0.1171875 0.14973958333333334
0 0.2939453125 0.337890625 0.1171875 0.15494791666666666
0 0.279296875 0.810546875 0.1328125 0.17578125
0 0.7744140625 0.6354166666666666 0.130859375 0.15104166666666666
0 0.72216796875 0.212890625 0.1181640625 0.14192708333333334
0 0.19921875 0.1953125 0.1171875 0.1484375
0 0.1796875 0.3567708333333333 0.115234375 0.1328125
0 0.46435546875 0.205078125 0.1259765625 0.12369791666666667
0 0.31591796875 0.19075520833333334 0.1142578125 0.14192708333333334
0 0.751953125 0.3567708333333333 0.111328125 0.1328125
0 0.7880859375 0.7890625 0.126953125 0.16666666666666666
0 0.60791015625 0.20572916666666666 0.1201171875 0.1328125
0 0.166015625 0.6497395833333334 0.125 0.16145833333333334