0 0.5032996894409938 0.13030538302277433 0.08812111801242237 0.08980331262939958
0 0.6924495341614907 0.8586956521739131 0.06579968944099379 0.12163561076604555
0 0.5666731366459627 0.8449792960662525 0.06579968944099379 0.12163561076604555
0 0.7727096273291926 0.6174948240165632 0.06987577639751552 0.12525879917184266
0 0.7903726708074534 0.23266045548654243 0.07375776397515528 0.13405797101449277
0 0.3919836956521739 0.7069099378881988 0.05687111801242236 0.1172360248447205
0 0.29017857142857145 0.34679089026915116 0.0562888198757764 0.11542443064182195
0 0.46962344720496896 0.23563664596273293 0.05920031055900621 0.1203416149068323
0 0.7796972049689441 0.49094202898550726 0.07065217391304347 0.12836438923395446
0 0.7170031055900621 0.3630952380952381 0.06909937888198758 0.12474120082815734
0 0.765916149068323 0.7422360248447205 0.07104037267080746 0.12422360248447205
0 0.6289790372670807 0.8533902691511387 0.06541149068322981 0.12189440993788819
0 0.5979231366459627 0.12681159420289856 0.0953027950310559 0.09161490683229814
0 0.5920031055900621 0.23537784679089027 0.06638198757763975 0.12707039337474121
0 0.38790760869565216 0.8197463768115942 0.05920031055900621 0.1213768115942029
0 0.7842585403726708 0.3629658385093168 0.07278726708074534 0.1275879917184265
0 0.2796001552795031 0.6913819875776398 0.05570652173913043 0.1151656314699793
0 0.515916149068323 0.6032608695652174 0.06288819875776397 0.12370600414078675
0 0.656152950310559 0.23822463768115942 0.06968167701863354 0.13121118012422361
0 0.6512034161490683 0.3658126293995859 0.0671583850931677 0.1255175983436853
0 0.7072981366459627 0.6152950310559007 0.06638198757763975 0.1255175983436853
0 0.6431482919254659 0.6130952380952381 0.06541149068322981 0.12370600414078675
0 0.4542895962732919 0.5961438923395446 0.061529503105590064 0.12189440993788819
0 0.297166149068323 0.23175465838509315 0.056677018633540376 0.1162008281573499
0 0.44594332298136646 0.827639751552795 0.05920031055900621 0.11956521739130435
0 0.2767857142857143 0.8012422360248447 0.05512422360248447 0.11594202898550725
0 0.7224378881987578 0.23628364389233955 0.07181677018633541 0.13302277432712215
0 0.7128299689440993 0.4879658385093168 0.06851708074534162 0.1275879917184265
0 0.3527756211180124 0.23434265010351968 0.058423913043478264 0.1172360248447205
0 0.7579580745341615 0.8649068322981367 0.06948757763975155 0.12681159420289856
0 0.5737577639751553 0.7290372670807453 0.06482919254658386 0.12215320910973085
0 0.5829774844720497 0.4849896480331263 0.06579968944099379 0.12629399585921325
0 0.5233889751552795 0.35804865424430643 0.06463509316770186 0.1255175983436853
0 0.7115683229813664 0.12564699792960662 0.10170807453416149 0.09549689440993789
0 0.5051436335403726 0.8373447204968945 0.06308229813664597 0.1193064182194617
0 0.6475155279503105 0.488871635610766 0.06793478260869565 0.12629399585921325
0 0.4501164596273292 0.7144151138716356 0.059782608695652176 0.1203416149068323
0 0.5862771739130435 0.359860248447205 0.06618788819875776 0.12396480331262939
0 0.5107725155279503 0.7220496894409938 0.06347049689440994 0.11956521739130435
0 0.5204774844720497 0.4814958592132505 0.06385869565217392 0.12189440993788819
0 0.28202639751552794 0.5790631469979296 0.057065217391304345 0.1208592132505176
0 0.7009899068322981 0.7395186335403726 0.06657608695652174 0.1224120082815735
0 0.3360830745341615 0.7000517598343685 0.057259316770186336 0.11438923395445134
0 0.578319099378882 0.6088250517598344 0.06308229813664597 0.1229296066252588
0 0.3951863354037267 0.5894151138716356 0.059782608695652176 0.11982401656314699
0 0.3316187888198758 0.8096532091097308 0.05609472049689441 0.1182712215320911
0 0.39809782608695654 0.4732142857142857 0.06327639751552795 0.1187888198757764
0 0.3378299689440994 0.5848861283643892 0.057259316770186336 0.11904761904761904
0 0.45914208074534163 0.47709627329192544 0.06308229813664597 0.1208592132505176
0 0.46185947204968947 0.35662525879917184 0.06114130434782609 0.12008281573498965
0 0.30764751552795033 0.11736542443064182 0.05861801242236025 0.11413043478260869
0 0.41139363354037267 0.23511904761904762 0.059588509316770184 0.1182712215320911
0 0.34889363354037267 0.3515786749482402 0.06191770186335404 0.1167184265010352
0 0.40382375776397517 0.353907867494824 0.05764751552795031 0.1187888198757764
0 0.28852872670807456 0.46363871635610765 0.06075310559006211 0.1182712215320911
0 0.3424883540372671 0.46726190476190477 0.05298913043478261 0.1187888198757764
0 0.43148291925465837 0.11490683229813664 0.07531055900621118 0.12163561076604555
0 0.36587732919254656 0.11633022774327122 0.055900621118012424 0.1193064182194617
0 0.5283385093167702 0.23253105590062112 0.0640527950310559 0.1255175983436853
0 0.6369371118012422 0.7338250517598344 0.06541149068322981 0.1224120082815735