0 0.3935546875 0.8313802083333334 0.119140625 0.11067708333333333
0 0.50146484375 0.5071614583333334 0.1142578125 0.11067708333333333
0 0.4482421875 0.318359375 0.083984375 0.08203125
0 0.39013671875 0.7252604166666666 0.1181640625 0.11197916666666667
0 0.37255859375 0.24088541666666666 0.0830078125 0.08333333333333333
0 0.61962890625 0.6067708333333334 0.1162109375 0.109375
0 0.7314453125 0.705078125 0.11328125 0.11328125
0 0.736328125 0.8079427083333334 0.11328125 0.11328125
0 0.39013671875 0.6184895833333334 0.1162109375 0.10677083333333333
0 0.52783203125 0.3118489583333333 0.0810546875 0.08203125
0 0.50927734375 0.82421875 0.1162109375 0.11197916666666667
0 0.74072265625 0.287109375 0.0576171875 0.10546875
0 0.73095703125 0.599609375 0.1123046875 0.11328125
0 0.384765625 0.4108072916666667 0.115234375 0.10546875
0 0.71923828125 0.392578125 0.1142578125 0.10807291666666667
0 0.60888671875 0.3997395833333333 0.1142578125 0.10677083333333333
0 0.61474609375 0.50390625 0.1162109375 0.109375
0 0.498046875 0.4036458333333333 0.115234375 0.10677083333333333
0 0.45703125 0.236328125 0.080078125 0.08203125
0 0.3876953125 0.5123697916666666 0.1171875 0.10807291666666667
0 0.3671875 0.3203125 0.08203125 0.08072916666666667
0 0.50634765625 0.7180989583333334 0.1142578125 0.11067708333333333
0 0.62451171875 0.8177083333333334 0.1181640625 0.11197916666666667
0 0.50439453125 0.6126302083333334 0.1162109375 0.11067708333333333
0 0.7255859375 0.4934895833333333 0.111328125 0.11197916666666667
0 0.61865234375 0.7115885416666666 0.1123046875 0.11067708333333333
0 0.53515625 0.23046875 0.080078125 0.08072916666666667
0 0.61328125 0.23046875 0.078125 0.08072916666666667
0 0.6826171875 0.291015625 0.05859375 0.10546875
0 0.6083984375 0.3079427083333333 0.080078125 0.07682291666666667