0 0.3004658385093168 0.8339803312629399 0.05745341614906832 0.11775362318840579
0 0.41779891304347827 0.8458850931677019 0.059588509316770184 0.1182712215320911
0 0.7436917701863354 0.4945652173913043 0.06774068322981366 0.12577639751552794
0 0.5395962732919255 0.8574016563146998 0.06288819875776397 0.11853002070393374
0 0.7451475155279503 0.3686594202898551 0.06909937888198758 0.12396480331262939
0 0.6776979813664596 0.49469461697722567 0.06579968944099379 0.1265527950310559
0 0.7302018633540373 0.8676242236024845 0.0671583850931677 0.1244824016563147
0 0.6651785714285714 0.8649068322981367 0.0640527950310559 0.11956521739130435
0 0.4898097826086957 0.24417701863354038 0.06308229813664597 0.125
0 0.7396156832298136 0.6199534161490683 0.06657608695652174 0.125
0 0.48039596273291924 0.7365424430641822 0.06444099378881987 0.11956521739130435
0 0.421583850931677 0.609860248447205 0.0625 0.1213768115942029
0 0.6788625776397516 0.36969461697722567 0.06618788819875776 0.1229296066252588
0 0.5574534161490683 0.13768115942028986 0.09472049689440994 0.09161490683229814
0 0.6816770186335404 0.244435817805383 0.0687111801242236 0.1306935817805383
0 0.6138392857142857 0.3739648033126294 0.06502329192546584 0.12215320910973085
0 0.4777756211180124 0.8522256728778468 0.061529503105590064 0.11853002070393374
0 0.5500776397515528 0.37085921325051757 0.06482919254658386 0.12370600414078675
0 0.5523097826086957 0.24572981366459629 0.06502329192546584 0.1260351966873706
0 0.3581133540372671 0.8414855072463768 0.06017080745341615 0.1193064182194617
0 0.749126552795031 0.23848343685300208 0.07045807453416149 0.1317287784679089
0 0.5441576086956522 0.7399068322981367 0.06385869565217392 0.12060041407867494
0 0.3636451863354037 0.4882246376811594 0.06191770186335404 0.1193064182194617
0 0.6743982919254659 0.6208592132505176 0.06502329192546584 0.12525879917184266
0 0.4625388198757764 0.14324534161490685 0.08618012422360248 0.09135610766045549
0 0.6687694099378882 0.13444616977225674 0.10034937888198758 0.09497929606625259
0 0.6168478260869565 0.24715320910973085 0.0671583850931677 0.12939958592132506
0 0.2544642857142857 0.24870600414078675 0.05822981366459627 0.11853002070393374
0 0.733889751552795 0.7441770186335404 0.06909937888198758 0.1229296066252588
0 0.6017080745341615 0.8610248447204969 0.06327639751552795 0.11904761904761904
0 0.4299301242236025 0.24883540372670807 0.059006211180124224 0.1208592132505176
0 0.6104425465838509 0.6215062111801242 0.06482919254658386 0.1224120082815735
0 0.48660714285714285 0.3695652173913043 0.0640527950310559 0.12474120082815734
0 0.6130628881987578 0.49702380952380953 0.06579968944099379 0.125
0 0.6079192546583851 0.7422360248447205 0.06444099378881987 0.12163561076604555
0 0.4869953416149068 0.4928830227743271 0.06444099378881987 0.1244824016563147
0 0.24388586956521738 0.8263457556935818 0.05764751552795031 0.11542443064182195
0 0.30240683229813664 0.6055900621118012 0.06055900621118013 0.11956521739130435
0 0.4187694099378882 0.729684265010352 0.06191770186335404 0.1193064182194617
0 0.312208850931677 0.24974120082815734 0.05920031055900621 0.11801242236024845
0 0.2450504658385093 0.6001552795031055 0.05803571428571429 0.11956521739130435
0 0.5503687888198758 0.49585921325051757 0.06541149068322981 0.12629399585921325
0 0.3612189440993789 0.6080486542443064 0.0625 0.11982401656314699
0 0.2642663043478261 0.13237577639751552 0.05687111801242236 0.11568322981366459
0 0.671001552795031 0.744435817805383 0.06482919254658386 0.1203416149068323
0 0.42430124223602483 0.4901656314699793 0.0625 0.12215320910973085
0 0.4247864906832298 0.36917701863354035 0.061529503105590064 0.1203416149068323
0 0.484180900621118 0.6156832298136646 0.06347049689440994 0.12370600414078675
0 0.3047360248447205 0.48589544513457555 0.057841614906832296 0.1203416149068323
0 0.24563276397515527 0.7155797101449275 0.05764751552795031 0.11335403726708075
0 0.36024844720496896 0.7269668737060041 0.05822981366459627 0.11749482401656315
0 0.30250388198757766 0.7212732919254659 0.05920031055900621 0.11438923395445134
0 0.24961180124223603 0.3651656314699793 0.057841614906832296 0.11594202898550725
0 0.36655667701863354 0.3676242236024845 0.05881211180124224 0.1172360248447205
0 0.24757375776397517 0.48188405797101447 0.05764751552795031 0.11645962732919254
0 0.37131211180124224 0.24909420289855072 0.06017080745341615 0.1182712215320911
0 0.3090062111801242 0.36710662525879917 0.0625 0.1172360248447205
0 0.3891692546583851 0.12797619047619047 0.07763975155279502 0.1224120082815735
0 0.547069099378882 0.6184006211180124 0.06541149068322981 0.1234472049689441
0 0.32414596273291924 0.13030538302277433 0.059782608695652176 0.1193064182194617