0 0.2705078125 0.3352864583333333 0.17578125 0.10807291666666667
0 0.2705078125 0.4407552083333333 0.177734375 0.10807291666666667
0 0.44677734375 0.662109375 0.1904296875 0.11848958333333333
0 0.64599609375 0.787109375 0.2001953125 0.11328125
0 0.2646484375 0.54296875 0.173828125 0.11197916666666667
0 0.66015625 0.3365885416666667 0.203125 0.11848958333333333
0 0.64599609375 0.6751302083333334 0.2021484375 0.11848958333333333
0 0.44091796875 0.7682291666666666 0.1884765625 0.11979166666666667
0 0.46044921875 0.4446614583333333 0.1904296875 0.11328125
0 0.6640625 0.22200520833333334 0.201171875 0.12109375
0 0.466796875 0.10611979166666667 0.201171875 0.13151041666666666
0 0.6630859375 0.107421875 0.1953125 0.12369791666666667
0 0.26220703125 0.6497395833333334 0.1767578125 0.11197916666666667
0 0.275390625 0.11848958333333333 0.1796875 0.1171875
0 0.2666015625 0.8561197916666666 0.171875 0.11848958333333333
0 0.46240234375 0.22526041666666666 0.1923828125 0.1171875
0 0.2607421875 0.7532552083333334 0.171875 0.11328125
0 0.2763671875 0.22916666666666666 0.17578125 0.109375
0 0.6455078125 0.5657552083333334 0.19921875 0.11848958333333333
0 0.6455078125 0.8951822916666666 0.19921875 0.12109375
0 0.65673828125 0.4505208333333333 0.2001953125 0.1171875
0 0.451171875 0.8763020833333334 0.185546875 0.12239583333333333
0 0.44677734375 0.5540364583333334 0.1943359375 0.11588541666666667
0 0.4609375 0.3352864583333333 0.19140625 0.11328125