0 0.20556640625 0.4440104166666667 0.1220703125 0.15885416666666666
0 0.7763671875 0.8795572916666666 0.103515625 0.13932291666666666
0 0.33837890625 0.7486979166666666 0.1142578125 0.14583333333333334
0 0.3251953125 0.443359375 0.1171875 0.15755208333333334
0 0.689453125 0.12955729166666666 0.126953125 0.16536458333333334
0 0.5673828125 0.2890625 0.1171875 0.16145833333333334
0 0.45703125 0.7454427083333334 0.111328125 0.14453125
0 0.5625 0.4479166666666667 0.1171875 0.15364583333333334
0 0.68798828125 0.2916666666666667 0.1123046875 0.15885416666666666
0 0.33349609375 0.5989583333333334 0.1162109375 0.15104166666666666
0 0.4521484375 0.599609375 0.11328125 0.14973958333333334
0 0.56884765625 0.744140625 0.1103515625 0.14453125
0 0.791015625 0.5970052083333334 0.11328125 0.14713541666666666
0 0.56298828125 0.5989583333333334 0.1103515625 0.1484375
0 0.56787109375 0.884765625 0.1064453125 0.13932291666666666
0 0.67431640625 0.880859375 0.1064453125 0.13671875
0 0.796875 0.447265625 0.11328125 0.15234375
0 0.568359375 0.12565104166666666 0.119140625 0.16796875
0 0.44677734375 0.8873697916666666 0.1123046875 0.13932291666666666
0 0.447265625 0.123046875 0.119140625 0.16796875
0 0.67724609375 0.7421875 0.1083984375 0.14322916666666666
0 0.21728515625 0.8932291666666666 0.1142578125 0.14322916666666666
0 0.7998046875 0.2923177083333333 0.11328125 0.15755208333333334
0 0.44140625 0.4453125 0.115234375 0.15625
0 0.330078125 0.888671875 0.111328125 0.13932291666666666
0 0.32470703125 0.11848958333333333 0.1220703125 0.16927083333333334
0 0.68212890625 0.5970052083333334 0.1103515625 0.14713541666666666
0 0.44677734375 0.287109375 0.1181640625 0.16276041666666666
0 0.21142578125 0.7493489583333334 0.1162109375 0.14453125
0 0.19970703125 0.11588541666666667 0.1279296875 0.171875
0 0.2138671875 0.6002604166666666 0.123046875 0.15104166666666666
0 0.328125 0.2858072916666667 0.1171875 0.16015625
0 0.78173828125 0.7408854166666666 0.1064453125 0.140625
0 0.806640625 0.13151041666666666 0.111328125 0.16145833333333334
0 0.68505859375 0.447265625 0.1162109375 0.15234375
0 0.20263671875 0.2845052083333333 0.1298828125 0.16276041666666666