0 0.44970703125 0.796875 0.1318359375 0.20052083333333334
0 0.69091796875 0.6009114583333334 0.1298828125 0.17317708333333334
0 0.57763671875 0.7884114583333334 0.1337890625 0.19661458333333334
0 0.1748046875 0.8111979166666666 0.142578125 0.20052083333333334
0 0.560546875 0.4427083333333333 0.119140625 0.15625
0 0.220703125 0.15950520833333334 0.1171875 0.13671875
0 0.44091796875 0.2994791666666667 0.1123046875 0.13802083333333334
0 0.18798828125 0.6197916666666666 0.1357421875 0.18229166666666666
0 0.44677734375 0.611328125 0.1259765625 0.17578125
0 0.3251953125 0.2975260416666667 0.1171875 0.14713541666666666
0 0.6630859375 0.294921875 0.1171875 0.14192708333333334
0 0.7060546875 0.7819010416666666 0.138671875 0.19921875
0 0.33349609375 0.16276041666666666 0.1103515625 0.1328125
0 0.55224609375 0.294921875 0.1162109375 0.13932291666666666
0 0.32421875 0.4453125 0.125 0.16145833333333334
0 0.31298828125 0.8014322916666666 0.1396484375 0.20182291666666666
0 0.44140625 0.166015625 0.10546875 0.13411458333333334
0 0.3193359375 0.6139322916666666 0.12890625 0.18098958333333334
0 0.67431640625 0.4407552083333333 0.1240234375 0.15494791666666666
0 0.7919921875 0.4361979166666667 0.1328125 0.15364583333333334
0 0.7705078125 0.2884114583333333 0.12109375 0.13932291666666666
0 0.5458984375 0.15494791666666666 0.111328125 0.14322916666666666
0 0.4462890625 0.4446614583333333 0.119140625 0.15755208333333334
0 0.80810546875 0.5944010416666666 0.1337890625 0.17057291666666666
0 0.6513671875 0.16015625 0.11328125 0.1328125
0 0.75048828125 0.15690104166666666 0.1142578125 0.12890625
0 0.2001953125 0.4498697916666667 0.130859375 0.16796875
0 0.2080078125 0.294921875 0.123046875 0.14973958333333334
0 0.5703125 0.60546875 0.126953125 0.17447916666666666
0 0.83056640625 0.7740885416666666 0.1357421875 0.19401041666666666