0 0.2021484375 0.8802083333333334 0.123046875 0.15104166666666666
0 0.30810546875 0.4186197916666667 0.1181640625 0.15494791666666666
0 0.310546875 0.5735677083333334 0.115234375 0.15494791666666666
0 0.4267578125 0.5690104166666666 0.111328125 0.15104166666666666
0 0.30517578125 0.099609375 0.1240234375 0.16276041666666666
0 0.43310546875 0.7180989583333334 0.1103515625 0.14973958333333334
0 0.42431640625 0.416015625 0.1123046875 0.15494791666666666
0 0.18603515625 0.419921875 0.1220703125 0.15755208333333334
0 0.3212890625 0.8723958333333334 0.11328125 0.1484375
0 0.31640625 0.724609375 0.1171875 0.14973958333333334
0 0.54296875 0.4173177083333333 0.1171875 0.15234375
0 0.43505859375 0.86328125 0.1103515625 0.1484375
0 0.18994140625 0.576171875 0.1201171875 0.15494791666666666
0 0.76806640625 0.26171875 0.1064453125 0.15104166666666666
0 0.18017578125 0.2610677083333333 0.1240234375 0.16015625
0 0.53369140625 0.2630208333333333 0.1123046875 0.15625
0 0.544921875 0.5670572916666666 0.109375 0.14973958333333334
0 0.17724609375 0.09765625 0.1259765625 0.16666666666666666
0 0.65869140625 0.4140625 0.1103515625 0.15104166666666666
0 0.42724609375 0.099609375 0.1162109375 0.16276041666666666
0 0.416015625 0.2578125 0.115234375 0.15885416666666666
0 0.65625 0.8483072916666666 0.107421875 0.14453125
0 0.76806640625 0.412109375 0.1064453125 0.14973958333333334
0 0.759765625 0.841796875 0.099609375 0.13932291666666666
0 0.298828125 0.2610677083333333 0.1171875 0.15755208333333334
0 0.54638671875 0.85546875 0.1083984375 0.1484375
0 0.19677734375 0.7298177083333334 0.1201171875 0.15234375
0 0.5439453125 0.7141927083333334 0.107421875 0.14973958333333334
0 0.7626953125 0.5611979166666666 0.10546875 0.1484375
0 0.65185546875 0.70703125 0.1064453125 0.1484375
0 0.65673828125 0.10611979166666667 0.1083984375 0.15755208333333334
0 0.65478515625 0.5618489583333334 0.1083984375 0.14973958333333334
0 0.6513671875 0.2623697916666667 0.123046875 0.15494791666666666
0 0.54345703125 0.10677083333333333 0.1142578125 0.16145833333333334
0 0.76611328125 0.10611979166666667 0.1103515625 0.15755208333333334
0 0.7607421875 0.7018229166666666 0.109375 0.14322916666666666