0 0.76806640625 0.20768229166666666 0.1123046875 0.11328125
0 0.5263671875 0.7578125 0.083984375 0.140625
0 0.53369140625 0.3313802083333333 0.0830078125 0.14453125
0 0.6142578125 0.6184895833333334 0.083984375 0.14322916666666666
0 0.3525390625 0.5872395833333334 0.107421875 0.11197916666666667
0 0.7734375 0.90625 0.087890625 0.14322916666666666
0 0.78369140625 0.6236979166666666 0.0830078125 0.14322916666666666
0 0.76708984375 0.09505208333333333 0.1103515625 0.11458333333333333
0 0.78515625 0.3352864583333333 0.083984375 0.14453125
0 0.44677734375 0.6139322916666666 0.0830078125 0.14192708333333334
0 0.23681640625 0.24934895833333334 0.0810546875 0.13932291666666666
0 0.70166015625 0.3365885416666667 0.0830078125 0.14453125
0 0.7001953125 0.6223958333333334 0.0859375 0.14322916666666666
0 0.3564453125 0.4791666666666667 0.107421875 0.109375
0 0.69384765625 0.7630208333333334 0.0849609375 0.14322916666666666
0 0.45068359375 0.4739583333333333 0.0830078125 0.14322916666666666
0 0.34912109375 0.8033854166666666 0.1064453125 0.10677083333333333
0 0.44384765625 0.8971354166666666 0.0830078125 0.13802083333333334
0 0.2392578125 0.6940104166666666 0.109375 0.10677083333333333
0 0.61767578125 0.4752604166666667 0.0849609375 0.14322916666666666
0 0.53076171875 0.6178385416666666 0.0830078125 0.14192708333333334
0 0.61083984375 0.7610677083333334 0.0830078125 0.14192708333333334
0 0.779296875 0.7662760416666666 0.0859375 0.14192708333333334
0 0.525390625 0.8990885416666666 0.080078125 0.13932291666666666
0 0.3212890625 0.24739583333333334 0.08203125 0.140625
0 0.544921875 0.20442708333333334 0.109375 0.11197916666666667
0 0.5478515625 0.091796875 0.111328125 0.11588541666666667
0 0.248046875 0.4798177083333333 0.107421875 0.10807291666666667
0 0.34912109375 0.6946614583333334 0.1064453125 0.10807291666666667
0 0.2431640625 0.587890625 0.107421875 0.11067708333333333
0 0.24560546875 0.373046875 0.1064453125 0.10807291666666667
0 0.353515625 0.369140625 0.109375 0.11067708333333333
0 0.68896484375 0.904296875 0.0849609375 0.13932291666666666
0 0.24267578125 0.798828125 0.1044921875 0.10546875
0 0.4267578125 0.09895833333333333 0.109375 0.11197916666666667
0 0.2451171875 0.9016927083333334 0.10546875 0.10807291666666667
0 0.65771484375 0.09765625 0.1103515625 0.11197916666666667
0 0.6171875 0.3313802083333333 0.083984375 0.14453125
0 0.3505859375 0.9055989583333334 0.103515625 0.10546875
0 0.4443359375 0.7565104166666666 0.08203125 0.14322916666666666
0 0.60595703125 0.8997395833333334 0.0830078125 0.14322916666666666
0 0.32763671875 0.10481770833333333 0.0869140625 0.14453125
0 0.53466796875 0.474609375 0.0830078125 0.14453125
0 0.24462890625 0.10611979166666667 0.0830078125 0.14453125
0 0.78466796875 0.48046875 0.0849609375 0.14322916666666666
0 0.43310546875 0.20572916666666666 0.1103515625 0.1171875
0 0.44921875 0.3313802083333333 0.0859375 0.14453125
0 0.65478515625 0.20638020833333334 0.1103515625 0.11328125
0 0.7020703125 0.4794791666666667 0.084150390625 0.14255208333333333