0 0.15867624223602483 0.4814958592132505 0.14111024844720496 0.181935817805383
0 0.5270768633540373 0.8552018633540373 0.11626552795031056 0.19073498964803312
0 0.2841614906832298 0.49676501035196685 0.125 0.17675983436853002
0 0.12839673913043478 0.8711180124223602 0.16284937888198758 0.22981366459627328
0 0.2776591614906832 0.6697722567287785 0.13179347826086957 0.18633540372670807
0 0.2735830745341615 0.8672360248447205 0.14615683229813664 0.2153209109730849
0 0.6318905279503105 0.8523550724637681 0.10850155279503106 0.17883022774327123
0 0.40857919254658387 0.8610248447204969 0.12927018633540371 0.20445134575569357
0 0.2869759316770186 0.3451086956521739 0.11548913043478261 0.1529503105590062
0 0.1454774844720497 0.6607142857142857 0.14965062111801242 0.1956521739130435
0 0.40110636645962733 0.6739130434782609 0.11820652173913043 0.17857142857142858
0 0.29250776397515527 0.21195652173913043 0.10791925465838509 0.15113871635610765
0 0.17071040372670807 0.3201345755693582 0.12752329192546583 0.16821946169772256
0 0.5136840062111802 0.6792184265010351 0.11121894409937888 0.17003105590062112
0 0.7072981366459627 0.6869824016563147 0.09821428571428571 0.15760869565217392
0 0.6158773291925466 0.6820652173913043 0.10675465838509317 0.1653726708074534
0 0.5059200310559007 0.5225155279503105 0.10733695652173914 0.15476190476190477
0 0.7226319875776398 0.8496376811594203 0.09899068322981366 0.16977225672877846
0 0.39479813664596275 0.229296066252588 0.09899068322981366 0.14026915113871635
0 0.4010093167701863 0.5087991718426501 0.11413043478260869 0.16718426501035197
0 0.68847049689441 0.5454192546583851 0.09083850931677019 0.1358695652173913
0 0.6461568322981367 0.29839544513457555 0.09472049689440994 0.11956521739130435
0 0.6654697204968945 0.4142080745341615 0.0984083850931677 0.1384575569358178
0 0.32579580745341613 0.10921325051759834 0.10966614906832298 0.10610766045548654
0 0.6190799689440993 0.2004399585921325 0.09375 0.10429606625258799
0 0.3950892857142857 0.3581780538302277 0.10306677018633541 0.15062111801242237
0 0.530376552795031 0.18426501035196688 0.09258540372670808 0.09886128364389234
0 0.18167701863354038 0.18931159420289856 0.1203416149068323 0.15191511387163562
0 0.49466226708074534 0.3806935817805383 0.10190217391304347 0.14285714285714285
0 0.4329386645962733 0.14751552795031056 0.10423136645962733 0.10610766045548654
0 0.5829774844720497 0.406055900621118 0.0813276397515528 0.13405797101449277
0 0.4890333850931677 0.260351966873706 0.09375 0.13043478260869565
0 0.6017080745341615 0.5346790890269151 0.09976708074534162 0.13975155279503104
0 0.5680318322981367 0.286620082815735 0.08482142857142858 0.12189440993788819
0 0.19904891304347827 0.07751035196687371 0.12791149068322982 0.1234472049689441