0 0.4610830745341615 0.18219461697722567 0.09142080745341614 0.08126293995859213
0 0.3023097826086957 0.894927536231884 0.06774068322981366 0.12370600414078675
0 0.43342391304347827 0.8844461697722568 0.06444099378881987 0.1229296066252588
0 0.2947399068322981 0.6499741200828157 0.06929347826086957 0.1244824016563147
0 0.4967003105590062 0.8803053830227743 0.06444099378881987 0.1224120082815735
0 0.3688858695652174 0.890527950310559 0.06579968944099379 0.12474120082815734
0 0.23049301242236025 0.7797619047619048 0.06929347826086957 0.12474120082815734
0 0.4144992236024845 0.28209109730848864 0.06424689440993789 0.12008281573498965
0 0.36335403726708076 0.770315734989648 0.0671583850931677 0.1224120082815735
0 0.4204192546583851 0.5204451345755694 0.06677018633540373 0.12267080745341614
0 0.7157414596273292 0.5014233954451346 0.05920031055900621 0.1162008281573499
0 0.234277950310559 0.9013975155279503 0.07065217391304347 0.12422360248447205
0 0.6657608695652174 0.6238354037267081 0.06017080745341615 0.1213768115942029
0 0.2907608695652174 0.5248447204968945 0.06832298136645963 0.12681159420289856
0 0.7253493788819876 0.7316252587991718 0.059782608695652176 0.11749482401656315
0 0.2279697204968944 0.6554089026915114 0.07006987577639752 0.1281055900621118
0 0.22777562111801242 0.4026915113871636 0.06541149068322981 0.12163561076604555
0 0.22534937888198758 0.5275621118012422 0.0702639751552795 0.1281055900621118
0 0.2894992236024845 0.28015010351966874 0.06463509316770186 0.11982401656314699
0 0.29774844720496896 0.7729037267080745 0.0671583850931677 0.1244824016563147
0 0.2921195652173913 0.400879917184265 0.06754658385093168 0.12215320910973085
0 0.3567546583850932 0.5239389233954451 0.06677018633540373 0.1260351966873706
0 0.5366847826086957 0.16174948240165632 0.0625 0.11956521739130435
0 0.3134704968944099 0.15980848861283645 0.06521739130434782 0.1203416149068323
0 0.22573757763975155 0.28066770186335405 0.06482919254658386 0.11982401656314699
0 0.6679930124223602 0.7412008281573499 0.06114130434782609 0.12163561076604555
0 0.6504270186335404 0.2767857142857143 0.06055900621118013 0.114648033126294
0 0.359666149068323 0.6473861283643892 0.0671583850931677 0.1260351966873706
0 0.7119565217391305 0.3870341614906832 0.057065217391304345 0.1162008281573499
0 0.48777173913043476 0.6389751552795031 0.06444099378881987 0.12318840579710146
0 0.41944875776397517 0.4010093167701863 0.06677018633540373 0.1172360248447205
0 0.4244953416149068 0.6419513457556936 0.06638198757763975 0.125
0 0.5508540372670807 0.7541407867494824 0.0625 0.11956521739130435
0 0.5393051242236024 0.4001035196687371 0.05920031055900621 0.12060041407867494
0 0.35238742236024845 0.28131469979296064 0.06347049689440994 0.12060041407867494
0 0.6174301242236024 0.8696946169772257 0.06172360248447205 0.1306935817805383
0 0.5580357142857143 0.8770703933747412 0.06172360248447205 0.12784679089026915
0 0.5929736024844721 0.2817028985507246 0.059782608695652176 0.1162008281573499
0 0.6204386645962733 0.18103002070393376 0.08715062111801242 0.08514492753623189
0 0.35617236024844723 0.40139751552795033 0.06521739130434782 0.12060041407867494
0 0.42692158385093165 0.7637163561076604 0.06579968944099379 0.12422360248447205
0 0.6038431677018633 0.5156573498964804 0.0625 0.1203416149068323
0 0.6593555900621118 0.5075051759834368 0.05861801242236025 0.11801242236024845
0 0.6554736024844721 0.39117494824016563 0.059782608695652176 0.1162008281573499
0 0.7067158385093167 0.2726449275362319 0.05861801242236025 0.11413043478260869
0 0.4761257763975155 0.28209109730848864 0.06327639751552795 0.11801242236024845
0 0.6911878881987578 0.15773809523809523 0.07919254658385093 0.1182712215320911
0 0.49000388198757766 0.759575569358178 0.06541149068322981 0.12318840579710146
0 0.61034549689441 0.7492236024844721 0.06114130434782609 0.12008281573498965
0 0.6079192546583851 0.6322463768115942 0.0625 0.11956521739130435
0 0.48165760869565216 0.40165631469979296 0.06385869565217392 0.11853002070393374
0 0.5355201863354038 0.2802795031055901 0.06172360248447205 0.11853002070393374
0 0.5985054347826086 0.39751552795031053 0.06075310559006211 0.11594202898550725
0 0.5440605590062112 0.5182453416149069 0.06133540372670807 0.1182712215320911
0 0.7286490683229814 0.8500258799171843 0.05745341614906832 0.1281055900621118
0 0.5491071428571429 0.6361283643892339 0.06288819875776397 0.11904761904761904
0 0.7235054347826086 0.6159420289855072 0.058423913043478264 0.11853002070393374
0 0.4856366459627329 0.5188923395445134 0.06638198757763975 0.11956521739130435
0 0.673233695652174 0.8630952380952381 0.057259316770186336 0.13146997929606624
0 0.37820263975155277 0.1586438923395445 0.0673524844720497 0.12318840579710146