0 0.2880859375 0.8033854166666666 0.158203125 0.09895833333333333
0 0.2822265625 0.154296875 0.162109375 0.10546875
0 0.6259765625 0.7356770833333334 0.171875 0.09895833333333333
0 0.4521484375 0.8157552083333334 0.1640625 0.09765625
0 0.4482421875 0.6302083333333334 0.171875 0.1015625
0 0.6318359375 0.638671875 0.173828125 0.09765625
0 0.4541015625 0.5364583333333334 0.171875 0.1015625
0 0.45166015625 0.14192708333333334 0.1728515625 0.10677083333333333
0 0.2822265625 0.5325520833333334 0.162109375 0.1015625
0 0.28271484375 0.4388020833333333 0.1591796875 0.1015625
0 0.45166015625 0.724609375 0.1669921875 0.10026041666666667
0 0.6240234375 0.8294270833333334 0.173828125 0.09895833333333333
0 0.455078125 0.4420572916666667 0.173828125 0.10026041666666667
0 0.28271484375 0.6243489583333334 0.1591796875 0.10026041666666667
0 0.6328125 0.14453125 0.173828125 0.11197916666666667
0 0.634765625 0.4453125 0.17578125 0.10416666666666667
0 0.63671875 0.5436197916666666 0.17578125 0.10026041666666667
0 0.6376953125 0.248046875 0.173828125 0.10807291666666667
0 0.6376953125 0.34765625 0.173828125 0.10677083333333333
0 0.2822265625 0.7135416666666666 0.158203125 0.09635416666666667
0 0.45654296875 0.24348958333333334 0.1767578125 0.1015625
0 0.45654296875 0.34375 0.1728515625 0.1015625
0 0.28564453125 0.3470052083333333 0.1591796875 0.10026041666666667
0 0.28515625 0.2506510416666667 0.16015625 0.10286458333333333