0 0.5009765625 0.7057291666666666 0.1171875 0.18229166666666666
0 0.21435546875 0.8678385416666666 0.1357421875 0.19921875
0 0.35302734375 0.55078125 0.1396484375 0.14322916666666666
0 0.2646484375 0.2799479166666667 0.130859375 0.11979166666666667
0 0.26904296875 0.15950520833333334 0.1103515625 0.12630208333333334
0 0.3427734375 0.8658854166666666 0.1484375 0.203125
0 0.2353515625 0.6940104166666666 0.1484375 0.1484375
0 0.4814453125 0.14973958333333334 0.1015625 0.13020833333333334
0 0.75634765625 0.5514322916666666 0.1259765625 0.16796875
0 0.59375 0.14713541666666666 0.107421875 0.1328125
0 0.3720703125 0.6946614583333334 0.142578125 0.15234375
0 0.73193359375 0.2734375 0.1142578125 0.14322916666666666
0 0.62939453125 0.279296875 0.1103515625 0.14453125
0 0.2373046875 0.541015625 0.125 0.16276041666666666
0 0.48974609375 0.5494791666666666 0.1357421875 0.14322916666666666
0 0.61767578125 0.8763020833333334 0.1533203125 0.16927083333333334
0 0.46728515625 0.8802083333333334 0.1513671875 0.16927083333333334
0 0.38671875 0.2734375 0.125 0.11979166666666667
0 0.7578125 0.7122395833333334 0.1640625 0.15625
0 0.62646484375 0.546875 0.1416015625 0.14583333333333334
0 0.70556640625 0.14973958333333334 0.1279296875 0.11197916666666667
0 0.4765625 0.4069010416666667 0.109375 0.14973958333333334
0 0.37109375 0.15169270833333334 0.107421875 0.13151041666666666
0 0.73388671875 0.4095052083333333 0.1376953125 0.13151041666666666
0 0.59765625 0.412109375 0.130859375 0.13151041666666666
0 0.25537109375 0.3984375 0.1357421875 0.13020833333333334
0 0.5087890625 0.2760416666666667 0.125 0.125
0 0.7705078125 0.869140625 0.158203125 0.17317708333333334
0 0.61767578125 0.705078125 0.1240234375 0.18619791666666666
0 0.36966796875 0.4086328125 0.112529296875 0.15381510416666666