0 0.56298828125 0.84375 0.1083984375 0.21875
0 0.4609375 0.8424479166666666 0.103515625 0.21354166666666666
0 0.67041015625 0.84765625 0.1142578125 0.22135416666666666
0 0.662109375 0.6197916666666666 0.11328125 0.22135416666666666
0 0.654296875 0.3984375 0.1171875 0.2265625
0 0.44384765625 0.4192708333333333 0.1064453125 0.21354166666666666
0 0.36474609375 0.837890625 0.1005859375 0.20703125
0 0.3525390625 0.4244791666666667 0.099609375 0.20572916666666666
0 0.43798828125 0.11197916666666667 0.1650390625 0.15625
0 0.43798828125 0.248046875 0.1611328125 0.14973958333333334
0 0.60302734375 0.22395833333333334 0.1689453125 0.15104166666666666
0 0.763671875 0.380859375 0.12109375 0.23046875
0 0.27685546875 0.8326822916666666 0.0927734375 0.20182291666666666
0 0.783203125 0.8391927083333334 0.12109375 0.23307291666666666
0 0.546875 0.40625 0.11328125 0.21875
0 0.6025390625 0.08658854166666667 0.16796875 0.15755208333333334
0 0.77392578125 0.607421875 0.1181640625 0.22526041666666666
0 0.2880859375 0.2688802083333333 0.14453125 0.13932291666666666
0 0.2880859375 0.14322916666666666 0.14453125 0.14322916666666666
0 0.27099609375 0.630859375 0.0927734375 0.19921875
0 0.359375 0.630859375 0.099609375 0.20703125
0 0.45458984375 0.6263020833333334 0.1044921875 0.20833333333333334
0 0.74853515625 0.16015625 0.1201171875 0.23177083333333334
0 0.55517578125 0.6236979166666666 0.1083984375 0.21354166666666666
0 0.2646484375 0.4309895833333333 0.091796875 0.20052083333333334