0 0.703707298136646 0.8571428571428571 0.10034937888198758 0.13561076604554864
0 0.375097049689441 0.4183488612836439 0.07822204968944099 0.1400103519668737
0 0.3204580745341615 0.5486542443064182 0.08773291925465838 0.13250517598343686
0 0.7171001552795031 0.4375 0.10461956521739131 0.145703933747412
0 0.49446816770186336 0.8286749482401656 0.0921972049689441 0.13819875776397517
0 0.4098408385093168 0.5557712215320911 0.09297360248447205 0.1343167701863354
0 0.40702639751552794 0.6850414078674948 0.08928571428571429 0.13716356107660455
0 0.23563664596273293 0.5451604554865425 0.08540372670807453 0.1296583850931677
0 0.30104813664596275 0.4148550724637681 0.07725155279503106 0.13716356107660455
0 0.49747670807453415 0.6975931677018633 0.09394409937888198 0.1415631469979296
0 0.31657608695652173 0.8018892339544513 0.08618012422360248 0.13121118012422361
0 0.655376552795031 0.13677536231884058 0.08715062111801242 0.15502070393374742
0 0.6234472049689441 0.4372412008281574 0.08579192546583851 0.145703933747412
0 0.4050854037267081 0.8137939958592133 0.0888975155279503 0.13535196687370601
0 0.2294254658385093 0.4148550724637681 0.07181677018633541 0.13509316770186336
0 0.59472049689441 0.8432971014492754 0.09549689440993789 0.1389751552795031
0 0.5700698757763976 0.13302277432712215 0.08734472049689442 0.15579710144927536
0 0.7398097826086957 0.1348343685300207 0.08831521739130435 0.15734989648033126
0 0.4857336956521739 0.130175983436853 0.09103260869565218 0.15890269151138717
0 0.45273680124223603 0.421195652173913 0.08171583850931677 0.1446687370600414
0 0.593944099378882 0.7120859213250518 0.10131987577639752 0.1441511387163561
0 0.31211180124223603 0.1379399585921325 0.07996894409937888 0.14285714285714285
0 0.3172554347826087 0.67675983436853 0.09064440993788819 0.13457556935817805
0 0.2361218944099379 0.7885610766045549 0.07861024844720498 0.12836438923395446
0 0.5390139751552795 0.4297360248447205 0.09472049689440994 0.1431159420289855
0 0.7283579192546584 0.2890786749482402 0.09879658385093168 0.15424430641821946
0 0.234277950310559 0.6693840579710145 0.08035714285714286 0.12707039337474121
0 0.37538819875776397 0.27639751552795033 0.07802795031055901 0.14337474120082816
0 0.23146350931677018 0.2802795031055901 0.07239906832298136 0.13871635610766045
0 0.6333462732919255 0.2897256728778468 0.09472049689440994 0.1503623188405797
0 0.7089479813664596 0.7228260869565217 0.10229037267080746 0.13768115942028986
0 0.6000582298136646 0.578027950310559 0.10423136645962733 0.14673913043478262
0 0.30250388198757766 0.27756211180124224 0.07434006211180125 0.1420807453416149
0 0.5018439440993789 0.5643115942028986 0.09802018633540373 0.14363354037267081
0 0.7086568322981367 0.5825569358178054 0.08773291925465838 0.14544513457556935
0 0.2390333850931677 0.14130434782608695 0.07472826086956522 0.13819875776397517
0 0.3934394409937888 0.130564182194617 0.09937888198757763 0.15087991718426502
0 0.453319099378882 0.2774327122153209 0.08676242236024845 0.14440993788819875
0 0.546292701863354 0.28390269151138714 0.10229037267080746 0.14906832298136646