0 0.51806640625 0.650390625 0.0869140625 0.08203125
0 0.43310546875 0.6477864583333334 0.0830078125 0.08203125
0 0.341796875 0.3118489583333333 0.08203125 0.08203125
0 0.4296875 0.4817708333333333 0.0859375 0.0859375
0 0.3984375 0.3977864583333333 0.083984375 0.08463541666666667
0 0.4013671875 0.5638020833333334 0.083984375 0.08072916666666667
0 0.48681640625 0.8893229166666666 0.0830078125 0.08333333333333333
0 0.48388671875 0.5677083333333334 0.0869140625 0.08333333333333333
0 0.4267578125 0.3079427083333333 0.0859375 0.08723958333333333
0 0.57080078125 0.8984375 0.0869140625 0.08333333333333333
0 0.5166015625 0.4817708333333333 0.08984375 0.0859375
0 0.603515625 0.8203125 0.08984375 0.08333333333333333
0 0.701171875 0.3001302083333333 0.09765625 0.08984375
0 0.66259765625 0.7434895833333334 0.0927734375 0.0859375
0 0.69677734375 0.662109375 0.0927734375 0.08723958333333333
0 0.3251953125 0.7194010416666666 0.078125 0.07682291666666667
0 0.31640625 0.3990885416666667 0.083984375 0.08203125
0 0.60595703125 0.65625 0.0888671875 0.0859375
0 0.69873046875 0.4850260416666667 0.0947265625 0.08984375
0 0.517578125 0.8131510416666666 0.083984375 0.08203125
0 0.572265625 0.7369791666666666 0.087890625 0.0859375
0 0.57177734375 0.5696614583333334 0.0888671875 0.08723958333333333
0 0.6064453125 0.484375 0.091796875 0.08854166666666667
0 0.3203125 0.5625 0.080078125 0.08072916666666667
0 0.66259765625 0.5735677083333334 0.0927734375 0.08723958333333333
0 0.65869140625 0.9055989583333334 0.0888671875 0.08723958333333333
0 0.482421875 0.39453125 0.08984375 0.0859375
0 0.794921875 0.4876302083333333 0.09765625 0.08984375
0 0.40283203125 0.724609375 0.0810546875 0.08203125
0 0.791015625 0.6562630208333333 0.09765625 0.11196614583333332
0 0.32763671875 0.8704427083333334 0.0751953125 0.07942708333333333
0 0.4853515625 0.7311197916666666 0.083984375 0.08203125
0 0.798828125 0.29296875 0.1015625 0.09895833333333333
0 0.7724609375 0.3932291666666667 0.09765625 0.09375
0 0.751953125 0.9186197916666666 0.091796875 0.08723958333333333
0 0.56982421875 0.3951822916666667 0.0908203125 0.08463541666666667
0 0.66552734375 0.3932291666666667 0.0986328125 0.09375
0 0.607421875 0.2994791666666667 0.091796875 0.08854166666666667
0 0.51416015625 0.3033854166666667 0.0888671875 0.09114583333333333
0 0.78662109375 0.8170703125 0.0947265625 0.11846354166666667
0 0.6943359375 0.8294270833333334 0.091796875 0.0859375
0 0.75634765625 0.7532552083333334 0.0986328125 0.08984375
0 0.7587890625 0.5768229166666666 0.099609375 0.09114583333333333
0 0.435546875 0.8059895833333334 0.083984375 0.08072916666666667
0 0.40576171875 0.880859375 0.0810546875 0.08203125
0 0.34765625 0.4811197916666667 0.08203125 0.08203125
0 0.35302734375 0.6438802083333334 0.0810546875 0.07682291666666667
0 0.3564453125 0.7994791666666666 0.080078125 0.08072916666666667