0 0.5478515625 0.7298177083333334 0.09765625 0.10546875
0 0.6494140625 0.64453125 0.099609375 0.10416666666666667
0 0.48193359375 0.24348958333333334 0.0986328125 0.1015625
0 0.53466796875 0.9192708333333334 0.0986328125 0.10677083333333333
0 0.38330078125 0.5104166666666666 0.0732421875 0.12760416666666666
0 0.63134765625 0.931640625 0.1005859375 0.10807291666666667
0 0.486328125 0.11002604166666667 0.10546875 0.16796875
0 0.6376953125 0.837890625 0.099609375 0.10286458333333333
0 0.6552734375 0.5475260416666666 0.1015625 0.10546875
0 0.56591796875 0.4427083333333333 0.1005859375 0.1015625
0 0.64453125 0.7421875 0.1015625 0.10416666666666667
0 0.5576171875 0.5377604166666666 0.099609375 0.10416666666666667
0 0.4697265625 0.431640625 0.09765625 0.10546875
0 0.5419921875 0.8248697916666666 0.1015625 0.10026041666666667
0 0.67138671875 0.255859375 0.1005859375 0.10026041666666667
0 0.57763671875 0.25 0.0986328125 0.09895833333333333
0 0.666015625 0.3489583333333333 0.099609375 0.09375
0 0.30224609375 0.744140625 0.0712890625 0.12630208333333334
0 0.396484375 0.2643229166666667 0.07421875 0.125
0 0.4755859375 0.337890625 0.095703125 0.09244791666666667
0 0.552734375 0.6328125 0.099609375 0.10416666666666667
0 0.31884765625 0.3802083333333333 0.0732421875 0.125
0 0.4638671875 0.5286458333333334 0.09765625 0.10416666666666667
0 0.24267578125 0.6171875 0.0673828125 0.12239583333333333
0 0.24658203125 0.4993489583333333 0.0693359375 0.12369791666666667
0 0.32763671875 0.2604166666666667 0.0732421875 0.125
0 0.1708984375 0.72265625 0.068359375 0.125
0 0.5703125 0.3470052083333333 0.1015625 0.10026041666666667
0 0.18017578125 0.4889322916666667 0.0673828125 0.12109375
0 0.66259765625 0.4479166666666667 0.1005859375 0.10677083333333333
0 0.25048828125 0.3795572916666667 0.0712890625 0.12369791666666667
0 0.25830078125 0.2545572916666667 0.0732421875 0.12369791666666667
0 0.361328125 0.8743489583333334 0.072265625 0.13151041666666666
0 0.37744140625 0.6315104166666666 0.0732421875 0.12760416666666666
0 0.23388671875 0.7356770833333334 0.0712890625 0.125
0 0.30908203125 0.625 0.0732421875 0.125
0 0.38720703125 0.3873697916666667 0.0771484375 0.13151041666666666
0 0.45849609375 0.6236979166666666 0.0966796875 0.10416666666666667
0 0.17724609375 0.6061197916666666 0.0673828125 0.12369791666666667
0 0.1884765625 0.24934895833333334 0.0703125 0.12369791666666667
0 0.18408203125 0.369140625 0.0693359375 0.12369791666666667
0 0.6796875 0.12369791666666667 0.09375 0.16927083333333334
0 0.3134765625 0.50390625 0.072265625 0.125
0 0.44921875 0.810546875 0.099609375 0.10546875
0 0.27392578125 0.134765625 0.0712890625 0.12369791666666667
0 0.37060546875 0.7545572916666666 0.0732421875 0.12630208333333334
0 0.2021484375 0.12955729166666666 0.072265625 0.12369791666666667
0 0.58056640625 0.15494791666666666 0.0966796875 0.09895833333333333
0 0.4423828125 0.900390625 0.095703125 0.11067708333333333
0 0.3876953125 0.11783854166666667 0.099609375 0.16276041666666666
0 0.45556640625 0.7180989583333334 0.0947265625 0.10546875
0 0.29345703125 0.8619791666666666 0.0693359375 0.13020833333333334
0 0.22705078125 0.8541666666666666 0.0693359375 0.13020833333333334
0 0.16259765625 0.8385416666666666 0.0693359375 0.12760416666666666