0 0.39794921875 0.5071614583333334 0.1279296875 0.16536458333333334
0 0.6376953125 0.353515625 0.1171875 0.13671875
0 0.1328125 0.6783854166666666 0.15234375 0.1875
0 0.2626953125 0.6809895833333334 0.140625 0.1875
0 0.52099609375 0.5065104166666666 0.1220703125 0.16666666666666666
0 0.65380859375 0.6803385416666666 0.1357421875 0.18880208333333334
0 0.384765625 0.880859375 0.142578125 0.20703125
0 0.66552734375 0.8802083333333334 0.1396484375 0.2109375
0 0.39013671875 0.6829427083333334 0.1357421875 0.18880208333333334
0 0.52294921875 0.681640625 0.1279296875 0.18880208333333334
0 0.41162109375 0.21614583333333334 0.1123046875 0.13541666666666666
0 0.6474609375 0.50390625 0.126953125 0.16927083333333334
0 0.10986328125 0.875 0.1572265625 0.2109375
0 0.7294921875 0.21940104166666666 0.115234375 0.12630208333333334
0 0.1982421875 0.21744791666666666 0.12109375 0.1328125
0 0.4052734375 0.35546875 0.1171875 0.1484375
0 0.3046875 0.21809895833333334 0.115234375 0.12630208333333334
0 0.767578125 0.50390625 0.134765625 0.1640625
0 0.6259765625 0.22395833333333334 0.107421875 0.125
0 0.24755859375 0.8782552083333334 0.1513671875 0.21223958333333334
0 0.80029296875 0.875 0.1611328125 0.21354166666666666
0 0.51953125 0.21875 0.107421875 0.125
0 0.52490234375 0.880859375 0.1376953125 0.21223958333333334
0 0.4755859375 0.11783854166666667 0.111328125 0.08203125
0 0.24072265625 0.12565104166666666 0.1142578125 0.061197916666666664
0 0.7822265625 0.6764322916666666 0.138671875 0.18619791666666666
0 0.5234375 0.353515625 0.115234375 0.14713541666666666
0 0.3544921875 0.12369791666666667 0.111328125 0.06510416666666667
0 0.15576171875 0.5045572916666666 0.1396484375 0.16536458333333334
0 0.69970703125 0.12434895833333333 0.1162109375 0.08723958333333333
0 0.5859375 0.13020833333333334 0.107421875 0.0703125
0 0.1796875 0.3515625 0.12890625 0.14322916666666666
0 0.27685546875 0.5052083333333334 0.1337890625 0.16927083333333334
0 0.29345703125 0.353515625 0.1220703125 0.14453125
0 0.7490234375 0.3509114583333333 0.126953125 0.14453125