0 0.64404296875 0.7623697916666666 0.0673828125 0.12630208333333334
0 0.82666015625 0.73828125 0.0576171875 0.12760416666666666
0 0.2822265625 0.3821614583333333 0.08203125 0.14192708333333334
0 0.828125 0.4993489583333333 0.056640625 0.12630208333333334
0 0.64599609375 0.5110677083333334 0.0673828125 0.12630208333333334
0 0.3583984375 0.236328125 0.08203125 0.15234375
0 0.279296875 0.23502604166666666 0.083984375 0.15494791666666666
0 0.830078125 0.3782552083333333 0.056640625 0.12369791666666667
0 0.3623046875 0.3815104166666667 0.080078125 0.14322916666666666
0 0.43505859375 0.0859375 0.0986328125 0.16145833333333334
0 0.642578125 0.8828125 0.064453125 0.12760416666666666
0 0.5205078125 0.09375 0.080078125 0.15104166666666666
0 0.64990234375 0.638671875 0.0634765625 0.13151041666666666
0 0.33984375 0.1015625 0.1171875 0.1171875
0 0.43994140625 0.23893229166666666 0.0810546875 0.14973958333333334
0 0.8271484375 0.619140625 0.0546875 0.12369791666666667
0 0.43896484375 0.3860677083333333 0.0791015625 0.14453125
0 0.36474609375 0.7916666666666666 0.0771484375 0.1328125
0 0.7705078125 0.5052083333333334 0.060546875 0.125
0 0.29345703125 0.9251302083333334 0.0771484375 0.13671875
0 0.77197265625 0.3795572916666667 0.0576171875 0.12890625
0 0.82470703125 0.8619791666666666 0.0595703125 0.125
0 0.767578125 0.8684895833333334 0.064453125 0.13020833333333334
0 0.77099609375 0.2506510416666667 0.0595703125 0.12630208333333334
0 0.6220703125 0.12044270833333333 0.123046875 0.10807291666666667
0 0.509765625 0.904296875 0.0703125 0.12890625
0 0.57763671875 0.5169270833333334 0.0712890625 0.1328125
0 0.64892578125 0.244140625 0.0634765625 0.13671875
0 0.361328125 0.5227864583333334 0.080078125 0.14192708333333334
0 0.51171875 0.38671875 0.07421875 0.13802083333333334
0 0.7705078125 0.6282552083333334 0.060546875 0.12369791666666667
0 0.70556640625 0.8782552083333334 0.0634765625 0.13151041666666666
0 0.82861328125 0.2513020833333333 0.0576171875 0.12760416666666666
0 0.7119140625 0.3795572916666667 0.0625 0.13151041666666666
0 0.517578125 0.24283854166666666 0.07421875 0.14453125
0 0.64892578125 0.3802083333333333 0.0673828125 0.1328125
0 0.58447265625 0.6451822916666666 0.0693359375 0.13411458333333334
0 0.28857421875 0.7994791666666666 0.0771484375 0.13020833333333334
0 0.77001953125 0.7493489583333334 0.0595703125 0.12630208333333334
0 0.44091796875 0.9127604166666666 0.0712890625 0.12760416666666666
0 0.28466796875 0.5247395833333334 0.0791015625 0.14322916666666666
0 0.51220703125 0.78125 0.0732421875 0.13020833333333334
0 0.3671875 0.6614583333333334 0.078125 0.13541666666666666
0 0.513671875 0.654296875 0.072265625 0.13151041666666666
0 0.57861328125 0.8932291666666666 0.0673828125 0.13020833333333334
0 0.50927734375 0.5234375 0.0751953125 0.1328125
0 0.28857421875 0.666015625 0.0771484375 0.13932291666666666
0 0.70849609375 0.7545572916666666 0.0634765625 0.12890625
0 0.5859375 0.24283854166666666 0.06640625 0.14192708333333334
0 0.44091796875 0.787109375 0.0751953125 0.13151041666666666
0 0.7109375 0.6354166666666666 0.060546875 0.125
0 0.43603515625 0.5247395833333334 0.0771484375 0.13802083333333334
0 0.77685546875 0.11848958333333333 0.0615234375 0.13802083333333334
0 0.580078125 0.7734375 0.06640625 0.125
0 0.7109375 0.24544270833333334 0.0625 0.13411458333333334
0 0.705078125 0.109375 0.0859375 0.140625
0 0.36767578125 0.9186197916666666 0.0732421875 0.13151041666666666
0 0.70849609375 0.509765625 0.0634765625 0.12630208333333334
0 0.58056640625 0.3815104166666667 0.0693359375 0.13802083333333334
0 0.44140625 0.6592838541666667 0.072265625 0.12651041666666665