0 0.58447265625 0.5559895833333334 0.1044921875 0.13020833333333334
0 0.58740234375 0.4296875 0.1123046875 0.13020833333333334
0 0.1875 0.9309895833333334 0.1015625 0.10677083333333333
0 0.3642578125 0.171875 0.115234375 0.14583333333333334
0 0.8037109375 0.15104166666666666 0.103515625 0.13802083333333334
0 0.14013671875 0.318359375 0.1162109375 0.13671875
0 0.47802734375 0.4361979166666667 0.1064453125 0.13020833333333334
0 0.58642578125 0.2994791666666667 0.1103515625 0.13802083333333334
0 0.4775390625 0.3046875 0.107421875 0.13541666666666666
0 0.58642578125 0.16145833333333334 0.1103515625 0.13802083333333334
0 0.16455078125 0.7102864583333334 0.1103515625 0.12369791666666667
0 0.484375 0.6822916666666666 0.1015625 0.11979166666666667
0 0.26220703125 0.4446614583333333 0.1064453125 0.13151041666666666
0 0.25341796875 0.173828125 0.1142578125 0.13932291666666666
0 0.478515625 0.16796875 0.109375 0.13802083333333334
0 0.384765625 0.8098958333333334 0.1015625 0.12239583333333333
0 0.3701171875 0.4381510416666667 0.109375 0.13411458333333334
0 0.794921875 0.416015625 0.1015625 0.12890625
0 0.59033203125 0.8984375 0.1005859375 0.11458333333333333
0 0.47998046875 0.5631510416666666 0.1044921875 0.12630208333333334
0 0.796875 0.287109375 0.103515625 0.13151041666666666
0 0.69091796875 0.5494791666666666 0.1025390625 0.125
0 0.16015625 0.5865885416666666 0.111328125 0.12630208333333334
0 0.68701171875 0.66796875 0.0986328125 0.11979166666666667
0 0.78515625 0.66015625 0.099609375 0.11979166666666667
0 0.48388671875 0.7994791666666666 0.0986328125 0.11979166666666667
0 0.2578125 0.3118489583333333 0.111328125 0.13671875
0 0.6943359375 0.29296875 0.103515625 0.1328125
0 0.68701171875 0.8828125 0.0927734375 0.10677083333333333
0 0.37451171875 0.56640625 0.1064453125 0.1328125
0 0.58740234375 0.6796875 0.1005859375 0.11979166666666667
0 0.6953125 0.4244791666666667 0.1015625 0.13020833333333334
0 0.5849609375 0.7916666666666666 0.09765625 0.11458333333333333
0 0.78564453125 0.7734375 0.0966796875 0.11458333333333333
0 0.79052734375 0.541015625 0.0986328125 0.12369791666666667
0 0.68408203125 0.7805989583333334 0.0986328125 0.11328125
0 0.2685546875 0.5748697916666666 0.107421875 0.13151041666666666
0 0.3779296875 0.6881510416666666 0.107421875 0.12890625
0 0.2724609375 0.7005208333333334 0.107421875 0.125
0 0.49267578125 0.9069010416666666 0.0947265625 0.11067708333333333
0 0.7802734375 0.87890625 0.091796875 0.10677083333333333
0 0.39013671875 0.9134114583333334 0.0966796875 0.10807291666666667
0 0.279296875 0.818359375 0.111328125 0.11328125
0 0.1787109375 0.8248697916666666 0.107421875 0.11328125
0 0.69580078125 0.15625 0.1103515625 0.13802083333333334
0 0.1318359375 0.1796875 0.125 0.14322916666666666
0 0.2880859375 0.92578125 0.099609375 0.109375
0 0.1484375 0.4557291666666667 0.1171875 0.1328125
0 0.3681640625 0.3079427083333333 0.111328125 0.13671875