0 0.44384765625 0.4075520833333333 0.0634765625 0.10677083333333333
0 0.25390625 0.7096354166666666 0.05859375 0.10677083333333333
0 0.31640625 0.6100260416666666 0.060546875 0.10546875
0 0.490234375 0.8326822916666666 0.0625 0.10546875
0 0.3818359375 0.40625 0.0625 0.10677083333333333
0 0.671875 0.2610677083333333 0.06640625 0.11328125
0 0.5703125 0.6100260416666666 0.083984375 0.08463541666666667
0 0.5751953125 0.5260416666666666 0.083984375 0.0859375
0 0.5654296875 0.7727864583333334 0.080078125 0.08463541666666667
0 0.5634765625 0.8515625 0.08203125 0.0859375
0 0.66259765625 0.3619791666666667 0.0830078125 0.08854166666666667
0 0.65966796875 0.4485677083333333 0.0849609375 0.08463541666666667
0 0.34912109375 0.21614583333333334 0.0732421875 0.109375
0 0.6474609375 0.7766927083333334 0.083984375 0.08723958333333333
0 0.57763671875 0.443359375 0.0810546875 0.08723958333333333
0 0.44091796875 0.5130208333333334 0.0654296875 0.10677083333333333
0 0.2646484375 0.3990885416666667 0.060546875 0.10546875
0 0.64306640625 0.859375 0.0830078125 0.0859375
0 0.4267578125 0.3125 0.078125 0.08333333333333333
0 0.3212890625 0.505859375 0.0625 0.10546875
0 0.654296875 0.6139322916666666 0.083984375 0.08463541666666667
0 0.50244140625 0.517578125 0.0634765625 0.10807291666666667
0 0.3505859375 0.3118489583333333 0.078125 0.08203125
0 0.4296875 0.826171875 0.0625 0.10807291666666667
0 0.54443359375 0.22330729166666666 0.0673828125 0.11067708333333333
0 0.2763671875 0.21028645833333334 0.076171875 0.11328125
0 0.64892578125 0.697265625 0.0849609375 0.08723958333333333
0 0.369140625 0.8203125 0.060546875 0.10677083333333333
0 0.607421875 0.2623697916666667 0.064453125 0.11067708333333333
0 0.31298828125 0.712890625 0.0615234375 0.10807291666666667
0 0.4150390625 0.21744791666666666 0.0625 0.10677083333333333
0 0.5673828125 0.6927083333333334 0.083984375 0.0859375
0 0.4951171875 0.7298177083333334 0.0625 0.10807291666666667
0 0.5830078125 0.361328125 0.080078125 0.08723958333333333
0 0.380859375 0.51171875 0.0625 0.10677083333333333
0 0.5068359375 0.4127604166666667 0.06640625 0.10677083333333333
0 0.47802734375 0.21809895833333334 0.0673828125 0.11328125
0 0.3759765625 0.6171875 0.060546875 0.109375
0 0.26220703125 0.5032552083333334 0.0595703125 0.10286458333333333
0 0.43408203125 0.724609375 0.0615234375 0.10546875
0 0.435546875 0.6184895833333334 0.0625 0.10677083333333333
0 0.322265625 0.4036458333333333 0.0625 0.10416666666666667
0 0.4970703125 0.6243489583333334 0.064453125 0.11067708333333333
0 0.24951171875 0.810546875 0.0556640625 0.10026041666666667
0 0.50697265625 0.31807291666666665 0.084248046875 0.0878125
0 0.65673828125 0.53125 0.0830078125 0.0859375
0 0.2568359375 0.60546875 0.05859375 0.1015625
0 0.3076171875 0.8170572916666666 0.060546875 0.10286458333333333
0 0.3740234375 0.71875 0.060546875 0.10416666666666667
0 0.2744140625 0.306640625 0.076171875 0.08463541666666667