0 0.63134765625 0.705078125 0.1064453125 0.13932291666666666
0 0.4150390625 0.70703125 0.107421875 0.140625
0 0.1826171875 0.2630208333333333 0.115234375 0.15364583333333334
0 0.18798828125 0.4173177083333333 0.1142578125 0.15234375
0 0.5322265625 0.2669270833333333 0.111328125 0.15625
0 0.298828125 0.4173177083333333 0.111328125 0.14973958333333334
0 0.75927734375 0.2662760416666667 0.1103515625 0.15234375
0 0.41015625 0.4173177083333333 0.111328125 0.14973958333333334
0 0.3046875 0.5657552083333334 0.111328125 0.14713541666666666
0 0.31103515625 0.8489583333333334 0.1083984375 0.13802083333333334
0 0.41259765625 0.263671875 0.1142578125 0.15494791666666666
0 0.29833984375 0.2643229166666667 0.1142578125 0.15364583333333334
0 0.1923828125 0.5657552083333334 0.111328125 0.14713541666666666
0 0.3046875 0.7102864583333334 0.109375 0.14453125
0 0.53515625 0.41796875 0.111328125 0.1484375
0 0.7529296875 0.7044270833333334 0.107421875 0.140625
0 0.41455078125 0.5638020833333334 0.1103515625 0.14583333333333334
0 0.74658203125 0.8391927083333334 0.1044921875 0.13411458333333334
0 0.2041015625 0.8489583333333334 0.109375 0.13802083333333334
0 0.642578125 0.8424479166666666 0.103515625 0.13802083333333334
0 0.759765625 0.4166666666666667 0.111328125 0.1484375
0 0.6474609375 0.267578125 0.111328125 0.15234375
0 0.41748046875 0.8450520833333334 0.1044921875 0.13541666666666666
0 0.19775390625 0.7096354166666666 0.1103515625 0.14322916666666666
0 0.6474609375 0.41796875 0.111328125 0.1484375
0 0.76220703125 0.11002604166666667 0.1083984375 0.15755208333333334
0 0.6494140625 0.11197916666666667 0.111328125 0.15625
0 0.53173828125 0.11002604166666667 0.1142578125 0.15755208333333334
0 0.64013671875 0.5625 0.1181640625 0.14322916666666666
0 0.5283203125 0.5631510416666666 0.107421875 0.14453125
0 0.7568359375 0.5618489583333334 0.109375 0.14453125
0 0.5380859375 0.8444010416666666 0.10546875 0.13932291666666666
0 0.18310546875 0.10677083333333333 0.1201171875 0.16145833333333334
0 0.5224609375 0.7057291666666666 0.107421875 0.14322916666666666
0 0.4150390625 0.10677083333333333 0.11328125 0.15885416666666666
0 0.2978515625 0.10677083333333333 0.12109375 0.16145833333333334