0 0.24267578125 0.8483072916666666 0.1806640625 0.21484375
0 0.2578125 0.47265625 0.154296875 0.16927083333333334
0 0.72119140625 0.8684895833333334 0.1513671875 0.20572916666666666
0 0.71240234375 0.3639322916666667 0.1435546875 0.15234375
0 0.5693359375 0.505859375 0.1484375 0.16276041666666666
0 0.7216796875 0.6829427083333334 0.150390625 0.17578125
0 0.71435546875 0.5188802083333334 0.1416015625 0.16276041666666666
0 0.41552734375 0.4889322916666667 0.1533203125 0.17057291666666666
0 0.40869140625 0.85546875 0.1689453125 0.2109375
0 0.57177734375 0.6731770833333334 0.1552734375 0.1796875
0 0.443359375 0.20052083333333334 0.13671875 0.15885416666666666
0 0.279296875 0.3170572916666667 0.158203125 0.16015625
0 0.42236328125 0.3365885416666667 0.1455078125 0.16276041666666666
0 0.5693359375 0.8619791666666666 0.15234375 0.20572916666666666
0 0.57470703125 0.21419270833333334 0.1337890625 0.14713541666666666
0 0.41259765625 0.662109375 0.1591796875 0.20182291666666666
0 0.69921875 0.22591145833333334 0.125 0.13932291666666666
0 0.30712890625 0.17546874999999998 0.1474609375 0.1594921875
0 0.24951171875 0.6490885416666666 0.1748046875 0.20182291666666666
0 0.572265625 0.3541666666666667 0.146484375 0.15364583333333334