0 0.4498253105590062 0.6044254658385093 0.11432453416149069 0.1374223602484472
0 0.5581327639751553 0.3589544513457557 0.10229037267080746 0.11335403726708075
0 0.5861801242236024 0.9035973084886129 0.13082298136645962 0.17054865424430643
0 0.31570263975155277 0.9147256728778468 0.13489906832298137 0.17003105590062112
0 0.7153532608695652 0.8954451345755694 0.1329580745341615 0.17132505175983437
0 0.4468167701863354 0.7494824016563147 0.12267080745341614 0.15527950310559005
0 0.6839091614906833 0.5940734989648033 0.11510093167701864 0.1400103519668737
0 0.640236801242236 0.22192028985507245 0.10888975155279502 0.1581262939958592
0 0.5411490683229814 0.2247670807453416 0.1048136645962733 0.1570910973084886
0 0.43788819875776397 0.22437888198757763 0.09704968944099379 0.15631469979296067
0 0.5773486024844721 0.7474120082815735 0.12441770186335403 0.15424430641821946
0 0.5671583850931677 0.4726966873706004 0.11218944099378882 0.1224120082815735
0 0.4503105590062112 0.9107142857142857 0.13004658385093168 0.17391304347826086
0 0.6698369565217391 0.46765010351966874 0.11063664596273291 0.12163561076604555
0 0.3174495341614907 0.7506469979296067 0.1314052795031056 0.161231884057971
0 0.656055900621118 0.3533902691511387 0.1063664596273292 0.11154244306418219
0 0.6990489130434783 0.7379658385093167 0.12752329192546583 0.16071428571428573
0 0.4567158385093168 0.4756728778467909 0.11296583850931677 0.12318840579710146
0 0.1654697204968944 0.5934265010351967 0.20050465838509315 0.15113871635610765
0 0.5699728260869565 0.6022256728778468 0.12635869565217392 0.14026915113871635
0 0.3560753105590062 0.359472049689441 0.10190217391304347 0.11645962732919254
0 0.14673913043478262 0.7478002070393375 0.21972049689440995 0.17313664596273293
0 0.4575892857142857 0.359860248447205 0.10306677018633541 0.11568322981366459
0 0.3466614906832298 0.47929606625258797 0.10986024844720498 0.12474120082815734
0 0.13654891304347827 0.9148550724637681 0.23000776397515527 0.16925465838509315
0 0.3089091614906832 0.21622670807453417 0.10190217391304347 0.1679606625258799
0 0.17905667701863354 0.45820393374741203 0.18225931677018634 0.1337991718426501
0 0.19972826086956522 0.20212215320910973 0.1172360248447205 0.15631469979296067
0 0.20021350931677018 0.35027691511387166 0.1795419254658385 0.14568840579710146
0 0.32472826086956524 0.6059782608695652 0.12732919254658384 0.1358695652173913