0 0.42604813664596275 0.9006211180124224 0.04697204968944099 0.06987577639751552
0 0.6631405279503105 0.7531055900621118 0.04988354037267081 0.07401656314699794
0 0.7110830745341615 0.677536231884058 0.04871894409937888 0.07453416149068323
0 0.4718555900621118 0.827639751552795 0.046583850931677016 0.07246376811594203
0 0.6065605590062112 0.38884575569358176 0.04930124223602485 0.07324016563146998
0 0.6073369565217391 0.31638198757763975 0.04813664596273292 0.07427536231884058
0 0.6984666149068323 0.23887163561076605 0.05920031055900621 0.07039337474120083
0 0.5204774844720497 0.9006211180124224 0.048330745341614904 0.07194616977225674
0 0.5193128881987578 0.8269927536231884 0.048330745341614904 0.07375776397515528
0 0.47146739130434784 0.2515527950310559 0.05357142857142857 0.07505175983436853
0 0.6436335403726708 0.24262422360248448 0.05124223602484472 0.07220496894409938
0 0.4730201863354037 0.8999741200828157 0.04736024844720497 0.07116977225672878
0 0.7077833850931677 0.5293737060041408 0.04871894409937888 0.07479296066252587
0 0.6623641304347826 0.6798654244306418 0.04871894409937888 0.07453416149068323
0 0.3325892857142857 0.9006211180124224 0.04638975155279503 0.06987577639751552
0 0.4701086956521739 0.6840062111801242 0.04813664596273292 0.07194616977225674
0 0.2841614906832298 0.6172360248447205 0.045419254658385096 0.07039337474120083
0 0.27688276397515527 0.265139751552795 0.055318322981366456 0.07324016563146998
0 0.4205163043478261 0.2576345755693582 0.04755434782608696 0.06961697722567288
0 0.47107919254658387 0.7554347826086957 0.047748447204968944 0.07194616977225674
0 0.7102096273291926 0.6041666666666666 0.049689440993788817 0.07375776397515528
0 0.703998447204969 0.3093944099378882 0.049689440993788817 0.07479296066252587
0 0.5592973602484472 0.31741718426501037 0.04871894409937888 0.07427536231884058
0 0.42459239130434784 0.8295807453416149 0.04677795031055901 0.07220496894409938
0 0.7125388198757764 0.7510351966873706 0.048524844720496896 0.07453416149068323
0 0.5114518633540373 0.3216873706004141 0.04736024844720497 0.07298136645962733
0 0.6179153726708074 0.901656314699793 0.048330745341614904 0.07349896480331262
0 0.5138781055900621 0.5386904761904762 0.048330745341614904 0.07272256728778467
0 0.6551824534161491 0.3136645962732919 0.04871894409937888 0.07246376811594203
0 0.28639363354037267 0.8286749482401656 0.044060559006211183 0.07039337474120083
0 0.6146156832298136 0.7550465838509317 0.04871894409937888 0.07272256728778467
0 0.5691964285714286 0.900103519668737 0.04794254658385093 0.07246376811594203
0 0.2845496894409938 0.7573757763975155 0.044642857142857144 0.07065217391304347
0 0.7072981366459627 0.45639233954451347 0.04891304347826087 0.07427536231884058
0 0.2838703416149068 0.6865942028985508 0.045225155279503104 0.06884057971014493
0 0.32705745341614906 0.2650103519668737 0.04580745341614907 0.06987577639751552
0 0.6173330745341615 0.8273809523809523 0.04871894409937888 0.07453416149068323
0 0.5586180124223602 0.3906573498964803 0.04930124223602485 0.07375776397515528
0 0.5108695652173914 0.3936335403726708 0.046583850931677016 0.07246376811594203
0 0.6586762422360248 0.4587215320910973 0.04871894409937888 0.07427536231884058
0 0.609472049689441 0.4614389233954451 0.04930124223602485 0.07142857142857142
0 0.42294254658385094 0.6850414078674948 0.04736024844720497 0.07194616977225674
0 0.5918090062111802 0.24301242236024845 0.049689440993788817 0.07453416149068323
0 0.6549883540372671 0.38599896480331264 0.04949534161490683 0.07324016563146998
0 0.42245729813664595 0.6145186335403726 0.047166149068322984 0.07065217391304347
0 0.7045807453416149 0.38250517598343686 0.049689440993788817 0.07401656314699794
0 0.46467391304347827 0.32518115942028986 0.04736024844720497 0.07220496894409938
0 0.5345496894409938 0.24650621118012422 0.055900621118012424 0.07582815734989648
0 0.37082686335403725 0.3326863354037267 0.04444875776397515 0.07013457556935818
0 0.3764557453416149 0.6864648033126294 0.046001552795031056 0.07013457556935818
0 0.6611995341614907 0.6064958592132506 0.04871894409937888 0.07427536231884058
0 0.3731560559006211 0.2628105590062112 0.046001552795031056 0.06961697722567288
0 0.4240100931677019 0.7571169772256728 0.047166149068322984 0.07220496894409938
0 0.5183423913043478 0.754399585921325 0.048330745341614904 0.07194616977225674
0 0.6598408385093167 0.5323498964803313 0.04871894409937888 0.07453416149068323
0 0.37936723602484473 0.9006211180124224 0.046001552795031056 0.06987577639751552
0 0.5168866459627329 0.6106366459627329 0.04930124223602485 0.07168737060041408
0 0.28037655279503104 0.3364389233954451 0.046001552795031056 0.06935817805383022
0 0.3298718944099379 0.6880175983436853 0.04638975155279503 0.07065217391304347
0 0.46651785714285715 0.5429606625258799 0.048330745341614904 0.07660455486542443
0 0.6142274844720497 0.6818064182194618 0.04871894409937888 0.07272256728778467
0 0.4174107142857143 0.32828674948240166 0.047166149068322984 0.07116977225672878
0 0.28367624223602483 0.546583850931677 0.04444875776397515 0.07091097308488613
0 0.28726708074534163 0.8979037267080745 0.043478260869565216 0.07168737060041408
0 0.3784937888198758 0.8300983436853002 0.04736024844720497 0.07116977225672878
0 0.5128105590062112 0.4663561076604555 0.04619565217391304 0.07401656314699794
0 0.6657608695652174 0.8264751552795031 0.04930124223602485 0.07427536231884058
0 0.374805900621118 0.5460662525879917 0.045419254658385096 0.07039337474120083
0 0.33200698757763975 0.8307453416149069 0.04638975155279503 0.07039337474120083
0 0.5661878881987578 0.7545289855072463 0.047748447204968944 0.07220496894409938
0 0.4641886645962733 0.39712732919254656 0.048330745341614904 0.07220496894409938
0 0.37606754658385094 0.6160714285714286 0.04638975155279503 0.07116977225672878
0 0.5178571428571429 0.682324016563147 0.047748447204968944 0.07220496894409938
0 0.32589285714285715 0.33462732919254656 0.045419254658385096 0.06987577639751552
0 0.280958850931677 0.40566770186335405 0.044060559006211183 0.07065217391304347
0 0.3307453416149068 0.7591873706004141 0.046583850931677016 0.07168737060041408
0 0.4189635093167702 0.47192028985507245 0.04677795031055901 0.07013457556935818
0 0.6127717391304348 0.6084368530020704 0.04930124223602485 0.07298136645962733
0 0.37111801242236025 0.4030771221532091 0.04503105590062112 0.0721972049689441
0 0.6672166149068323 0.900103519668737 0.04871894409937888 0.07349896480331262
0 0.5606560559006211 0.4626035196687371 0.049107142857142856 0.07272256728778467
0 0.5650232919254659 0.6085662525879917 0.04813664596273292 0.07324016563146998
0 0.41983695652173914 0.5428312629399586 0.04503105590062112 0.07168737060041408
0 0.561917701863354 0.5355848861283644 0.049689440993788817 0.07324016563146998
0 0.5657996894409938 0.681935817805383 0.048524844720496896 0.07298136645962733
0 0.37771739130434784 0.7580227743271222 0.04736024844720497 0.07142857142857142
0 0.4659355590062112 0.4690734989648033 0.04755434782608696 0.07168737060041408
0 0.328610248447205 0.5471014492753623 0.046583850931677016 0.06987577639751552
0 0.6108307453416149 0.5339026915113871 0.05124223602484472 0.07505175983436853
0 0.281735248447205 0.47554347826086957 0.04444875776397515 0.07065217391304347
0 0.3264751552795031 0.40540890269151136 0.045419254658385096 0.07065217391304347
0 0.41682841614906835 0.3991977225672878 0.04638975155279503 0.07065217391304347
0 0.3266692546583851 0.4758022774327122 0.045419254658385096 0.07013457556935818
0 0.46952639751552794 0.6130978260869566 0.047748447204968944 0.06883540372670809
0 0.3300659937888199 0.6172360248447205 0.046001552795031056 0.06987577639751552
0 0.7159355590062112 0.8984239130434784 0.04794254658385093 0.07323498964803313
0 0.5684200310559007 0.828027950310559 0.048330745341614904 0.07324016563146998
0 0.7143827639751553 0.82504917184265 0.048330745341614904 0.07401397515527951
0 0.37267080745341613 0.47528467908902694 0.04813664596273292 0.06909679089026916