0 0.20865683229813664 0.4231366459627329 0.12577639751552794 0.16407867494824016
0 0.31647903726708076 0.5953674948240165 0.1282996894409938 0.18090062111801242
0 0.19332298136645962 0.5958850931677019 0.13159937888198758 0.181935817805383
0 0.7161296583850931 0.41653726708074534 0.13684006211180125 0.16485507246376813
0 0.5915178571428571 0.42106625258799174 0.13722826086956522 0.16873706004140787
0 0.7110830745341615 0.26048136645962733 0.12597049689440995 0.1498447204968944
0 0.3359860248447205 0.42132505175983437 0.14673913043478262 0.16666666666666666
0 0.47923136645962733 0.7827380952380952 0.12732919254658384 0.19694616977225674
0 0.18944099378881987 0.7837732919254659 0.1420807453416149 0.19642857142857142
0 0.8717003105590062 0.6230590062111802 0.1545031055900621 0.1586438923395445
0 0.6056871118012422 0.5904503105590062 0.13373447204968944 0.18607660455486544
0 0.7311723602484472 0.5878623188405797 0.13354037267080746 0.18141821946169773
0 0.6145186335403726 0.7788561076604554 0.14440993788819875 0.19953416149068323
0 0.33501552795031053 0.7823498964803313 0.16187888198757763 0.19824016563146998
0 0.5969526397515528 0.26319875776397517 0.13024068322981366 0.15217391304347827
0 0.8571428571428571 0.47217908902691513 0.14013975155279504 0.1462215320910973
0 0.3455939440993789 0.26319875776397517 0.140722049689441 0.15476190476190477
0 0.8855784161490683 0.7829968944099379 0.16362577639751552 0.16174948240165632
0 0.828027950310559 0.20833333333333334 0.13354037267080746 0.13354037267080746
0 0.2218555900621118 0.26721014492753625 0.11840062111801242 0.1498447204968944
0 0.46651785714285715 0.42598343685300205 0.12247670807453416 0.17546583850931677
0 0.48049301242236025 0.2686335403726708 0.10034937888198758 0.15890269151138717
0 0.843458850931677 0.33488612836438925 0.1391692546583851 0.13975155279503104
0 0.4396350931677019 0.5967908902691511 0.13043478260869565 0.18064182194616976
0 0.7440799689440993 0.7779451345755694 0.13800465838509315 0.20236801242236027