0 0.68408203125 0.20052083333333334 0.1123046875 0.125
0 0.56591796875 0.4557291666666667 0.1181640625 0.125
0 0.58447265625 0.5755208333333334 0.1142578125 0.12239583333333333
0 0.37353515625 0.6848958333333334 0.1201171875 0.13541666666666666
0 0.6640625 0.7194010416666666 0.115234375 0.11848958333333333
0 0.27392578125 0.2845052083333333 0.1181640625 0.13151041666666666
0 0.388671875 0.2981770833333333 0.1171875 0.13020833333333334
0 0.4609375 0.4368489583333333 0.099609375 0.15494791666666666
0 0.3583984375 0.5625 0.1171875 0.125
0 0.259765625 0.6666666666666666 0.119140625 0.12239583333333333
0 0.57275390625 0.19205729166666666 0.1142578125 0.12630208333333334
0 0.376953125 0.15626302083333335 0.099609375 0.1614453125
0 0.43408203125 0.8196614583333334 0.1181640625 0.12369791666666667
0 0.47607421875 0.6946614583333334 0.0966796875 0.14713541666666666
0 0.6044921875 0.3287760416666667 0.091796875 0.14713541666666666
0 0.24365234375 0.7920052083333333 0.0927734375 0.14776041666666667
0 0.47119140625 0.568359375 0.1142578125 0.11848958333333333
0 0.67919921875 0.4674479166666667 0.1083984375 0.11979166666666667
0 0.470458984375 0.16244791666666666 0.10107421875 0.16468750000000001
0 0.3701171875 0.4322916666666667 0.099609375 0.15364583333333334
0 0.6826171875 0.5944010416666666 0.09375 0.14192708333333334
0 0.50341796875 0.3131510416666667 0.1201171875 0.13932291666666666
0 0.333984375 0.7994921875 0.09375 0.1458203125
0 0.26220703125 0.5338671875 0.1162109375 0.15102864583333334
0 0.56640625 0.7018229166666666 0.09375 0.14322916666666666
0 0.658203125 0.83203125 0.111328125 0.12239583333333333
0 0.28125 0.14454427083333335 0.1015625 0.16404947916666665
0 0.27099609375 0.4055989583333333 0.1181640625 0.13151041666666666
0 0.69287109375 0.3365885416666667 0.0888671875 0.14973958333333334
0 0.546875 0.8294270833333334 0.11328125 0.11979166666666667