0 0.628125 0.53125 0.09791666666666667 0.08125
0 0.5302083333333333 0.530078125 0.09791666666666667 0.08203125
0 0.6255208333333333 0.691015625 0.09479166666666666 0.08046875
0 0.5270833333333333 0.690625 0.1 0.08125
0 0.4317708333333333 0.276171875 0.10520833333333333 0.09140625
0 0.425 0.362890625 0.1 0.08828125
0 0.42916666666666664 0.690625 0.09791666666666667 0.08125
0 0.32447916666666665 0.363671875 0.10104166666666667 0.08671875
0 0.32916666666666666 0.690625 0.1 0.0796875
0 0.3255208333333333 0.27734375 0.10520833333333333 0.0890625
0 0.6307291666666667 0.367578125 0.10104166666666667 0.08671875
0 0.22604166666666667 0.5296875 0.1 0.0828125
0 0.5447916666666667 0.2828125 0.11875 0.0828125
0 0.3255208333333333 0.448828125 0.10104166666666667 0.08359375
0 0.22864583333333333 0.691015625 0.09895833333333333 0.08203125
0 0.5296875 0.61015625 0.096875 0.08125
0 0.5291666666666667 0.366015625 0.10416666666666667 0.08671875
0 0.225 0.448046875 0.1 0.08359375
0 0.43125 0.53046875 0.1 0.0828125
0 0.5265625 0.44921875 0.09895833333333333 0.0828125
0 0.7317708333333334 0.366796875 0.10104166666666667 0.08671875
0 0.6265625 0.45078125 0.10104166666666667 0.0828125
0 0.7255208333333333 0.45078125 0.10104166666666667 0.0828125
0 0.4270833333333333 0.4484375 0.10416666666666667 0.084375
0 0.6260416666666667 0.611328125 0.09791666666666667 0.08203125
0 0.43072916666666666 0.610546875 0.09895833333333333 0.08203125
0 0.2296875 0.610546875 0.09895833333333333 0.08046875
0 0.7166666666666667 0.280078125 0.12291666666666666 0.08828125
0 0.7223958333333333 0.690625 0.09479166666666666 0.0796875
0 0.3302083333333333 0.61171875 0.1 0.08125
0 0.22447916666666667 0.36328125 0.10104166666666667 0.0859375
0 0.7234375 0.61171875 0.096875 0.0796875
0 0.22239583333333332 0.2765625 0.10104166666666667 0.0890625
0 0.3302083333333333 0.530859375 0.10208333333333333 0.08203125
0 0.7264895833333332 0.5329921875 0.0988125 0.07915625