0 0.11129568106312292 0.785 0.0946843853820598 0.13125
0 0.6449335548172758 0.6821875 0.12043189368770764 0.150625
0 0.41569767441860467 0.81 0.10714285714285714 0.1425
0 0.20764119601328904 0.7925 0.10132890365448505 0.135
0 0.20556478405315615 0.6609375 0.10215946843853821 0.136875
0 0.5269933554817275 0.8184375 0.11378737541528239 0.146875
0 0.3089700996677741 0.8009375 0.10465116279069768 0.138125
0 0.4161129568106312 0.67125 0.10631229235880399 0.14375
0 0.529485049833887 0.5325 0.11212624584717608 0.145
0 0.8708471760797342 0.1946875 0.13205980066445183 0.165625
0 0.6416112956810631 0.8296875 0.11710963455149502 0.151875
0 0.6490863787375415 0.535 0.12375415282392027 0.14875
0 0.5332225913621262 0.3875 0.11295681063122924 0.14875
0 0.5261627906976745 0.675625 0.11378737541528239 0.14625
0 0.3143687707641196 0.5296875 0.10548172757475083 0.138125
0 0.2101328903654485 0.52625 0.10299003322259136 0.135
0 0.30938538205980065 0.67 0.10714285714285714 0.14875
0 0.1117109634551495 0.5234375 0.09883720930232558 0.134375
0 0.3127076411960133 0.39 0.10382059800664452 0.14
0 0.6519933554817275 0.38375 0.1212624584717608 0.15375
0 0.10963455149501661 0.39 0.10132890365448505 0.135
0 0.20971760797342193 0.39125 0.10382059800664452 0.1375
0 0.41943521594684385 0.53125 0.1079734219269103 0.1375
0 0.4210963455149502 0.3884375 0.11461794019933555 0.144375
0 0.33596345514950166 0.1925 0.20348837209302326 0.09
0 0.14493355481727574 0.1971875 0.17026578073089702 0.089375
0 0.8093853820598007 0.8746875 0.2084717607973422 0.100625
0 0.8164451827242525 0.6975 0.2159468438538206 0.1
0 0.14285714285714285 0.28 0.1644518272425249 0.08625
0 0.31727574750830567 0.27625 0.17109634551495018 0.08875
0 0.5427740863787376 0.179375 0.20182724252491693 0.0925
0 0.8243355481727574 0.42125 0.21511627906976744 0.09875
0 0.8122923588039868 0.78625 0.21262458471760798 0.10125
0 0.821843853820598 0.5146875 0.21677740863787376 0.095625
0 0.5137043189368771 0.26875 0.20182724252491693 0.0925
0 0.8197674418604651 0.60625 0.21428571428571427 0.09625
0 0.8255813953488372 0.3271875 0.2159468438538206 0.101875
0 0.10963455149501661 0.6559375 0.0946843853820598 0.133125
0 0.7304817275747508 0.20625 0.13870431893687707 0.165