0 0.2546875 0.30546875 0.10729166666666666 0.1078125
0 0.2453125 0.705078125 0.10520833333333333 0.10078125
0 0.3546875 0.406640625 0.11145833333333334 0.10546875
0 0.45364583333333336 0.60625 0.10520833333333333 0.1
0 0.5786458333333333 0.507421875 0.140625 0.07109375
0 0.36302083333333335 0.30234375 0.10729166666666666 0.1109375
0 0.46822916666666664 0.304296875 0.11145833333333334 0.11015625
0 0.5739583333333333 0.576171875 0.13541666666666666 0.07265625
0 0.7078125 0.718359375 0.13229166666666667 0.07421875
0 0.3536458333333333 0.506640625 0.10729166666666666 0.10390625
0 0.46041666666666664 0.4078125 0.10833333333333334 0.103125
0 0.4552083333333333 0.507421875 0.10416666666666667 0.10078125
0 0.25104166666666666 0.40703125 0.10208333333333333 0.1015625
0 0.7192708333333333 0.438671875 0.13645833333333332 0.06328125
0 0.24947916666666667 0.60625 0.10104166666666667 0.1015625
0 0.35 0.705859375 0.10625 0.10078125
0 0.5723958333333333 0.717578125 0.13645833333333332 0.07265625
0 0.35 0.60625 0.10625 0.1
0 0.7072916666666667 0.5765625 0.1375 0.071875
0 0.7119791666666667 0.647265625 0.13645833333333332 0.07109375
0 0.58125 0.376171875 0.1375 0.07734375
0 0.7161458333333334 0.373046875 0.13645833333333332 0.07734375
0 0.5755208333333334 0.648046875 0.14270833333333333 0.07578125
0 0.7552083333333334 0.29375 0.05416666666666667 0.08125
0 0.6442708333333333 0.29375 0.051041666666666666 0.0859375
0 0.6979166666666666 0.29375 0.06041666666666667 0.08125
0 0.5807291666666666 0.443359375 0.14479166666666668 0.06328125
0 0.5442708333333334 0.2953125 0.051041666666666666 0.084375
0 0.59375 0.296875 0.05 0.084375
0 0.7166666666666667 0.50625 0.13333333333333333 0.0734375
0 0.25052083333333336 0.506640625 0.10520833333333333 0.10078125
0 0.45364583333333336 0.70546875 0.103125 0.1