0 0.18125 0.8375 0.146875 0.0859375
0 0.340625 0.82734375 0.1703125 0.1015625
0 0.1765625 0.75078125 0.1453125 0.08671875
0 0.33671875 0.72734375 0.17265625 0.09921875
0 0.1734375 0.66328125 0.14453125 0.0875
0 0.17265625 0.57578125 0.14375 0.0875
0 0.334375 0.6265625 0.17109375 0.09921875
0 0.16875 0.4875 0.14375 0.0875
0 0.33203125 0.52578125 0.17265625 0.10078125
0 0.3265625 0.425 0.17109375 0.1015625
0 0.51640625 0.828125 0.17421875 0.1
0 0.5109375 0.7265625 0.1734375 0.10234375
0 0.51484375 0.62421875 0.1734375 0.1015625
0 0.5109375 0.5234375 0.1734375 0.10078125
0 0.49921875 0.42109375 0.17265625 0.103125
0 0.31640625 0.321875 0.17109375 0.103125
0 0.4953125 0.3171875 0.17578125 0.10703125
0 0.69140625 0.8296875 0.178125 0.1015625
0 0.69921875 0.7265625 0.1796875 0.103125
0 0.86640625 0.51953125 0.17890625 0.1046875
0 0.6921875 0.521875 0.1796875 0.1046875
0 0.6890625 0.41796875 0.1796875 0.109375
0 0.68828125 0.31328125 0.1796875 0.1109375
0 0.3140625 0.2203125 0.171875 0.1015625
0 0.49765625 0.215625 0.17578125 0.10546875
0 0.68671875 0.21015625 0.17890625 0.10703125
0 0.875 0.8296875 0.165625 0.1046875
0 0.87421875 0.72578125 0.16328125 0.10234375
0 0.86796875 0.62109375 0.16484375 0.10390625
0 0.6859375 0.62421875 0.16640625 0.10390625
0 0.865625 0.4140625 0.16953125 0.1078125
0 0.86484375 0.309375 0.16875 0.10859375
0 0.86171875 0.2046875 0.1671875 0.10625
0 0.16328125 0.38125 0.13515625 0.128125
0 0.16171875 0.2515625 0.13046875 0.12890625