0 0.20546875 0.7109375 0.13046875 0.07578125
0 0.33828125 0.7078125 0.1296875 0.07578125
0 0.46640625 0.70546875 0.12890625 0.0765625
0 0.59609375 0.7015625 0.128125 0.0765625
0 0.725 0.7 0.128125 0.075
0 0.203125 0.63515625 0.13203125 0.075
0 0.334375 0.63203125 0.13125 0.07578125
0 0.465625 0.6296875 0.13046875 0.0765625
0 0.59453125 0.62734375 0.1296875 0.07578125
0 0.725 0.625 0.1328125 0.075
0 0.19765625 0.559375 0.13359375 0.07578125
0 0.33125 0.5578125 0.13046875 0.0765625
0 0.4625 0.55546875 0.13125 0.0765625
0 0.59375 0.55234375 0.13046875 0.078125
0 0.72421875 0.5484375 0.13046875 0.07734375
0 0.19453125 0.4828125 0.1359375 0.078125
0 0.328125 0.48125 0.134375 0.078125
0 0.4609375 0.47890625 0.13046875 0.078125
0 0.5921875 0.47578125 0.13125 0.0796875
0 0.72265625 0.4734375 0.13046875 0.078125
0 0.18828125 0.40390625 0.1390625 0.07890625
0 0.325 0.40234375 0.13671875 0.078125
0 0.459375 0.40078125 0.1328125 0.07890625
0 0.5921875 0.39921875 0.13359375 0.0796875
0 0.72265625 0.39765625 0.12890625 0.07734375
0 0.18359375 0.3234375 0.14140625 0.08046875
0 0.31953125 0.3234375 0.13671875 0.08046875
0 0.45546875 0.321875 0.13515625 0.08125
0 0.58984375 0.31953125 0.13359375 0.08125
0 0.72109375 0.3171875 0.13203125 0.08125
0 0.16953125 0.2296875 0.11484375 0.10546875
0 0.2828125 0.2296875 0.1125 0.10625
0 0.39765625 0.2296875 0.109375 0.1046875
0 0.5171875 0.228125 0.10625 0.10546875
0 0.625 0.228125 0.10390625 0.10390625
0 0.72890625 0.2265625 0.1109375 0.1078125