0 0.109375 0.82890625 0.18828125 0.109375
0 0.10703125 0.7140625 0.19140625 0.11796875
0 0.10859375 0.5984375 0.19140625 0.1140625
0 0.11015625 0.484375 0.1921875 0.1140625
0 0.3 0.83046875 0.1921875 0.1140625
0 0.2984375 0.71796875 0.19453125 0.1171875
0 0.30078125 0.603125 0.19296875 0.1140625
0 0.3015625 0.48984375 0.19375 0.1140625
0 0.1125 0.3734375 0.1890625 0.11328125
0 0.303125 0.37578125 0.19140625 0.11484375
0 0.49296875 0.83359375 0.1953125 0.11875
0 0.49140625 0.7171875 0.19453125 0.11484375
0 0.4921875 0.60234375 0.19453125 0.11484375
0 0.49375 0.4875 0.19296875 0.11328125
0 0.49453125 0.37421875 0.19375 0.1125
0 0.68515625 0.83515625 0.196875 0.11875
0 0.6859375 0.71796875 0.19765625 0.11484375
0 0.68671875 0.603125 0.196875 0.1140625
0 0.6875 0.48984375 0.19765625 0.1140625
0 0.68984375 0.37421875 0.19765625 0.115625
0 0.88046875 0.8375 0.19765625 0.1171875
0 0.88046875 0.72109375 0.196875 0.115625
0 0.88359375 0.60546875 0.19609375 0.11640625
0 0.88359375 0.490625 0.196875 0.11328125
0 0.88359375 0.37421875 0.1984375 0.11875
0 0.09453125 0.24453125 0.1515625 0.14609375
0 0.2453125 0.2453125 0.1515625 0.146875
0 0.3984375 0.2453125 0.153125 0.1453125
0 0.5671875 0.24296875 0.15703125 0.1453125
0 0.73125 0.24296875 0.1578125 0.14609375
0 0.90625 0.2421875 0.15703125 0.14609375
0 0.10859375 0.1296875 0.18515625 0.08671875
0 0.29609375 0.1296875 0.18984375 0.0875
0 0.48828125 0.12734375 0.19375 0.08828125
0 0.6921875 0.1265625 0.19765625 0.0875
0 0.89375 0.1234375 0.203125 0.08984375