0 0.25 0.5140625 0.053125 0.1984375
0 0.25390625 0.70625 0.05234375 0.19140625
0 0.253125 0.8953125 0.0515625 0.190625
0 0.38046875 0.728125 0.06953125 0.46328125
0 0.446875 0.72109375 0.06015625 0.46015625
0 0.51796875 0.72109375 0.0625 0.46640625
0 0.59375 0.73203125 0.034375 0.48203125
0 0.634375 0.7171875 0.04765625 0.45546875
0 0.69609375 0.7109375 0.06015625 0.4578125
0 0.2828125 0.06484375 0.07578125 0.08203125
0 0.2859375 0.146875 0.078125 0.0828125
0 0.2859375 0.23046875 0.078125 0.08359375
0 0.28828125 0.31171875 0.0765625 0.08828125
0 0.3625 0.13828125 0.071875 0.07421875
0 0.28828125 0.38515625 0.07578125 0.0625
0 0.3625 0.21875 0.07578125 0.07890625
0 0.36484375 0.3015625 0.0734375 0.07734375
0 0.36484375 0.3796875 0.07578125 0.07734375
0 0.45546875 0.44296875 0.09140625 0.090625
0 0.36796875 0.45625 0.0734375 0.06796875
0 0.30390625 0.51171875 0.05234375 0.1953125
0 0.309375 0.703125 0.0546875 0.19140625
0 0.31171875 0.89453125 0.0578125 0.19296875