0 0.603125 0.40625 0.06875 0.13046875
0 0.61328125 0.30703125 0.0453125 0.06796875
0 0.61875 0.2421875 0.0578125 0.06796875
0 0.6203125 0.17890625 0.05625 0.07578125
0 0.61875 0.1125 0.0578125 0.0640625
0 0.70859375 0.38671875 0.0828125 0.09375
0 0.70625 0.296875 0.08203125 0.0921875
0 0.28046875 0.85234375 0.06953125 0.05546875
0 0.27890625 0.79296875 0.0671875 0.0625
0 0.2890625 0.71875 0.07578125 0.08203125
0 0.28984375 0.63828125 0.07734375 0.084375
0 0.2890625 0.5546875 0.0765625 0.08046875
0 0.2890625 0.475 0.0765625 0.07734375
0 0.28671875 0.39453125 0.07734375 0.07734375
0 0.2859375 0.31328125 0.0765625 0.08125
0 0.2828125 0.22890625 0.07734375 0.08359375
0 0.28125 0.146875 0.07734375 0.08125
0 0.28125 0.06328125 0.0796875 0.08125
0 0.3671875 0.70625 0.07421875 0.09140625
0 0.3671875 0.62578125 0.07421875 0.08671875
0 0.365625 0.54140625 0.07265625 0.08203125
0 0.36640625 0.46640625 0.06953125 0.0875
0 0.3640625 0.384375 0.07265625 0.0859375
0 0.3625 0.3015625 0.0734375 0.084375
0 0.36015625 0.22109375 0.071875 0.0859375
0 0.3578125 0.1375 0.0734375 0.078125
0 0.35625 0.05625 0.075 0.08671875
0 0.42265625 0.171875 0.03046875 0.10234375
0 0.42734375 0.2703125 0.03046875 0.10078125
0 0.42890625 0.4390625 0.0328125 0.10390625
0 0.4375 0.34921875 0.05234375 0.0578125
0 0.44375 0.67421875 0.06796875 0.07421875
0 0.4421875 0.60234375 0.06640625 0.0703125
0 0.5078125 0.59765625 0.0640625 0.071875
0 0.50078125 0.52421875 0.06015625 0.0671875
0 0.4984375 0.45703125 0.05859375 0.071875
0 0.49375 0.40078125 0.05625 0.04140625
0 0.49296875 0.3390625 0.0546875 0.06328125
0 0.490625 0.28125 0.05234375 0.0671875
0 0.48515625 0.2234375 0.05703125 0.06328125
0 0.48046875 0.16484375 0.053125 0.0640625
0 0.54453125 0.3921875 0.0453125 0.0546875
0 0.546875 0.3265625 0.0515625 0.0640625
0 0.54609375 0.27109375 0.05390625 0.0546875
0 0.54140625 0.2140625 0.05546875 0.065625
0 0.53828125 0.14765625 0.053125 0.06953125
0 0.4390625 0.52734375 0.06015625 0.065625
0 0.59453125 0.5359375 0.04296875 0.12890625
0 0.715625 0.9453125 0.0859375 0.08828125
0 0.62890625 0.94609375 0.0828125 0.08984375
0 0.7125 0.853125 0.0859375 0.1015625
0 0.62578125 0.85703125 0.0859375 0.0875
0 0.70625 0.75703125 0.08359375 0.0953125
0 0.7078125 0.5703125 0.08359375 0.09375
0 0.7078125 0.48046875 0.07890625 0.08828125
0 0.621875 0.7640625 0.0828125 0.09921875
0 0.621875 0.66875 0.084375 0.08828125
0 0.546875 0.4484375 0.034375 0.06328125
0 0.5375 0.82265625 0.053125 0.05546875
0 0.5359375 0.76875 0.0546875 0.0515625
0 0.5328125 0.69765625 0.06328125 0.07578125
0 0.70859375 0.66171875 0.08828125 0.078125
0 0.346875 0.90859375 0.0640625 0.0609375
0 0.34765625 0.84921875 0.0640625 0.0609375
0 0.3453125 0.790625 0.06328125 0.0640625
0 0.4125 0.82890625 0.06015625 0.065625
0 0.4109375 0.76875 0.065625 0.0625
0 0.4109375 0.76953125 0.0640625 0.0609375
0 0.28125 0.91015625 0.06875 0.05234375
0 0.4078125 0.896875 0.06328125 0.07421875
0 0.47578125 0.84609375 0.06484375 0.05859375
0 0.47734375 0.78671875 0.06484375 0.06796875
0 0.4734375 0.9015625 0.059375 0.0515625
0 0.53515625 0.89140625 0.05703125 0.075