0 0.2796875 0.915625 0.06796875 0.06875
0 0.28046875 0.8546875 0.06484375 0.0546875
0 0.2796875 0.79140625 0.06484375 0.06875
0 0.28984375 0.71328125 0.0765625 0.078125
0 0.28984375 0.63515625 0.0765625 0.075
0 0.28984375 0.55703125 0.075 0.0828125
0 0.2890625 0.47578125 0.075 0.0859375
0 0.28671875 0.396875 0.0765625 0.08125
0 0.28515625 0.31640625 0.0765625 0.08359375
0 0.2828125 0.234375 0.078125 0.08828125
0 0.28046875 0.146875 0.0765625 0.08828125
0 0.2796875 0.065625 0.08125 0.0765625
0 0.3671875 0.7046875 0.075 0.08984375
0 0.3640625 0.6265625 0.07578125 0.0765625
0 0.36640625 0.55 0.078125 0.0828125
0 0.3640625 0.4625 0.075 0.0796875
0 0.3625 0.38359375 0.071875 0.078125
0 0.3625 0.29921875 0.0765625 0.08125
0 0.3609375 0.22109375 0.075 0.08515625
0 0.35859375 0.1375 0.07578125 0.07421875
0 0.3578125 0.0578125 0.07421875 0.08125
0 0.34765625 0.8484375 0.0640625 0.0671875
0 0.346875 0.78671875 0.065625 0.06796875
0 0.4109375 0.90234375 0.05546875 0.07421875
0 0.4109375 0.8296875 0.06015625 0.053125
0 0.409375 0.775 0.0625 0.06015625
0 0.4203125 0.17578125 0.03046875 0.09453125
0 0.42578125 0.26953125 0.03359375 0.09609375
0 0.42421875 0.44140625 0.03203125 0.1046875
0 0.43515625 0.34609375 0.059375 0.06328125
0 0.44296875 0.67734375 0.06484375 0.06875
0 0.440625 0.6 0.06484375 0.07421875
0 0.4390625 0.525 0.05546875 0.065625
0 0.5078125 0.6 0.06328125 0.06953125
0 0.70703125 0.38671875 0.08671875 0.090625
0 0.70546875 0.29921875 0.08125 0.08984375
0 0.70859375 0.48125 0.0828125 0.09375
0 0.60234375 0.40625 0.0671875 0.13046875
0 0.62109375 0.2421875 0.0578125 0.06015625
0 0.61953125 0.18125 0.0578125 0.06796875
0 0.61953125 0.11171875 0.0609375 0.07734375
0 0.54375 0.27109375 0.053125 0.0546875
0 0.54140625 0.215625 0.05703125 0.059375
0 0.53828125 0.1515625 0.053125 0.0625
0 0.49921875 0.52109375 0.05703125 0.07265625
0 0.496875 0.45703125 0.0578125 0.06015625
0 0.4921875 0.39609375 0.05078125 0.05625
0 0.490625 0.3421875 0.05234375 0.0609375
0 0.48984375 0.28359375 0.05 0.0625
0 0.48515625 0.22890625 0.059375 0.065625
0 0.48125 0.16875 0.05390625 0.0703125
0 0.59453125 0.5359375 0.04921875 0.12890625
0 0.70625 0.571875 0.0828125 0.090625
0 0.621875 0.66796875 0.084375 0.090625
0 0.7078125 0.7578125 0.08828125 0.09609375
0 0.70625 0.66640625 0.084375 0.090625
0 0.625 0.85546875 0.08671875 0.09609375
0 0.6203125 0.765625 0.08671875 0.09609375
0 0.7109375 0.84921875 0.08515625 0.09140625
0 0.62890625 0.946875 0.08359375 0.0921875
0 0.71640625 0.94453125 0.08828125 0.09296875
0 0.53515625 0.88984375 0.0578125 0.06953125
0 0.53671875 0.82421875 0.05390625 0.05625
0 0.5359375 0.7671875 0.05 0.05859375
0 0.53125 0.696875 0.05859375 0.08046875
0 0.47421875 0.840625 0.0671875 0.0515625
0 0.478125 0.78203125 0.06328125 0.0671875
0 0.34609375 0.909375 0.06640625 0.0625
0 0.47265625 0.9015625 0.06328125 0.0640625