0 0.2890625 0.1453125 0.07421875 0.084375
0 0.2875 0.0640625 0.075 0.0828125
0 0.37578125 0.6203125 0.06328125 0.08203125
0 0.37578125 0.540625 0.06953125 0.07890625
0 0.3734375 0.46328125 0.06875 0.075
0 0.371875 0.38359375 0.07578125 0.08203125
0 0.36875 0.30078125 0.07421875 0.08828125
0 0.36484375 0.22265625 0.07734375 0.07734375
0 0.3625 0.13828125 0.07734375 0.08671875
0 0.2921875 0.315625 0.07734375 0.0796875
0 0.28984375 0.23515625 0.07578125 0.078125
0 0.25546875 0.51171875 0.05234375 0.1890625
0 0.30859375 0.51328125 0.0515625 0.1921875
0 0.2609375 0.7015625 0.05390625 0.19375
0 0.3109375 0.7046875 0.05 0.19375
0 0.26171875 0.8984375 0.05625 0.19296875
0 0.3125 0.89921875 0.05234375 0.19140625
0 0.62421875 0.3078125 0.0640625 0.06328125
0 0.621875 0.2453125 0.059375 0.06875
0 0.62265625 0.1765625 0.0609375 0.05859375
0 0.625 0.1125 0.06171875 0.07578125
0 0.5625 0.31953125 0.059375 0.065625
0 0.5578125 0.25390625 0.059375 0.06796875
0 0.56015625 0.18828125 0.065625 0.06796875
0 0.5609375 0.1203125 0.0609375 0.07421875
0 0.47109375 0.27109375 0.05390625 0.06953125
0 0.46171875 0.20546875 0.05625 0.075
0 0.4609375 0.60078125 0.0921875 0.11015625
0 0.459375 0.5265625 0.09375 0.11875
0 0.4578125 0.44921875 0.09453125 0.109375
0 0.48671875 0.66484375 0.09765625 0.084375
0 0.5671875 0.6453125 0.0375 0.13828125
0 0.59765625 0.46640625 0.040625 0.1171875
0 0.63828125 0.465625 0.03671875 0.12734375
0 0.7078125 0.49765625 0.034375 0.128125
0 0.6703125 0.6203125 0.0421875 0.12265625
0 0.68359375 0.74453125 0.0453125 0.12578125
0 0.70703125 0.86015625 0.0328125 0.11015625
0 0.66171875 0.88515625 0.0578125 0.0734375
0 0.62578125 0.79609375 0.0421875 0.0828125
0 0.61875 0.72578125 0.0609375 0.07578125
0 0.61640625 0.64375 0.06640625 0.08046875
0 0.6125 0.565625 0.071875 0.07265625
0 0.475 0.77734375 0.259375 0.1265625
0 0.48359375 0.896875 0.25703125 0.13671875