0 0.28046875 0.10703125 0.0828125 0.0984375
0 0.3640625 0.09609375 0.08125 0.09609375
0 0.36796875 0.18984375 0.08046875 0.09453125
0 0.28359375 0.1984375 0.0828125 0.09296875
0 0.28671875 0.290625 0.08125 0.0890625
0 0.37578125 0.53984375 0.0796875 0.0953125
0 0.3734375 0.45703125 0.0828125 0.0796875
0 0.37265625 0.3703125 0.08203125 0.08828125
0 0.37109375 0.28046875 0.08125 0.0828125
0 0.29375 0.72890625 0.0828125 0.09140625
0 0.2921875 0.63828125 0.0828125 0.08125
0 0.29140625 0.55546875 0.08203125 0.090625
0 0.28984375 0.4703125 0.0859375 0.0859375
0 0.2890625 0.38203125 0.0828125 0.08828125
0 0.4609375 0.615625 0.07734375 0.08046875
0 0.3765625 0.71484375 0.07890625 0.09609375
0 0.375 0.6296875 0.078125 0.0890625
0 0.4609375 0.71171875 0.0828125 0.08515625
0 0.57578125 0.35703125 0.08046875 0.0953125
0 0.578125 0.26640625 0.08515625 0.08671875
0 0.65859375 0.24375 0.078125 0.090625
0 0.7234375 0.35625 0.05078125 0.14296875
0 0.72421875 0.4953125 0.0484375 0.13984375
0 0.72578125 0.640625 0.04765625 0.14921875
0 0.6578125 0.42109375 0.08125 0.08828125
0 0.6578125 0.3328125 0.078125 0.0828125
0 0.56015625 0.62421875 0.0796875 0.0890625
0 0.5609375 0.53828125 0.0796875 0.08359375
0 0.56328125 0.44921875 0.0796875 0.08359375
0 0.55859375 0.91953125 0.0625 0.08671875
0 0.5671875 0.853125 0.071875 0.0609375
0 0.5671875 0.78828125 0.07109375 0.071875
0 0.559375 0.7125 0.07890625 0.0828125
0 0.62734375 0.53984375 0.04765625 0.14140625
0 0.675 0.540625 0.05078125 0.14296875
0 0.62578125 0.6796875 0.046875 0.1375
0 0.67734375 0.68125 0.05234375 0.14453125
0 0.28203125 0.87890625 0.07265625 0.05625
0 0.28046875 0.81171875 0.0703125 0.078125
0 0.353125 0.8734375 0.071875 0.0609375
0 0.353125 0.80859375 0.06484375 0.07265625
0 0.4234375 0.85234375 0.06875 0.059375
0 0.4234375 0.79140625 0.06328125 0.06171875
0 0.49140625 0.928125 0.0734375 0.075
0 0.49375 0.8703125 0.07109375 0.0453125
0 0.49609375 0.80703125 0.07109375 0.07265625
0 0.6375 0.8484375 0.06875 0.06015625
0 0.64453125 0.78984375 0.06953125 0.065625
0 0.7 0.81640625 0.0375 0.12421875
0 0.740625 0.7828125 0.0390625 0.12421875
0 0.740625 0.90234375 0.03828125 0.11015625
0 0.6875 0.91953125 0.06171875 0.084375
0 0.6234375 0.91953125 0.06640625 0.08125
0 0.28046875 0.940625 0.07265625 0.06875
0 0.35390625 0.93984375 0.071875 0.06875
0 0.421875 0.925 0.065625 0.08046875