0 0.3328125 0.8609375 0.059375 0.05859375
0 0.38984375 0.8578125 0.0578125 0.05625
0 0.44765625 0.84921875 0.05703125 0.06796875
0 0.50703125 0.85703125 0.0578125 0.05
0 0.56640625 0.8453125 0.05390625 0.0609375
0 0.6203125 0.84453125 0.0546875 0.0671875
0 0.67578125 0.84296875 0.05546875 0.0640625
0 0.71796875 0.8296875 0.03046875 0.1
0 0.71875 0.73046875 0.03046875 0.10078125
0 0.33828125 0.68125 0.06796875 0.0734375
0 0.409375 0.6734375 0.06796875 0.084375
0 0.48125 0.665625 0.0703125 0.071875
0 0.48203125 0.5890625 0.06796875 0.075
0 0.5671875 0.66875 0.06796875 0.07265625
0 0.56640625 0.59296875 0.06953125 0.06953125
0 0.56796875 0.51953125 0.06796875 0.075
0 0.5703125 0.44609375 0.065625 0.075
0 0.58125 0.3703125 0.06640625 0.07890625
0 0.584375 0.29140625 0.0703125 0.08203125
0 0.62265625 0.640625 0.04375 0.11875
0 0.66640625 0.6421875 0.04296875 0.121875
0 0.7078125 0.365625 0.040625 0.11953125
0 0.6875 0.75625 0.03203125 0.10234375
0 0.63203125 0.78515625 0.0609375 0.05234375
0 0.63828125 0.73125 0.06328125 0.0546875
0 0.571875 0.7859375 0.0609375 0.046875
0 0.57109375 0.73359375 0.06171875 0.05390625
0 0.5078125 0.80234375 0.0609375 0.05078125
0 0.51015625 0.74296875 0.059375 0.059375
0 0.33046875 0.80625 0.059375 0.05234375
0 0.3296875 0.74921875 0.06015625 0.05703125
0 0.39140625 0.8 0.05703125 0.05234375
0 0.38984375 0.746875 0.06015625 0.05703125
0 0.45078125 0.78671875 0.05859375 0.0515625
0 0.44921875 0.73359375 0.06171875 0.04921875
0 0.70703125 0.609375 0.04375 0.1171875
0 0.70703125 0.49140625 0.0421875 0.12265625
0 0.65390625 0.26953125 0.0671875 0.078125
0 0.6515625 0.34609375 0.06796875 0.08046875
0 0.6515625 0.41953125 0.0703125 0.07421875
0 0.62421875 0.51875 0.04140625 0.12109375
0 0.6671875 0.52109375 0.03984375 0.1203125
0 0.6515625 0.1703125 0.05546875 0.06484375
0 0.65 0.1078125 0.0546875 0.065625
0 0.590625 0.18046875 0.0546875 0.06328125
0 0.33125 0.15390625 0.07109375 0.07421875
0 0.40078125 0.14609375 0.06953125 0.07109375
0 0.403125 0.221875 0.06953125 0.06640625
0 0.33359375 0.23203125 0.06875 0.078125
0 0.3359375 0.3109375 0.0703125 0.0796875
0 0.4046875 0.29765625 0.06875 0.07421875
0 0.3359375 0.38515625 0.06875 0.07734375
0 0.40625 0.37265625 0.06640625 0.071875
0 0.33828125 0.45859375 0.07109375 0.075
0 0.40703125 0.446875 0.0671875 0.071875
0 0.41015625 0.52734375 0.06875 0.0765625
0 0.3390625 0.5328125 0.07109375 0.07734375
0 0.3390625 0.60390625 0.06875 0.0703125
0 0.409375 0.596875 0.0671875 0.078125
0 0.46015625 0.16640625 0.0296875 0.09140625
0 0.46171875 0.259375 0.03125 0.09296875
0 0.475 0.33359375 0.04765625 0.05546875
0 0.4625 0.42578125 0.03203125 0.09453125
0 0.47578125 0.5046875 0.05390625 0.0625
0 0.5234375 0.2734375 0.046875 0.0640625
0 0.521875 0.21796875 0.0515625 0.06484375
0 0.5171875 0.15859375 0.05078125 0.06640625