0 0.28359375 0.1984375 0.0859375 0.09609375
0 0.28359375 0.11015625 0.08671875 0.08828125
0 0.36640625 0.1890625 0.084375 0.09140625
0 0.36640625 0.09609375 0.0828125 0.08203125
0 0.43671875 0.1328125 0.03203125 0.109375
0 0.440625 0.234375 0.03828125 0.1125
0 0.58046875 0.26953125 0.078125 0.08984375
0 0.65859375 0.3328125 0.0796875 0.084375
0 0.66171875 0.24453125 0.08203125 0.0890625
0 0.72421875 0.35625 0.04921875 0.13984375
0 0.725 0.5 0.046875 0.1421875
0 0.725 0.64140625 0.04765625 0.140625
0 0.6515625 0.1375 0.06484375 0.06640625
0 0.65234375 0.06484375 0.06484375 0.08125
0 0.29140625 0.46640625 0.08359375 0.090625
0 0.28984375 0.3765625 0.078125 0.09140625
0 0.28671875 0.290625 0.08359375 0.090625
0 0.37578125 0.71953125 0.07734375 0.1015625
0 0.375 0.628125 0.07734375 0.0921875
0 0.375 0.54140625 0.0828125 0.09375
0 0.37421875 0.45625 0.08125 0.09609375
0 0.3734375 0.3640625 0.0828125 0.08671875
0 0.37109375 0.2765625 0.07890625 0.084375
0 0.29375 0.73125 0.08203125 0.08984375
0 0.29296875 0.640625 0.08515625 0.084375
0 0.290625 0.55625 0.0859375 0.08515625
0 0.46171875 0.70546875 0.0828125 0.0921875
0 0.46015625 0.70859375 0.078125 0.09140625
0 0.4625 0.61640625 0.0828125 0.09140625
0 0.46015625 0.62265625 0.08125 0.08515625
0 0.51015625 0.378125 0.04609375 0.05546875
0 0.509375 0.31640625 0.05 0.06875
0 0.5109375 0.253125 0.05 0.07265625
0 0.5046875 0.19453125 0.05859375 0.07109375
0 0.5015625 0.128125 0.05234375 0.07734375
0 0.4390625 0.42734375 0.03515625 0.10625
0 0.4515625 0.32265625 0.05859375 0.06015625
0 0.45546875 0.51796875 0.0625 0.0609375
0 0.6578125 0.42265625 0.08125 0.0890625
0 0.5765625 0.3625 0.0796875 0.090625
0 0.58515625 0.1484375 0.065625 0.06953125
0 0.5609375 0.53359375 0.08125 0.08515625
0 0.56328125 0.4515625 0.084375 0.08671875
0 0.6765625 0.53828125 0.0515625 0.1390625
0 0.62734375 0.540625 0.05078125 0.14140625
0 0.675 0.68046875 0.05 0.13671875
0 0.6265625 0.678125 0.04921875 0.1375
0 0.5609375 0.71015625 0.08125 0.0875
0 0.56171875 0.6234375 0.07890625 0.084375
0 0.703125 0.81796875 0.03671875 0.12734375
0 0.74296875 0.78203125 0.0390625 0.12265625
0 0.74140625 0.9 0.0390625 0.11640625
0 0.2828125 0.94375 0.0703125 0.06875
0 0.2828125 0.87578125 0.07265625 0.06015625
0 0.28203125 0.8109375 0.0703125 0.0734375
0 0.35546875 0.940625 0.06953125 0.0640625
0 0.35546875 0.8765625 0.0703125 0.06328125
0 0.353125 0.80859375 0.07265625 0.071875
0 0.425 0.853125 0.06953125 0.0578125
0 0.425 0.7890625 0.071875 0.06328125
0 0.56484375 0.8515625 0.0703125 0.0578125
0 0.5671875 0.7890625 0.07109375 0.0546875
0 0.56640625 0.7890625 0.071875 0.06640625
0 0.55859375 0.92109375 0.06484375 0.078125
0 0.62421875 0.91953125 0.06484375 0.07890625
0 0.63671875 0.84921875 0.075 0.06484375
0 0.64375 0.78125 0.071875 0.05859375
0 0.68984375 0.92265625 0.0640625 0.07421875
0 0.49296875 0.93125 0.07109375 0.0671875
0 0.42421875 0.9265625 0.06640625 0.0875
0 0.49296875 0.86953125 0.07265625 0.05859375
0 0.496875 0.80546875 0.06875 0.06640625