0 0.31015625 0.5109375 0.053125 0.190625
0 0.25625 0.51171875 0.04921875 0.19609375
0 0.259375 0.70625 0.053125 0.19140625
0 0.3109375 0.7015625 0.0546875 0.196875
0 0.26015625 0.9 0.0546875 0.196875
0 0.31328125 0.89453125 0.0484375 0.19921875
0 0.2921875 0.3875 0.078125 0.05859375
0 0.2921875 0.3125 0.07890625 0.0828125
0 0.28984375 0.23046875 0.07578125 0.07734375
0 0.28828125 0.1515625 0.0765625 0.0828125
0 0.28671875 0.06328125 0.07734375 0.084375
0 0.3859375 0.73125 0.0671875 0.46875
0 0.37734375 0.46015625 0.06640625 0.07890625
0 0.371875 0.3796875 0.06875 0.07734375
0 0.36796875 0.3015625 0.07109375 0.08359375
0 0.36484375 0.221875 0.075 0.075
0 0.3625 0.1390625 0.0734375 0.08828125
0 0.61953125 0.371875 0.05703125 0.07265625
0 0.62265625 0.3046875 0.0609375 0.0625
0 0.625 0.24375 0.053125 0.06875
0 0.62578125 0.1765625 0.06015625 0.05859375
0 0.6265625 0.10703125 0.05859375 0.07109375
0 0.56171875 0.3828125 0.05859375 0.075
0 0.5625 0.31640625 0.05625 0.06640625
0 0.56015625 0.25234375 0.05390625 0.065625
0 0.5625 0.1890625 0.06171875 0.07109375
0 0.56328125 0.12109375 0.0625 0.07734375
0 0.478125 0.334375 0.05390625 0.06953125
0 0.47109375 0.2703125 0.0625 0.05546875
0 0.4625 0.20703125 0.053125 0.0640625
0 0.46015625 0.44609375 0.09609375 0.08671875
0 0.453125 0.71796875 0.05625 0.4609375
0 0.5234375 0.72109375 0.05859375 0.45703125
0 0.59453125 0.7296875 0.03515625 0.478125
0 0.6390625 0.7140625 0.0546875 0.45703125
0 0.7015625 0.7125 0.0625 0.45703125