0 0.290625 0.71640625 0.07734375 0.08984375
0 0.290625 0.63359375 0.0765625 0.08515625
0 0.28984375 0.55546875 0.078125 0.07890625
0 0.28828125 0.475 0.0796875 0.07734375
0 0.2859375 0.3953125 0.078125 0.084375
0 0.2859375 0.31484375 0.078125 0.0859375
0 0.284375 0.23125 0.0765625 0.0859375
0 0.28203125 0.146875 0.0734375 0.08515625
0 0.2796875 0.06640625 0.078125 0.0875
0 0.36640625 0.70625 0.06953125 0.09296875
0 0.365625 0.62265625 0.07109375 0.0921875
0 0.36796875 0.5421875 0.07265625 0.0828125
0 0.365625 0.4625 0.07109375 0.08515625
0 0.3640625 0.384375 0.07578125 0.0859375
0 0.3625 0.3046875 0.075 0.07734375
0 0.36015625 0.225 0.07421875 0.0875
0 0.35703125 0.1375 0.071875 0.08515625
0 0.35625 0.05703125 0.075 0.0796875
0 0.70703125 0.28984375 0.08671875 0.0875
0 0.2796875 0.915625 0.0671875 0.06875
0 0.28125 0.853125 0.06484375 0.0609375
0 0.2796875 0.7921875 0.0671875 0.065625
0 0.34765625 0.84921875 0.065625 0.05
0 0.34609375 0.7890625 0.06171875 0.06328125
0 0.409375 0.89609375 0.06015625 0.08359375
0 0.4125 0.83125 0.059375 0.06484375
0 0.41171875 0.7734375 0.0625 0.06015625
0 0.47421875 0.84453125 0.0640625 0.05546875
0 0.4765625 0.78046875 0.06484375 0.071875
0 0.7078125 0.5703125 0.08203125 0.09375
0 0.70859375 0.47890625 0.08125 0.09453125
0 0.70625 0.38984375 0.0828125 0.09921875
0 0.7078125 0.7546875 0.08125 0.0953125
0 0.70625 0.6625 0.0828125 0.09140625
0 0.621875 0.7625 0.08125 0.10234375
0 0.621875 0.66875 0.08359375 0.0890625
0 0.6296875 0.94375 0.084375 0.09765625
0 0.6265625 0.85390625 0.08203125 0.09609375
0 0.71328125 0.84765625 0.0875 0.09140625
0 0.715625 0.94375 0.0859375 0.09140625
0 0.60234375 0.40859375 0.07265625 0.13125
0 0.5953125 0.534375 0.04375 0.128125
0 0.34609375 0.9046875 0.0640625 0.05703125
0 0.47109375 0.90234375 0.06171875 0.05234375
0 0.53671875 0.88828125 0.05703125 0.07578125
0 0.53671875 0.82421875 0.05390625 0.05625
0 0.53671875 0.76328125 0.05078125 0.05234375
0 0.53125 0.6953125 0.059375 0.0828125
0 0.44375 0.66796875 0.0625 0.07265625
0 0.44140625 0.59921875 0.06328125 0.07265625
0 0.50703125 0.596875 0.06484375 0.078125
0 0.43828125 0.5265625 0.059375 0.0640625
0 0.4984375 0.5203125 0.06015625 0.06875
0 0.42578125 0.43984375 0.0359375 0.09296875
0 0.4953125 0.45625 0.0609375 0.06328125
0 0.6203125 0.1828125 0.05234375 0.06171875
0 0.61875 0.11015625 0.0546875 0.0765625
0 0.546875 0.33125 0.0484375 0.06875
0 0.54453125 0.26953125 0.05078125 0.05859375
0 0.53984375 0.21171875 0.06015625 0.06640625
0 0.5390625 0.1515625 0.05078125 0.06484375
0 0.49296875 0.34453125 0.0484375 0.06640625
0 0.48984375 0.28671875 0.05 0.06875
0 0.484375 0.225 0.0484375 0.0578125
0 0.48203125 0.17109375 0.05859375 0.0625
0 0.43671875 0.35625 0.05390625 0.0671875
0 0.4203125 0.165625 0.0328125 0.1015625
0 0.425 0.26796875 0.0359375 0.10234375