0 0.471094 0.424219 0.25 0.117969
0 0.289844 0.3125 0.077344 0.082812
0 0.289063 0.230469 0.08125 0.080469
0 0.288281 0.15 0.076563 0.085938
0 0.285938 0.064844 0.078906 0.08125
0 0.367188 0.305469 0.071875 0.095312
0 0.364844 0.221094 0.075781 0.080469
0 0.363281 0.138281 0.073438 0.082812
0 0.253906 0.515625 0.049219 0.192969
0 0.307812 0.5125 0.053125 0.19375
0 0.260156 0.705469 0.055469 0.186719
0 0.310937 0.705469 0.049219 0.192188
0 0.260937 0.897656 0.055469 0.197656
0 0.315625 0.896875 0.050781 0.192188
0 0.475 0.544531 0.25625 0.115625
0 0.472656 0.663281 0.253906 0.119531
0 0.475 0.776563 0.257813 0.136719
0 0.4875 0.916406 0.269531 0.138281
0 0.629687 0.8 0.042969 0.085938
0 0.624219 0.722656 0.042969 0.073438
0 0.623437 0.642188 0.04375 0.079687
0 0.624219 0.560937 0.039844 0.075
0 0.660937 0.885156 0.057813 0.076563
0 0.70625 0.861719 0.035937 0.119531
0 0.559375 0.254688 0.0625 0.063281
0 0.559375 0.190625 0.064062 0.067969
0 0.5625 0.121875 0.057813 0.071094
0 0.625781 0.434375 0.053125 0.061719
0 0.622656 0.369531 0.059375 0.065625
0 0.621094 0.305469 0.057031 0.067969
0 0.623437 0.240625 0.0625 0.060156
0 0.624219 0.178906 0.057813 0.060937
0 0.625 0.110937 0.0625 0.069531
0 0.671875 0.609375 0.048438 0.129688
0 0.682031 0.738281 0.047656 0.134375