0 0.2859375 0.19765625 0.08359375 0.09765625
0 0.28203125 0.10625 0.08359375 0.0875
0 0.36875 0.18671875 0.07890625 0.10234375
0 0.36484375 0.0953125 0.0828125 0.08359375
0 0.2875 0.28984375 0.08125 0.0921875
0 0.3734375 0.45625 0.08046875 0.09609375
0 0.3734375 0.36640625 0.084375 0.08828125
0 0.3703125 0.27734375 0.08203125 0.0828125
0 0.5078125 0.31875 0.05234375 0.06953125
0 0.5078125 0.2578125 0.05546875 0.0671875
0 0.5046875 0.1921875 0.053125 0.06875
0 0.50078125 0.128125 0.0546875 0.07421875
0 0.65078125 0.13515625 0.065625 0.0671875
0 0.6515625 0.0671875 0.06875 0.07734375
0 0.584375 0.1515625 0.06484375 0.0796875
0 0.5796875 0.26796875 0.0875 0.0875
0 0.65859375 0.33359375 0.08515625 0.08203125
0 0.6625 0.2453125 0.07890625 0.0875
0 0.72421875 0.35625 0.04765625 0.14296875
0 0.7265625 0.49609375 0.0484375 0.14921875
0 0.7265625 0.64140625 0.046875 0.14375
0 0.57578125 0.359375 0.084375 0.0859375
0 0.6578125 0.42265625 0.0796875 0.0890625
0 0.5609375 0.61953125 0.07734375 0.09140625
0 0.56171875 0.53359375 0.07890625 0.0890625
0 0.5640625 0.446875 0.08203125 0.0875
0 0.44296875 0.42265625 0.03203125 0.11015625
0 0.45546875 0.32265625 0.0515625 0.06328125
0 0.45625 0.5140625 0.059375 0.071875
0 0.4390625 0.13359375 0.03515625 0.10859375
0 0.44296875 0.2390625 0.03203125 0.10390625
0 0.6265625 0.5375 0.0453125 0.14375
0 0.6765625 0.5359375 0.0484375 0.140625
0 0.675 0.678125 0.04765625 0.14375
0 0.6265625 0.67890625 0.04453125 0.14296875
0 0.46015625 0.70703125 0.07890625 0.09453125
0 0.46015625 0.61796875 0.0796875 0.09140625
0 0.70078125 0.81796875 0.0390625 0.12421875
0 0.7390625 0.78125 0.0390625 0.12109375
0 0.740625 0.90234375 0.03828125 0.11796875
0 0.2828125 0.94140625 0.071875 0.06640625
0 0.2828125 0.8765625 0.071875 0.0546875
0 0.2828125 0.81015625 0.07109375 0.071875
0 0.35390625 0.87109375 0.06953125 0.053125
0 0.35234375 0.8078125 0.0703125 0.0703125
0 0.4234375 0.85390625 0.0703125 0.05859375
0 0.4234375 0.790625 0.06875 0.06640625
0 0.35390625 0.93984375 0.071875 0.065625
0 0.42421875 0.92578125 0.06640625 0.07890625
0 0.5609375 0.71015625 0.08203125 0.0859375
0 0.5671875 0.84765625 0.07109375 0.06484375
0 0.56796875 0.78671875 0.07109375 0.06171875
0 0.6390625 0.84609375 0.07421875 0.06484375
0 0.64375 0.7859375 0.07265625 0.06640625
0 0.4890625 0.9296875 0.06796875 0.0703125
0 0.4921875 0.86640625 0.07109375 0.0640625
0 0.4953125 0.80390625 0.07109375 0.075
0 0.29375 0.640625 0.08125 0.08671875
0 0.2921875 0.553125 0.08359375 0.08671875
0 0.29296875 0.46953125 0.08046875 0.09140625
0 0.28984375 0.3796875 0.08359375 0.08515625
0 0.37578125 0.7171875 0.0796875 0.07734375
0 0.37578125 0.63125 0.08359375 0.08046875
0 0.37421875 0.5453125 0.08203125 0.0796875
0 0.2921875 0.7328125 0.078125 0.090625
0 0.5578125 0.92109375 0.0640625 0.084375
0 0.625 0.91640625 0.065625 0.08203125
0 0.68828125 0.915625 0.06171875 0.08359375