0 0.32890625 0.80390625 0.06328125 0.0515625
0 0.33046875 0.74765625 0.06015625 0.05390625
0 0.33984375 0.68125 0.0671875 0.08203125
0 0.33984375 0.603125 0.0703125 0.07265625
0 0.33828125 0.5328125 0.06875 0.07578125
0 0.33984375 0.45859375 0.06875 0.06875
0 0.3375 0.38359375 0.06796875 0.08203125
0 0.33671875 0.309375 0.06875 0.078125
0 0.3328125 0.23125 0.06796875 0.07890625
0 0.33203125 0.1578125 0.07265625 0.07734375
0 0.409375 0.675 0.06875 0.09375
0 0.40703125 0.59453125 0.065625 0.06796875
0 0.40859375 0.52265625 0.06640625 0.0703125
0 0.4078125 0.45 0.06640625 0.078125
0 0.40625 0.3734375 0.065625 0.0796875
0 0.40546875 0.29453125 0.06640625 0.08515625
0 0.403125 0.21953125 0.06796875 0.0765625
0 0.4015625 0.14296875 0.0703125 0.08515625
0 0.525 0.3328125 0.0484375 0.05390625
0 0.528125 0.27265625 0.04921875 0.06328125
0 0.52109375 0.21796875 0.05625 0.0578125
0 0.51875 0.15546875 0.05625 0.05546875
0 0.46328125 0.4265625 0.0359375 0.09609375
0 0.4734375 0.3328125 0.05390625 0.05703125
0 0.48203125 0.6609375 0.065625 0.0828125
0 0.48125 0.58515625 0.06640625 0.07421875
0 0.4734375 0.50703125 0.05078125 0.06484375
0 0.6234375 0.5234375 0.0421875 0.115625
0 0.65078125 0.42578125 0.0734375 0.0796875
0 0.6515625 0.34765625 0.0734375 0.07890625
0 0.653125 0.2671875 0.06796875 0.07734375
0 0.64921875 0.17578125 0.05390625 0.06015625
0 0.6515625 0.1078125 0.06015625 0.0640625
0 0.59140625 0.1828125 0.05859375 0.053125
0 0.58125 0.3703125 0.06640625 0.06953125
0 0.58359375 0.2921875 0.071875 0.08046875
0 0.70859375 0.365625 0.0390625 0.11953125
0 0.665625 0.52421875 0.0421875 0.12578125
0 0.7078125 0.4859375 0.0390625 0.12421875
0 0.62421875 0.64375 0.04296875 0.11640625
0 0.665625 0.64453125 0.0375 0.11875
0 0.709375 0.60859375 0.03984375 0.1203125
0 0.5734375 0.784375 0.05859375 0.05078125
0 0.57265625 0.73359375 0.05703125 0.05234375
0 0.56875 0.66640625 0.06484375 0.07265625
0 0.565625 0.59296875 0.06875 0.07421875
0 0.56796875 0.51953125 0.0703125 0.06953125
0 0.56953125 0.4453125 0.0703125 0.07890625
0 0.33125 0.8625 0.06015625 0.05703125
0 0.38984375 0.86171875 0.05859375 0.0546875
0 0.4484375 0.8515625 0.053125 0.07578125
0 0.50703125 0.859375 0.05703125 0.05625
0 0.5640625 0.84921875 0.05078125 0.071875
0 0.61875 0.84765625 0.0546875 0.071875
0 0.67421875 0.8453125 0.05859375 0.0609375
0 0.7203125 0.8328125 0.0359375 0.109375
0 0.68828125 0.75859375 0.03046875 0.109375
0 0.721875 0.72578125 0.03046875 0.0953125
0 0.63203125 0.78515625 0.0609375 0.05234375
0 0.63828125 0.73359375 0.05546875 0.05234375
0 0.50859375 0.7984375 0.0578125 0.04765625
0 0.5109375 0.746875 0.059375 0.05546875
0 0.44921875 0.7859375 0.0578125 0.04765625
0 0.45 0.73125 0.06171875 0.05234375
0 0.3921875 0.80390625 0.059375 0.05234375
0 0.390625 0.74765625 0.059375 0.0578125