0 0.290625 0.71640625 0.08125 0.08359375
0 0.290625 0.6328125 0.0765625 0.08671875
0 0.29140625 0.55625 0.07578125 0.08046875
0 0.28984375 0.47265625 0.07578125 0.08203125
0 0.2875 0.39453125 0.078125 0.0859375
0 0.28671875 0.3140625 0.0796875 0.084375
0 0.28359375 0.2296875 0.075 0.08203125
0 0.28203125 0.1484375 0.07421875 0.08515625
0 0.2828125 0.0640625 0.07734375 0.09140625
0 0.3671875 0.70078125 0.0734375 0.0859375
0 0.36640625 0.6265625 0.078125 0.09296875
0 0.36640625 0.540625 0.06875 0.06953125
0 0.3625 0.46328125 0.07109375 0.09609375
0 0.3625 0.3859375 0.071875 0.096875
0 0.3625 0.303125 0.07578125 0.0828125
0 0.35859375 0.21796875 0.07265625 0.08046875
0 0.3578125 0.14296875 0.0734375 0.0890625
0 0.3578125 0.05703125 0.0765625 0.08828125
0 0.42265625 0.17265625 0.03125 0.1
0 0.4265625 0.27109375 0.02890625 0.09609375
0 0.4265625 0.44375 0.03359375 0.10546875
0 0.43515625 0.34609375 0.05546875 0.05703125
0 0.44375 0.67265625 0.065625 0.0671875
0 0.44140625 0.6 0.06328125 0.0671875
0 0.44140625 0.52578125 0.05703125 0.0671875
0 0.50859375 0.5953125 0.0625 0.07265625
0 0.5 0.52890625 0.0578125 0.06796875
0 0.49609375 0.46015625 0.0546875 0.065625
0 0.49140625 0.4 0.05546875 0.05234375
0 0.4921875 0.340625 0.05859375 0.0640625
0 0.490625 0.2875 0.053125 0.0671875
0 0.484375 0.22578125 0.0578125 0.06015625
0 0.48125 0.16328125 0.0546875 0.0625
0 0.546875 0.45234375 0.03359375 0.065625
0 0.54375 0.39140625 0.04140625 0.0625
0 0.546875 0.33359375 0.04921875 0.0671875
0 0.5453125 0.2703125 0.05234375 0.06796875
0 0.54296875 0.2109375 0.05546875 0.06796875
0 0.53828125 0.1515625 0.0578125 0.06484375
0 0.61796875 0.2453125 0.0609375 0.065625
0 0.61796875 0.18125 0.0609375 0.06796875
0 0.61875 0.1109375 0.0578125 0.075
0 0.70703125 0.38984375 0.0828125 0.0984375
0 0.7078125 0.30078125 0.08203125 0.09296875
0 0.70703125 0.56875 0.0828125 0.09296875
0 0.70859375 0.48203125 0.07890625 0.08046875
0 0.70703125 0.759375 0.08671875 0.1015625
0 0.70859375 0.66328125 0.0828125 0.08984375
0 0.71171875 0.85078125 0.0859375 0.0953125
0 0.71640625 0.95078125 0.08671875 0.09609375
0 0.61953125 0.76328125 0.08671875 0.0921875
0 0.62265625 0.67109375 0.084375 0.08515625
0 0.62890625 0.94453125 0.08671875 0.08515625
0 0.6265625 0.85859375 0.08203125 0.090625
0 0.60390625 0.40703125 0.0734375 0.128125
0 0.5953125 0.53828125 0.04375 0.128125
0 0.53515625 0.8890625 0.059375 0.07421875
0 0.5359375 0.8296875 0.05859375 0.05625
0 0.5390625 0.7671875 0.05546875 0.06171875
0 0.534375 0.69609375 0.06484375 0.08046875
0 0.28046875 0.92109375 0.06484375 0.06171875
0 0.28046875 0.85859375 0.06875 0.065625
0 0.28125 0.7921875 0.06875 0.0640625
0 0.346875 0.91328125 0.06328125 0.06015625
0 0.3453125 0.85 0.0625 0.06015625
0 0.34453125 0.78671875 0.0640625 0.06171875
0 0.41015625 0.89609375 0.0609375 0.07890625
0 0.41171875 0.82890625 0.0671875 0.05390625
0 0.41171875 0.7734375 0.0671875 0.05859375
0 0.47421875 0.90234375 0.0625 0.0625
0 0.47421875 0.840625 0.06484375 0.05703125
0 0.4765625 0.78359375 0.06484375 0.0640625