0 0.69765625 0.7109375 0.065625 0.4390625
0 0.290625 0.3859375 0.0765625 0.05625
0 0.2890625 0.31328125 0.075 0.08125
0 0.28671875 0.22890625 0.07421875 0.08046875
0 0.284375 0.14921875 0.07265625 0.08046875
0 0.284375 0.065625 0.078125 0.08828125
0 0.3671875 0.38125 0.0765625 0.08359375
0 0.36484375 0.3015625 0.0734375 0.078125
0 0.36328125 0.22109375 0.0734375 0.0734375
0 0.3609375 0.140625 0.075 0.07890625
0 0.38515625 0.728125 0.07578125 0.46796875
0 0.3734375 0.45703125 0.05859375 0.0703125
0 0.47421875 0.33359375 0.05390625 0.06484375
0 0.46875 0.26953125 0.05703125 0.06953125
0 0.46015625 0.20625 0.0546875 0.075
0 0.45546875 0.4453125 0.0875 0.0953125
0 0.56015625 0.38359375 0.059375 0.06953125
0 0.55625 0.31953125 0.06015625 0.071875
0 0.553125 0.25703125 0.0609375 0.07265625
0 0.5578125 0.1890625 0.05859375 0.07421875
0 0.55625 0.121875 0.06171875 0.075
0 0.6203125 0.37265625 0.06171875 0.0671875
0 0.61953125 0.30546875 0.0625 0.0625
0 0.61953125 0.2390625 0.05859375 0.06171875
0 0.6203125 0.1765625 0.05859375 0.07421875
0 0.621875 0.11015625 0.06171875 0.06171875
0 0.25234375 0.5140625 0.05 0.184375
0 0.3046875 0.5125 0.04765625 0.19140625
0 0.25625 0.7046875 0.0515625 0.19609375
0 0.3078125 0.70234375 0.04765625 0.19140625
0 0.2578125 0.9015625 0.05078125 0.196875
0 0.309375 0.8984375 0.05078125 0.1875
0 0.63984375 0.71875 0.05625 0.45546875
0 0.58828125 0.7296875 0.04296875 0.47734375
0 0.5203125 0.72578125 0.07421875 0.46640625
0 0.4484375 0.72265625 0.07109375 0.4640625