0 0.27578125 0.24140625 0.11484375 0.1546875
0 0.46015625 0.19921875 0.1109375 0.15
0 0.26640625 0.41640625 0.0828125 0.19453125
0 0.4703125 0.31953125 0.1109375 0.0875
0 0.56796875 0.35390625 0.05234375 0.140625
0 0.7125 0.45546875 0.04921875 0.1390625
0 0.65 0.325 0.1046875 0.18359375
0 0.3484375 0.50703125 0.05234375 0.2015625
0 0.45 0.41484375 0.08515625 0.084375
0 0.59765625 0.46484375 0.07421875 0.08515625
0 0.709375 0.596875 0.046875 0.13828125
0 0.66015625 0.565625 0.04765625 0.134375
0 0.58359375 0.55234375 0.10625 0.0796875
0 0.26796875 0.60703125 0.0875 0.18828125
0 0.271875 0.8890625 0.08046875 0.19296875
0 0.2734375 0.74921875 0.08359375 0.09453125
0 0.47109375 0.52265625 0.10546875 0.14375
0 0.3703125 0.29296875 0.0375 0.10703125
0 0.37734375 0.20390625 0.05625 0.0640625
0 0.35234375 0.70390625 0.08359375 0.19453125
0 0.35390625 0.8953125 0.08671875 0.19453125
0 0.5953125 0.76015625 0.11328125 0.08671875
0 0.7078125 0.8671875 0.04921875 0.1375
0 0.70703125 0.73125 0.046875 0.134375
0 0.65859375 0.7453125 0.04921875 0.21796875
0 0.6640625 0.896875 0.0328125 0.09296875
0 0.62109375 0.903125 0.05078125 0.19375
0 0.53359375 0.903125 0.0921875 0.19375
0 0.5078125 0.690625 0.05234375 0.19296875
0 0.45703125 0.6859375 0.05234375 0.18046875
0 0.46875 0.865625 0.04375 0.1796875
0 0.421875 0.85078125 0.04140625 0.16953125