0 0.328125 0.86015625 0.0609375 0.0609375
0 0.33046875 0.8078125 0.06484375 0.05625
0 0.3296875 0.75234375 0.06015625 0.05546875
0 0.33828125 0.67890625 0.0703125 0.0796875
0 0.3390625 0.60859375 0.06953125 0.07265625
0 0.33984375 0.5328125 0.06953125 0.071875
0 0.33828125 0.4578125 0.0703125 0.078125
0 0.33671875 0.384375 0.06875 0.08046875
0 0.33515625 0.3078125 0.06875 0.075
0 0.33359375 0.23359375 0.07109375 0.075
0 0.33203125 0.15546875 0.06484375 0.08125
0 0.41015625 0.671875 0.06953125 0.08984375
0 0.409375 0.59765625 0.06953125 0.0796875
0 0.40859375 0.52734375 0.07109375 0.07890625
0 0.4078125 0.44609375 0.06875 0.0734375
0 0.40625 0.3734375 0.06953125 0.0828125
0 0.40546875 0.29609375 0.06953125 0.0671875
0 0.403125 0.22265625 0.06796875 0.07734375
0 0.4015625 0.1453125 0.065625 0.078125
0 0.48203125 0.66171875 0.06953125 0.07265625
0 0.48046875 0.5921875 0.071875 0.07265625
0 0.653125 0.421875 0.06640625 0.07265625
0 0.65390625 0.34375 0.06796875 0.071875
0 0.6546875 0.26875 0.06875 0.07734375
0 0.56953125 0.784375 0.06328125 0.05078125
0 0.57109375 0.73046875 0.06015625 0.053125
0 0.56640625 0.66875 0.071875 0.07421875
0 0.56640625 0.59296875 0.06953125 0.07421875
0 0.565625 0.51796875 0.06796875 0.071875
0 0.56953125 0.4453125 0.0703125 0.07734375
0 0.58046875 0.36875 0.06953125 0.08125
0 0.584375 0.29140625 0.06875 0.075
0 0.7078125 0.36640625 0.0421875 0.12109375
0 0.709375 0.48984375 0.04375 0.121875
0 0.62421875 0.52109375 0.04609375 0.11953125
0 0.66640625 0.51875 0.04296875 0.11875
0 0.62265625 0.64140625 0.04296875 0.12109375
0 0.66640625 0.6390625 0.04140625 0.11875
0 0.390625 0.8609375 0.05703125 0.06015625
0 0.44921875 0.78515625 0.05859375 0.05234375
0 0.4515625 0.73125 0.059375 0.0515625
0 0.6875 0.75703125 0.028125 0.0984375
0 0.71953125 0.7265625 0.03046875 0.10390625
0 0.72109375 0.83359375 0.0328125 0.1109375
0 0.390625 0.803125 0.06015625 0.05703125
0 0.38984375 0.74609375 0.06015625 0.06015625
0 0.4484375 0.84765625 0.053125 0.0734375
0 0.675 0.84453125 0.053125 0.065625
0 0.6328125 0.78203125 0.065625 0.05546875
0 0.6390625 0.73046875 0.05703125 0.053125
0 0.5640625 0.84765625 0.05625 0.071875
0 0.6203125 0.84921875 0.05390625 0.06796875
0 0.50625 0.8578125 0.06171875 0.05234375
0 0.5078125 0.8046875 0.0609375 0.05078125
0 0.5109375 0.74375 0.05859375 0.05
0 0.70859375 0.609375 0.04375 0.11796875
0 0.47578125 0.5 0.05546875 0.0515625
0 0.4640625 0.42265625 0.03515625 0.10390625
0 0.465625 0.421875 0.03203125 0.09921875
0 0.525 0.2765625 0.053125 0.0625
0 0.52109375 0.2171875 0.05 0.059375
0 0.51640625 0.1609375 0.053125 0.075
0 0.65078125 0.16875 0.0546875 0.06328125
0 0.65 0.1078125 0.05390625 0.06953125
0 0.59140625 0.18515625 0.059375 0.075
0 0.47421875 0.334375 0.0515625 0.0578125
0 0.4578125 0.1625 0.03203125 0.09921875
0 0.4640625 0.2578125 0.034375 0.096875