0 0.29453125 0.3828125 0.07578125 0.0578125
0 0.29375 0.3109375 0.07421875 0.08203125
0 0.290625 0.23125 0.075 0.07890625
0 0.28828125 0.1484375 0.07421875 0.0921875
0 0.28515625 0.0609375 0.0734375 0.090625
0 0.3796875 0.54375 0.06484375 0.0828125
0 0.37265625 0.465625 0.06328125 0.0859375
0 0.36953125 0.3796875 0.07109375 0.08046875
0 0.36875 0.38125 0.07109375 0.08828125
0 0.36875 0.2984375 0.078125 0.08125
0 0.3640625 0.21796875 0.07265625 0.0796875
0 0.3640625 0.14140625 0.06875 0.08515625
0 0.2546875 0.51328125 0.0484375 0.1890625
0 0.25703125 0.70625 0.05703125 0.19453125
0 0.2609375 0.89453125 0.05390625 0.1859375
0 0.30859375 0.5109375 0.053125 0.19140625
0 0.309375 0.7046875 0.05234375 0.19453125
0 0.31328125 0.896875 0.0546875 0.19921875
0 0.5953125 0.46328125 0.0421875 0.12265625
0 0.6234375 0.371875 0.0578125 0.07265625
0 0.6234375 0.3046875 0.065625 0.0625
0 0.62421875 0.2390625 0.06015625 0.059375
0 0.6234375 0.17890625 0.059375 0.0609375
0 0.625 0.10703125 0.06171875 0.07109375
0 0.5640625 0.38515625 0.06015625 0.065625
0 0.56171875 0.31796875 0.06015625 0.065625
0 0.5578125 0.2515625 0.05703125 0.0671875
0 0.559375 0.1875 0.0625 0.06640625
0 0.5609375 0.121875 0.065625 0.07109375
0 0.4765625 0.33359375 0.059375 0.07421875
0 0.4734375 0.26640625 0.05625 0.0640625
0 0.4578125 0.20234375 0.06171875 0.07421875
0 0.475 0.7765625 0.2578125 0.115625
0 0.48359375 0.9 0.2578125 0.1078125
0 0.37734375 0.68984375 0.05625 0.05234375
0 0.3765625 0.62734375 0.0609375 0.09453125
0 0.45859375 0.603125 0.09375 0.109375
0 0.45859375 0.52578125 0.09609375 0.09375
0 0.4578125 0.4453125 0.09375 0.10703125
0 0.4890625 0.66875 0.09296875 0.08125
0 0.56484375 0.65 0.046875 0.140625
0 0.6390625 0.465625 0.03671875 0.1234375
0 0.70625 0.49609375 0.03515625 0.13203125
0 0.6140625 0.72421875 0.06953125 0.08203125
0 0.615625 0.64296875 0.0734375 0.08203125
0 0.61328125 0.56171875 0.0765625 0.08046875
0 0.628125 0.8 0.046875 0.07890625
0 0.6734375 0.61640625 0.04453125 0.1296875
0 0.6859375 0.7421875 0.046875 0.13046875
0 0.70859375 0.8640625 0.03125 0.11328125
0 0.6609375 0.88671875 0.059375 0.0796875