0 0.6515625 0.0671875 0.065625 0.07734375
0 0.36640625 0.096875 0.0828125 0.0859375
0 0.2859375 0.19765625 0.08359375 0.09765625
0 0.28203125 0.1046875 0.08515625 0.090625
0 0.37890625 0.71640625 0.07734375 0.09609375
0 0.37421875 0.634375 0.08203125 0.0828125
0 0.37734375 0.5421875 0.0765625 0.09375
0 0.3734375 0.45625 0.0828125 0.09296875
0 0.37109375 0.36640625 0.0796875 0.09765625
0 0.37109375 0.2734375 0.07890625 0.08984375
0 0.36953125 0.190625 0.07734375 0.09296875
0 0.2921875 0.7296875 0.084375 0.09140625
0 0.29296875 0.64140625 0.08125 0.08515625
0 0.29296875 0.55390625 0.08125 0.08515625
0 0.29140625 0.46796875 0.0859375 0.090625
0 0.28828125 0.38046875 0.08203125 0.084375
0 0.2875 0.29296875 0.08125 0.08984375
0 0.6625 0.240625 0.08125 0.08515625
0 0.5796875 0.26640625 0.08515625 0.0953125
0 0.72578125 0.35703125 0.05078125 0.13984375
0 0.725 0.50078125 0.04921875 0.14375
0 0.72578125 0.640625 0.04765625 0.1453125
0 0.6578125 0.4203125 0.08359375 0.084375
0 0.628125 0.5390625 0.0484375 0.14140625
0 0.67578125 0.67734375 0.04921875 0.1390625
0 0.67734375 0.5359375 0.04609375 0.14609375
0 0.6265625 0.68046875 0.04921875 0.13671875
0 0.5625 0.709375 0.078125 0.08515625
0 0.56171875 0.621875 0.07890625 0.090625
0 0.5625 0.53203125 0.0796875 0.08828125
0 0.56484375 0.446875 0.08125 0.08984375
0 0.4625 0.70625 0.0734375 0.09609375
0 0.4625 0.61796875 0.08125 0.08671875
0 0.659375 0.3328125 0.08046875 0.0875
0 0.57734375 0.35625 0.08359375 0.0890625
0 0.6390625 0.84609375 0.07109375 0.05859375
0 0.6453125 0.78671875 0.07265625 0.06484375
0 0.70078125 0.82109375 0.0390625 0.125
0 0.2828125 0.878125 0.07578125 0.06328125
0 0.2796875 0.8125 0.071875 0.06484375
0 0.353125 0.8765625 0.0703125 0.06015625
0 0.353125 0.8078125 0.06953125 0.0703125
0 0.421875 0.92578125 0.06484375 0.0734375
0 0.42421875 0.84921875 0.06484375 0.06171875
0 0.42421875 0.7890625 0.06875 0.06953125
0 0.49375 0.86640625 0.0734375 0.05390625
0 0.49375 0.8046875 0.07109375 0.06796875
0 0.5671875 0.85234375 0.0703125 0.05546875
0 0.565625 0.78671875 0.06875 0.06171875
0 0.28125 0.940625 0.07109375 0.065625
0 0.3546875 0.93984375 0.07109375 0.0640625
0 0.73828125 0.78125 0.03984375 0.12109375
0 0.7421875 0.89765625 0.0390625 0.1203125
0 0.6890625 0.91796875 0.0640625 0.07890625
0 0.62421875 0.9203125 0.06640625 0.0765625
0 0.559375 0.91953125 0.06171875 0.08359375
0 0.4921875 0.9328125 0.06953125 0.0609375
0 0.43671875 0.1328125 0.0328125 0.10234375
0 0.43984375 0.240625 0.03359375 0.1078125
0 0.50546875 0.26015625 0.0546875 0.065625
0 0.50625 0.19453125 0.05546875 0.0640625
0 0.5 0.1265625 0.0578125 0.07109375
0 0.4375 0.4203125 0.04375 0.09609375