0 0.2921875 0.3140625 0.07890625 0.07265625
0 0.28984375 0.2328125 0.0765625 0.0875
0 0.2875 0.14921875 0.0765625 0.090625
0 0.28515625 0.065625 0.0765625 0.08828125
0 0.371875 0.30234375 0.07421875 0.08515625
0 0.365625 0.21875 0.07109375 0.0859375
0 0.3625 0.140625 0.07109375 0.08671875
0 0.5578125 0.25078125 0.059375 0.0734375
0 0.5609375 0.1875 0.06171875 0.0625
0 0.56328125 0.1203125 0.06171875 0.07578125
0 0.62421875 0.4296875 0.05234375 0.0640625
0 0.62109375 0.36640625 0.05859375 0.06015625
0 0.6234375 0.30546875 0.05546875 0.06796875
0 0.62265625 0.24296875 0.06015625 0.06328125
0 0.625 0.17734375 0.06171875 0.0640625
0 0.6234375 0.1078125 0.06171875 0.06953125
0 0.47109375 0.26875 0.0546875 0.0625
0 0.46171875 0.2046875 0.05859375 0.06953125
0 0.47265625 0.42734375 0.25390625 0.12109375
0 0.47578125 0.54765625 0.2546875 0.128125
0 0.4734375 0.66484375 0.25546875 0.11953125
0 0.47421875 0.7796875 0.26015625 0.13046875
0 0.4875 0.91640625 0.26640625 0.14140625
0 0.628125 0.80546875 0.04375 0.08203125
0 0.625 0.7234375 0.04453125 0.08359375
0 0.625 0.64296875 0.04609375 0.08203125
0 0.62578125 0.56171875 0.04296875 0.08046875
0 0.67265625 0.61171875 0.04375 0.1328125
0 0.67890625 0.73984375 0.05625 0.13125
0 0.6578125 0.88203125 0.059375 0.07890625
0 0.70625 0.8609375 0.0375 0.11796875
0 0.25390625 0.5140625 0.0546875 0.1984375
0 0.309375 0.5125 0.04765625 0.19375
0 0.25859375 0.7046875 0.0515625 0.19453125
0 0.309375 0.70078125 0.0515625 0.18671875
0 0.26015625 0.89921875 0.05390625 0.2015625
0 0.31328125 0.89453125 0.05234375 0.196875