0 0.8451666666666666 0.63725 0.10166666666666667 0.0925
0 0.5205 0.5775 0.115 0.099
0 0.2975 0.691375 0.12366666666666666 0.10025
0 0.25266666666666665 0.289125 0.138 0.10775
0 0.7418333333333333 0.64825 0.105 0.095
0 0.5306666666666666 0.66875 0.11533333333333333 0.1
0 0.6106666666666667 0.2755 0.11666666666666667 0.111
0 0.262 0.39375 0.13666666666666666 0.1065
0 0.2855 0.596875 0.13033333333333333 0.10525
0 0.2745 0.49725 0.133 0.105
0 0.8403333333333334 0.548625 0.104 0.09375
0 0.417 0.680625 0.12066666666666667 0.10175
0 0.6375 0.658125 0.11033333333333334 0.09675
0 0.8276666666666667 0.27075 0.10533333333333333 0.0975
0 0.3855 0.392625 0.125 0.10375
0 0.6195 0.475125 0.111 0.09875
0 0.4191666666666667 0.193375 0.141 0.09875
0 0.5511666666666667 0.178875 0.13566666666666666 0.09725
0 0.3765 0.294 0.12566666666666668 0.104
0 0.4061666666666667 0.586875 0.121 0.10275
0 0.27316666666666667 0.185875 0.157 0.10625
0 0.7246666666666667 0.3715 0.114 0.0985
0 0.6125 0.379375 0.111 0.10375
0 0.8366666666666667 0.457125 0.10533333333333333 0.09725
0 0.49466666666666664 0.28775 0.12066666666666667 0.104
0 0.687 0.17825 0.12533333333333332 0.089
0 0.83 0.36525 0.1 0.095
0 0.7305 0.46425 0.113 0.1
0 0.51 0.483625 0.11733333333333333 0.09925
0 0.8056666666666666 0.181625 0.114 0.08475
0 0.7216666666666667 0.27375 0.10866666666666666 0.101
0 0.6258333333333334 0.567625 0.107 0.09675
0 0.735 0.557625 0.11066666666666666 0.09675
0 0.395 0.49075 0.122 0.101
0 0.5035 0.38725 0.123 0.1015