0 0.1564102564102564 0.8233173076923077 0.13205128205128205 0.10961538461538461
0 0.16939102564102565 0.38341346153846156 0.1310897435897436 0.11298076923076923
0 0.16201923076923078 0.6025240384615385 0.1330128205128205 0.11081730769230769
0 0.2900641025641026 0.8235576923076923 0.13397435897435897 0.10625
0 0.8142628205128205 0.8231971153846154 0.1266025641025641 0.10745192307692308
0 0.3559294871794872 0.28329326923076925 0.1451923076923077 0.09254807692307693
0 0.6873397435897436 0.8225961538461538 0.1310897435897436 0.10961538461538461
0 0.42596153846153845 0.6034855769230769 0.12692307692307692 0.10889423076923077
0 0.20817307692307693 0.2837740384615385 0.14326923076923076 0.09302884615384616
0 0.4237179487179487 0.713701923076923 0.12884615384615383 0.11442307692307692
0 0.2948717948717949 0.6046875 0.1294871794871795 0.11033653846153846
0 0.15881410256410255 0.7133413461538461 0.13173076923076923 0.11129807692307692
0 0.4221153846153846 0.8245192307692307 0.1282051282051282 0.10961538461538461
0 0.5546474358974359 0.7141826923076923 0.128525641025641 0.11201923076923077
0 0.684775641025641 0.7121394230769231 0.12596153846153846 0.11081730769230769
0 0.6833333333333333 0.603125 0.12564102564102564 0.1076923076923077
0 0.5544871794871795 0.8225961538461538 0.12884615384615383 0.10913461538461539
0 0.30080128205128204 0.38545673076923076 0.1330128205128205 0.11081730769230769
0 0.5625 0.3887019230769231 0.13076923076923078 0.1110576923076923
0 0.6572115384615385 0.29134615384615387 0.13942307692307693 0.08990384615384615
0 0.43125 0.38497596153846153 0.13044871794871796 0.11274038461538462
0 0.8145833333333333 0.7143028846153846 0.12788461538461537 0.10889423076923077
0 0.5075320512820513 0.2860576923076923 0.14326923076923076 0.09375
0 0.813301282051282 0.39290865384615387 0.1233974358974359 0.10745192307692308
0 0.6862179487179487 0.4957932692307692 0.12756410256410255 0.10697115384615384
0 0.16650641025641025 0.4936298076923077 0.1330128205128205 0.11033653846153846
0 0.809775641025641 0.6060096153846154 0.12275641025641025 0.10817307692307693
0 0.8003205128205129 0.2915865384615385 0.14358974358974358 0.09519230769230769
0 0.2931089743589744 0.7152644230769231 0.13173076923076923 0.11322115384615385
0 0.5573717948717949 0.49783653846153847 0.12756410256410255 0.10865384615384616
0 0.8113782051282051 0.4987980769230769 0.1233974358974359 0.10721153846153846
0 0.6911858974358974 0.38882211538461536 0.12596153846153846 0.10793269230769231
0 0.2971153846153846 0.49483173076923076 0.13076923076923078 0.10985576923076923
0 0.4256410256410256 0.4951923076923077 0.1294871794871795 0.10961538461538461
0 0.5543269230769231 0.6050480769230769 0.12724358974358974 0.1076923076923077