0 0.5761217948717948 0.7913461538461538 0.11955128205128206 0.10336538461538461
0 0.6977564102564102 0.7913461538461538 0.11538461538461539 0.10240384615384615
0 0.3298076923076923 0.6959134615384616 0.11794871794871795 0.10048076923076923
0 0.8139423076923077 0.7897836538461539 0.11121794871794871 0.09639423076923077
0 0.4501602564102564 0.6950721153846153 0.11314102564102564 0.10168269230769231
0 0.21362179487179486 0.8001201923076923 0.12147435897435897 0.1045673076923077
0 0.3786858974358974 0.3 0.1310897435897436 0.08557692307692308
0 0.5743589743589743 0.6912259615384615 0.11666666666666667 0.10024038461538462
0 0.21153846153846154 0.7 0.12115384615384615 0.1
0 0.690224358974359 0.6890625 0.11762820512820513 0.10072115384615385
0 0.4501602564102564 0.7965144230769231 0.11185897435897436 0.10072115384615385
0 0.33125 0.7991586538461538 0.11826923076923077 0.09927884615384615
0 0.6871794871794872 0.49170673076923077 0.11858974358974358 0.096875
0 0.8121794871794872 0.6885817307692308 0.11602564102564103 0.10168269230769231
0 0.56875 0.5939903846153847 0.11378205128205128 0.09903846153846153
0 0.8009615384615385 0.49230769230769234 0.11282051282051282 0.0985576923076923
0 0.5713141025641025 0.4947115384615385 0.11570512820512821 0.09951923076923076
0 0.44903846153846155 0.39435096153846155 0.11987179487179488 0.10408653846153847
0 0.23717948717948717 0.30480769230769234 0.13076923076923078 0.08557692307692308
0 0.8032051282051282 0.5872596153846154 0.11474358974358974 0.09567307692307692
0 0.6865384615384615 0.5873798076923077 0.11602564102564103 0.09399038461538461
0 0.20881410256410257 0.39807692307692305 0.12467948717948718 0.10240384615384615
0 0.3296474358974359 0.39807692307692305 0.1189102564102564 0.1
0 0.6854166666666667 0.39326923076923076 0.11442307692307692 0.09903846153846153
0 0.5684294871794872 0.3939903846153846 0.11826923076923077 0.10096153846153846
0 0.7850961538461538 0.2984375 0.128525641025641 0.08581730769230769
0 0.33125 0.5949519230769231 0.11762820512820513 0.09711538461538462
0 0.6559294871794872 0.30096153846153845 0.12532051282051282 0.08173076923076923
0 0.7985576923076924 0.3919471153846154 0.11506410256410256 0.09831730769230769
0 0.5134615384615384 0.2987980769230769 0.12884615384615383 0.08461538461538462
0 0.45240384615384616 0.5907451923076923 0.1189102564102564 0.09879807692307692
0 0.21057692307692308 0.5979567307692307 0.11923076923076924 0.09879807692307692
0 0.32868589743589743 0.49651442307692306 0.12211538461538461 0.10120192307692308
0 0.4480769230769231 0.4947115384615385 0.1141025641025641 0.10048076923076923
0 0.21057692307692308 0.49795673076923075 0.11858974358974358 0.09735576923076923