0 0.5165064102564103 0.3997596153846154 0.13173076923076923 0.10240384615384615
0 0.07996794871794871 0.7487980769230769 0.1548076923076923 0.12740384615384615
0 0.3059294871794872 0.24951923076923077 0.12403846153846154 0.07596153846153846
0 0.6873397435897436 0.7301682692307693 0.1733974358974359 0.13581730769230768
0 0.5998397435897436 0.23305288461538462 0.1375 0.06947115384615385
0 0.8032051282051282 0.4846153846153846 0.15897435897435896 0.11057692307692307
0 0.7844551282051282 0.38461538461538464 0.1548076923076923 0.10721153846153846
0 0.5227564102564103 0.6067307692307692 0.15064102564102563 0.12692307692307692
0 0.22003205128205128 0.7444711538461538 0.15416666666666667 0.13076923076923078
0 0.26458333333333334 0.4231971153846154 0.12596153846153846 0.09639423076923077
0 0.6701923076923076 0.6048076923076923 0.1608974358974359 0.12355769230769231
0 0.10657051282051282 0.6311298076923076 0.14326923076923076 0.11899038461538461
0 0.4596153846153846 0.23677884615384615 0.13525641025641025 0.07355769230769231
0 0.7661858974358975 0.2957932692307692 0.13557692307692307 0.09399038461538461
0 0.6580128205128205 0.49435096153846153 0.14743589743589744 0.11033653846153846
0 0.525 0.7346153846153847 0.1621794871794872 0.13942307692307693
0 0.3818910256410256 0.5039663461538462 0.1362179487179487 0.10360576923076924
0 0.12772435897435896 0.5252403846153846 0.1362179487179487 0.10961538461538461
0 0.850801282051282 0.7257211538461539 0.1830128205128205 0.1389423076923077
0 0.39310897435897435 0.3183894230769231 0.1201923076923077 0.09302884615384616
0 0.27355769230769234 0.32992788461538464 0.12147435897435897 0.09783653846153846
0 0.23685897435897435 0.6237980769230769 0.1423076923076923 0.12115384615384615
0 0.51875 0.4969951923076923 0.1375 0.10649038461538461
0 0.6483974358974359 0.39807692307692305 0.13782051282051283 0.10096153846153846
0 0.14471153846153847 0.43353365384615383 0.128525641025641 0.10504807692307692
0 0.36907051282051284 0.7361778846153846 0.15416666666666667 0.14014423076923077
0 0.3868589743589744 0.4074519230769231 0.12628205128205128 0.09759615384615385
0 0.15737179487179487 0.340625 0.12051282051282051 0.09326923076923077
0 0.25592948717948716 0.5176682692307693 0.1310897435897436 0.10408653846153847
0 0.5160256410256411 0.3074519230769231 0.12564102564102564 0.09423076923076923
0 0.6407051282051283 0.3080528846153846 0.1282051282051282 0.09495192307692307
0 0.37419871794871795 0.6100961538461539 0.14583333333333334 0.12307692307692308
0 0.7447115384615385 0.22079326923076922 0.14775641025641026 0.08052884615384616
0 0.18445512820512822 0.26778846153846153 0.11955128205128206 0.06971153846153846
0 0.8270833333333333 0.5992788461538462 0.18044871794871795 0.1360576923076923