0 0.4033653846153846 0.3033653846153846 0.20865384615384616 0.10480769230769231
0 0.21185897435897436 0.3099759615384615 0.18012820512820513 0.09639423076923077
0 0.3703525641025641 0.6772836538461539 0.12916666666666668 0.15600961538461539
0 0.3943910256410256 0.40072115384615387 0.1983974358974359 0.1
0 0.6158653846153846 0.4026442307692308 0.20801282051282052 0.10096153846153846
0 0.25096153846153846 0.6692307692307692 0.12564102564102564 0.1528846153846154
0 0.38253205128205126 0.521875 0.14006410256410257 0.14903846153846154
0 0.5014423076923077 0.6924278846153846 0.14006410256410257 0.16995192307692308
0 0.19775641025641025 0.3998798076923077 0.1762820512820513 0.09399038461538461
0 0.7908653846153846 0.7098557692307692 0.1503205128205128 0.1764423076923077
0 0.7964743589743589 0.3669471153846154 0.14551282051282052 0.16274038461538462
0 0.7833333333333333 0.8811298076923076 0.15705128205128205 0.19014423076923076
0 0.26282051282051283 0.5223557692307692 0.12435897435897436 0.1451923076923077
0 0.5139423076923076 0.5265625 0.14326923076923076 0.1579326923076923
0 0.6516025641025641 0.5347355769230769 0.14935897435897436 0.16706730769230768
0 0.7974358974358975 0.5346153846153846 0.14935897435897436 0.16971153846153847
0 0.2378205128205128 0.8241586538461538 0.12692307692307692 0.16274038461538462
0 0.6173076923076923 0.30504807692307695 0.2153846153846154 0.10240384615384615
0 0.4897435897435897 0.8549278846153846 0.14615384615384616 0.17908653846153846
0 0.6400641025641025 0.7028846153846153 0.14807692307692308 0.17596153846153847
0 0.1219551282051282 0.8109375 0.11506410256410256 0.159375
0 0.1373397435897436 0.6563701923076923 0.11314102564102564 0.14975961538461538
0 0.15096153846153845 0.51875 0.11858974358974358 0.14807692307692308
0 0.36378205128205127 0.8371394230769231 0.13397435897435897 0.1733173076923077
0 0.6349358974358974 0.8689903846153846 0.15833333333333333 0.19134615384615383