0 0.33589743589743587 0.6070913461538462 0.14166666666666666 0.15552884615384616
0 0.34102564102564104 0.7620192307692307 0.14038461538461539 0.16105769230769232
0 0.19759615384615384 0.7716346153846154 0.14711538461538462 0.16490384615384615
0 0.6046474358974359 0.5979567307692307 0.12724358974358974 0.1516826923076923
0 0.4737179487179487 0.44495192307692305 0.14487179487179488 0.15432692307692308
0 0.7325320512820512 0.73125 0.1201923076923077 0.15240384615384617
0 0.7267628205128205 0.5894230769230769 0.11762820512820513 0.1466346153846154
0 0.4690705128205128 0.20961538461538462 0.21185897435897436 0.10913461538461539
0 0.8506410256410256 0.7225961538461538 0.11666666666666667 0.14711538461538462
0 0.842948717948718 0.43677884615384616 0.11794871794871795 0.14567307692307693
0 0.688301282051282 0.21033653846153846 0.2233974358974359 0.11442307692307692
0 0.6097756410256411 0.7403846153846154 0.12788461538461537 0.15048076923076922
0 0.8451923076923077 0.5813701923076923 0.11794871794871795 0.14302884615384615
0 0.47419871794871793 0.5998798076923076 0.13237179487179487 0.15216346153846153
0 0.23060897435897437 0.2013221153846154 0.22724358974358974 0.11514423076923076
0 0.2298076923076923 0.31033653846153847 0.22564102564102564 0.11153846153846154
0 0.18814102564102564 0.6106971153846154 0.14487179487179488 0.1579326923076923
0 0.1831730769230769 0.44543269230769234 0.15096153846153845 0.16538461538461538
0 0.7261217948717948 0.4390625 0.1201923076923077 0.14975961538461538
0 0.6807692307692308 0.31490384615384615 0.19294871794871796 0.10528846153846154
0 0.4735576923076923 0.3140625 0.20801282051282052 0.10504807692307692
0 0.3310897435897436 0.4466346153846154 0.14487179487179488 0.1605769230769231
0 0.6060897435897435 0.4417067307692308 0.13333333333333333 0.15552884615384616
0 0.8344551282051282 0.2901442307692308 0.12083333333333333 0.14951923076923077
0 0.48012820512820514 0.7526442307692308 0.13205128205128205 0.15913461538461537