0 0.5755 0.39925 0.10766666666666666 0.099
0 0.7921666666666667 0.662125 0.099 0.09225
0 0.3616666666666667 0.696125 0.12066666666666667 0.10375
0 0.6913333333333334 0.670625 0.102 0.09375
0 0.22866666666666666 0.5035 0.12933333333333333 0.106
0 0.46316666666666667 0.30175 0.11566666666666667 0.1025
0 0.3476666666666667 0.403 0.122 0.101
0 0.3446666666666667 0.30225 0.124 0.106
0 0.47733333333333333 0.686625 0.112 0.09975
0 0.7918333333333333 0.574375 0.101 0.08925
0 0.7886666666666666 0.300875 0.104 0.09375
0 0.4723333333333333 0.593625 0.112 0.09725
0 0.22 0.293 0.13333333333333333 0.111
0 0.356 0.599125 0.11933333333333333 0.10275
0 0.4646666666666667 0.401125 0.11666666666666667 0.09975
0 0.6865 0.58025 0.107 0.0935
0 0.2485 0.19175 0.15166666666666667 0.1105
0 0.686 0.39425 0.114 0.0945
0 0.5258333333333334 0.197875 0.129 0.09525
0 0.469 0.49775 0.11666666666666667 0.098
0 0.3938333333333333 0.207 0.135 0.095
0 0.5793333333333334 0.294625 0.12 0.10925
0 0.6855 0.29775 0.10766666666666666 0.1005
0 0.7863333333333333 0.393125 0.096 0.09175
0 0.3505 0.50125 0.12033333333333333 0.1015
0 0.6866666666666666 0.48725 0.10866666666666666 0.096
0 0.579 0.586125 0.104 0.09425
0 0.5865 0.678125 0.10766666666666666 0.09475
0 0.791 0.482625 0.102 0.09475
0 0.659 0.203625 0.12266666666666666 0.09275
0 0.5785 0.49375 0.103 0.095
0 0.7725 0.21225 0.111 0.085
0 0.2395 0.704625 0.127 0.10175
0 0.23333333333333334 0.60675 0.128 0.105
0 0.22283333333333333 0.399 0.133 0.1065