0 0.4583333333333333 0.4765625 0.12884615384615383 0.11129807692307692
0 0.33381410256410254 0.7055288461538461 0.13557692307692307 0.12067307692307692
0 0.18669871794871795 0.48257211538461536 0.14262820512820512 0.11658653846153846
0 0.19326923076923078 0.7120192307692308 0.14102564102564102 0.12115384615384615
0 0.7266025641025641 0.7878605769230769 0.12051282051282051 0.10889423076923077
0 0.3298076923076923 0.5931490384615384 0.1326923076923077 0.11610576923076923
0 0.5884615384615385 0.583173076923077 0.12307692307692308 0.10817307692307693
0 0.3251602564102564 0.4796875 0.13365384615384615 0.11322115384615385
0 0.32548076923076924 0.36622596153846154 0.13685897435897437 0.115625
0 0.1971153846153846 0.8270432692307692 0.13974358974358975 0.12283653846153846
0 0.5884615384615385 0.47728365384615384 0.12243589743589743 0.11033653846153846
0 0.1860576923076923 0.36646634615384616 0.14262820512820512 0.11802884615384615
0 0.21570512820512822 0.2609375 0.1564102564102564 0.09831730769230769
0 0.33798076923076925 0.8169471153846154 0.1387820512820513 0.11706730769230769
0 0.7104166666666667 0.5762019230769231 0.11762820512820513 0.10432692307692308
0 0.6649038461538461 0.26971153846153845 0.12724358974358974 0.08942307692307692
0 0.46057692307692305 0.5865384615384616 0.12756410256410255 0.11009615384615384
0 0.8259615384615384 0.5742788461538462 0.11282051282051282 0.10096153846153846
0 0.8421474358974359 0.7811298076923077 0.10801282051282052 0.10408653846153847
0 0.8357371794871795 0.6774038461538462 0.11634615384615385 0.10625
0 0.472275641025641 0.8075721153846154 0.12916666666666668 0.11514423076923076
0 0.7176282051282051 0.6817307692307693 0.12051282051282051 0.1110576923076923
0 0.4618589743589744 0.36490384615384613 0.13205128205128205 0.11442307692307692
0 0.7083333333333334 0.4723557692307692 0.11730769230769231 0.10576923076923077
0 0.6016025641025641 0.7975961538461539 0.12371794871794872 0.11394230769230769
0 0.19022435897435896 0.5975961538461538 0.14262820512820512 0.11730769230769231
0 0.7988782051282052 0.27115384615384613 0.1387820512820513 0.09182692307692308
0 0.5267628205128205 0.2637019230769231 0.14262820512820512 0.09471153846153846
0 0.8233974358974359 0.4719951923076923 0.11153846153846154 0.10360576923076924
0 0.5895833333333333 0.36754807692307695 0.12403846153846154 0.11009615384615384
0 0.7099358974358975 0.36682692307692305 0.11474358974358974 0.10432692307692308
0 0.5953525641025641 0.690264423076923 0.12467948717948718 0.11225961538461539
0 0.3737179487179487 0.2614182692307692 0.15384615384615385 0.0954326923076923
0 0.46778846153846154 0.6962740384615385 0.12980769230769232 0.115625
0 0.8213141025641025 0.3683894230769231 0.11057692307692307 0.10264423076923077