0 0.39871794871794874 0.19615384615384615 0.08461538461538462 0.09423076923076923
0 0.7198717948717949 0.4658653846153846 0.09358974358974359 0.09711538461538462
0 0.816025641025641 0.5600961538461539 0.09615384615384616 0.09519230769230769
0 0.2455128205128205 0.7158653846153846 0.07051282051282051 0.0798076923076923
0 0.7230769230769231 0.3663461538461538 0.1 0.1
0 0.6275641025641026 0.2745192307692308 0.09358974358974359 0.10096153846153846
0 0.5371794871794872 0.2783653846153846 0.09230769230769231 0.10096153846153846
0 0.5474358974358975 0.5591346153846154 0.08717948717948718 0.08557692307692308
0 0.4653846153846154 0.7264423076923077 0.08205128205128205 0.08365384615384615
0 0.5397435897435897 0.4706730769230769 0.08974358974358974 0.09326923076923077
0 0.4508589743589744 0.3778846153846154 0.08547435897435898 0.09423076923076923
0 0.6301282051282051 0.7326923076923076 0.08846153846153847 0.09230769230769231
0 0.6333333333333333 0.5581730769230769 0.08974358974358974 0.0875
0 0.7192307692307692 0.6504807692307693 0.08974358974358974 0.08942307692307692
0 0.816025641025641 0.3610576923076923 0.09871794871794871 0.10480769230769231
0 0.17435897435897435 0.6322115384615384 0.07179487179487179 0.08173076923076923
0 0.6282051282051282 0.46778846153846154 0.09230769230769231 0.09519230769230769
0 0.8076923076923077 0.7456730769230769 0.09487179487179487 0.09519230769230769
0 0.16346153846153846 0.21057692307692308 0.08076923076923077 0.09423076923076923
0 0.717948717948718 0.2653846153846154 0.09487179487179487 0.10384615384615385
0 0.1782051282051282 0.7086538461538462 0.07179487179487179 0.08076923076923077
0 0.4641025641025641 0.6418269230769231 0.08717948717948718 0.08942307692307692
0 0.36923076923076925 0.28846153846153844 0.08205128205128205 0.09230769230769231
0 0.8115384615384615 0.6548076923076923 0.09487179487179487 0.09615384615384616
0 0.30833333333333335 0.5528846153846154 0.0782051282051282 0.08461538461538462
0 0.22179487179487178 0.38509615384615387 0.07692307692307693 0.0875
0 0.6044871794871794 0.16346153846153846 0.10128205128205128 0.125
0 0.716025641025641 0.7399038461538462 0.09102564102564102 0.09134615384615384
0 0.29423076923076924 0.38221153846153844 0.07564102564102564 0.08942307692307692
0 0.2403846153846154 0.20625 0.0858974358974359 0.09711538461538462
0 0.37884615384615383 0.46875 0.08333333333333333 0.0875
0 0.3852564102564103 0.6403846153846153 0.0782051282051282 0.09038461538461538
0 0.24166666666666667 0.6354326923076923 0.07307692307692308 0.08241346153846153
0 0.6314102564102564 0.6466346153846154 0.0858974358974359 0.09326923076923077
0 0.5461538461538461 0.7283653846153846 0.08461538461538462 0.08557692307692308
0 0.3871794871794872 0.5548076923076923 0.08205128205128205 0.08461538461538462
0 0.5474358974358975 0.64375 0.08717948717948718 0.0875
0 0.14423076923076922 0.3 0.07564102564102564 0.08653846153846154
0 0.45705128205128204 0.4706730769230769 0.08076923076923077 0.08942307692307692
0 0.2916666666666667 0.2932692307692308 0.0782051282051282 0.08846153846153847
0 0.16602564102564102 0.5548076923076923 0.07307692307692308 0.07884615384615384
0 0.2185897435897436 0.2971153846153846 0.0782051282051282 0.08846153846153847
0 0.4512820512820513 0.2831730769230769 0.08461538461538462 0.09519230769230769
0 0.4653846153846154 0.5567307692307693 0.08205128205128205 0.08269230769230769
0 0.2282051282051282 0.4716346153846154 0.07435897435897436 0.08365384615384615
0 0.23397435897435898 0.5538461538461539 0.07564102564102564 0.08076923076923077
0 0.37051282051282053 0.37932692307692306 0.08205128205128205 0.09134615384615384
0 0.15897435897435896 0.4721153846153846 0.07435897435897436 0.08461538461538462
0 0.816025641025641 0.46298076923076925 0.09615384615384616 0.09711538461538462
0 0.3121794871794872 0.6365384615384615 0.07564102564102564 0.08461538461538462
0 0.5365384615384615 0.37548076923076923 0.08846153846153847 0.09903846153846153
0 0.7224358974358974 0.5600961538461539 0.09102564102564102 0.09326923076923077
0 0.3217948717948718 0.2014423076923077 0.08461538461538462 0.09326923076923077
0 0.8153846153846154 0.25769230769230766 0.1 0.11153846153846154
0 0.6275641025641026 0.3716346153846154 0.09102564102564102 0.09711538461538462
0 0.491025641025641 0.18461538461538463 0.08974358974358974 0.10384615384615385
0 0.14871794871794872 0.38653846153846155 0.07435897435897436 0.08846153846153847
0 0.38846153846153847 0.7235576923076923 0.07948717948717948 0.08557692307692308
0 0.3006410256410256 0.46923076923076923 0.08333333333333333 0.08846153846153847
0 0.31474358974358974 0.7192307692307692 0.07307692307692308 0.08269230769230769