0 0.5365384615384615 0.5995192307692307 0.08076923076923077 0.08173076923076923
0 0.6051282051282051 0.2533653846153846 0.08205128205128205 0.09134615384615384
0 0.17884615384615385 0.6620192307692307 0.06794871794871794 0.0798076923076923
0 0.46602564102564104 0.43028846153846156 0.08333333333333333 0.08557692307692308
0 0.5378205128205128 0.7634615384615384 0.08076923076923077 0.08461538461538462
0 0.23717948717948717 0.43125 0.06923076923076923 0.0798076923076923
0 0.16987179487179488 0.4307692307692308 0.06794871794871794 0.08076923076923077
0 0.791025641025641 0.6019230769230769 0.09230769230769231 0.09038461538461538
0 0.316025641025641 0.6745192307692308 0.07051282051282051 0.08173076923076923
0 0.4564102564102564 0.5985576923076923 0.07692307692307693 0.08557692307692308
0 0.1782051282051282 0.5865384615384616 0.0641025641025641 0.07307692307692308
0 0.23846153846153847 0.5120192307692307 0.06923076923076923 0.08173076923076923
0 0.24294871794871795 0.35 0.07051282051282051 0.08269230769230769
0 0.46153846153846156 0.34423076923076923 0.07948717948717948 0.08846153846153847
0 0.316025641025641 0.7533653846153846 0.06794871794871794 0.07788461538461539
0 0.4621794871794872 0.7600961538461538 0.08076923076923077 0.08173076923076923
0 0.6198717948717949 0.3423076923076923 0.0858974358974359 0.09038461538461538
0 0.617948717948718 0.6860576923076923 0.08205128205128205 0.08557692307692308
0 0.5365384615384615 0.5163461538461539 0.08076923076923077 0.08653846153846154
0 0.6256410256410256 0.4283653846153846 0.08717948717948718 0.08942307692307692
0 0.7884615384615384 0.32596153846153847 0.08974358974358974 0.09807692307692308
0 0.7032051282051283 0.6038461538461538 0.08846153846153847 0.08846153846153847
0 0.7108974358974359 0.42451923076923076 0.09102564102564102 0.09326923076923077
0 0.2282051282051282 0.2706730769230769 0.06923076923076923 0.07788461538461539
0 0.7923076923076923 0.5120192307692307 0.09230769230769231 0.09326923076923077
0 0.617948717948718 0.7682692307692308 0.08205128205128205 0.08653846153846154
0 0.7846153846153846 0.7788461538461539 0.08717948717948718 0.09423076923076923
0 0.45576923076923076 0.5139423076923076 0.07564102564102564 0.08365384615384615
0 0.17435897435897435 0.34951923076923075 0.06923076923076923 0.08173076923076923
0 0.7948717948717948 0.4182692307692308 0.08974358974358974 0.09423076923076923
0 0.3108974358974359 0.5942307692307692 0.07051282051282051 0.08076923076923077
0 0.6929487179487179 0.24471153846153845 0.08846153846153847 0.09519230769230769
0 0.7038461538461539 0.6889423076923077 0.08717948717948718 0.0875
0 0.617948717948718 0.6038461538461538 0.08205128205128205 0.08653846153846154
0 0.5391025641025641 0.34375 0.08076923076923077 0.09326923076923077
0 0.6185897435897436 0.5173076923076924 0.0858974358974359 0.08846153846153847
0 0.18269230769230768 0.7384615384615385 0.06794871794871794 0.07884615384615384
0 0.7884615384615384 0.6913461538461538 0.08974358974358974 0.08846153846153847
0 0.38653846153846155 0.3490384615384615 0.07564102564102564 0.08269230769230769
0 0.7044871794871795 0.5139423076923076 0.0858974358974359 0.08942307692307692
0 0.38461538461538464 0.4322115384615385 0.07692307692307693 0.08365384615384615
0 0.30705128205128207 0.5163461538461539 0.07051282051282051 0.08269230769230769
0 0.3128205128205128 0.3504807692307692 0.07179487179487179 0.08173076923076923
0 0.7032051282051283 0.3350961538461538 0.08846153846153847 0.09519230769230769
0 0.24294871794871795 0.5908653846153846 0.06794871794871794 0.0798076923076923
0 0.24807692307692308 0.74375 0.06794871794871794 0.0798076923076923
0 0.5384615384615384 0.68125 0.07948717948717948 0.08173076923076923
0 0.24743589743589745 0.6673076923076923 0.07179487179487179 0.07884615384615384
0 0.5282051282051282 0.25721153846153844 0.07692307692307693 0.08365384615384615
0 0.30705128205128207 0.43317307692307694 0.07307692307692308 0.08365384615384615
0 0.37884615384615383 0.5158653846153847 0.07564102564102564 0.08365384615384615
0 0.38269230769230766 0.5975961538461538 0.07307692307692308 0.08365384615384615
0 0.17307692307692307 0.5115384615384615 0.0641025641025641 0.08076923076923077
0 0.46153846153846156 0.6798076923076923 0.07948717948717948 0.08269230769230769
0 0.425 0.26346153846153847 0.1064102564102564 0.08653846153846154
0 0.5442307692307692 0.43125 0.0858974358974359 0.0875
0 0.38653846153846155 0.7576923076923077 0.07564102564102564 0.07884615384615384
0 0.7 0.775 0.08205128205128205 0.08846153846153847
0 0.3294871794871795 0.2706730769230769 0.07692307692307693 0.0798076923076923
0 0.3851794871794872 0.6786634615384615 0.07098717948717949 0.07920192307692309