0 0.8804166666666666 0.848125 0.12583333333333332 0.11375
0 0.58 0.60375 0.14833333333333334 0.09125
0 0.87 0.6225 0.12833333333333333 0.1125
0 0.8595833333333334 0.4025 0.1325 0.1125
0 0.8625 0.513125 0.12666666666666668 0.11
0 0.1575 0.525625 0.14 0.08375
0 0.4479166666666667 0.86125 0.14416666666666667 0.0875
0 0.7395833333333334 0.86125 0.1525 0.08875
0 0.535 0.225 0.14833333333333334 0.095
0 0.26208333333333333 0.2375 0.1425 0.0975
0 0.15375 0.4396875 0.1375 0.088125
0 0.7295833333333334 0.595 0.1525 0.09375
0 0.7341666666666666 0.775 0.15166666666666667 0.08875
0 0.14916666666666667 0.3509375 0.13666666666666666 0.086875
0 0.8766666666666667 0.73625 0.12833333333333333 0.11125
0 0.8329166666666666 0.2121875 0.15583333333333332 0.104375
0 0.29541666666666666 0.51875 0.13916666666666666 0.08375
0 0.43125 0.425625 0.14583333333333334 0.09125
0 0.16 0.6084375 0.13333333333333333 0.085625
0 0.585 0.69125 0.15 0.09
0 0.43833333333333335 0.69125 0.145 0.08875
0 0.7325 0.6875 0.15166666666666667 0.09
0 0.57625 0.42625 0.14583333333333334 0.09375
0 0.13166666666666665 0.24875 0.12333333333333334 0.1125
0 0.295 0.60375 0.13833333333333334 0.08625
0 0.7216666666666667 0.4125 0.14833333333333334 0.09125
0 0.6879166666666666 0.325625 0.14916666666666667 0.09625
0 0.29791666666666666 0.6875 0.13916666666666666 0.08375
0 0.5925 0.8625 0.14833333333333334 0.08625
0 0.40291666666666665 0.234375 0.13083333333333333 0.1175
0 0.54375 0.325 0.1225 0.11
0 0.275 0.3375 0.11666666666666667 0.11
0 0.6825 0.2284375 0.15 0.105625
0 0.4345833333333333 0.515 0.1425 0.09125
0 0.29041666666666666 0.435 0.1425 0.0875
0 0.16583333333333333 0.69125 0.135 0.08375
0 0.44125 0.775 0.1425 0.085
0 0.8391666666666666 0.3084375 0.15 0.093125
0 0.30416666666666664 0.77125 0.13833333333333334 0.085
0 0.40625 0.3384375 0.14916666666666667 0.096875
0 0.5795833333333333 0.515 0.1475 0.0875
0 0.17166666666666666 0.7746875 0.13666666666666666 0.085625
0 0.725 0.504375 0.14833333333333334 0.0925
0 0.435 0.60375 0.14333333333333334 0.09125
0 0.3129166666666667 0.855 0.13083333333333333 0.085
0 0.5875 0.7775 0.14833333333333334 0.08875
0 0.17475833333333335 0.8567812499999999 0.14475833333333335 0.08105625