0 0.40576923076923077 0.3995192307692308 0.08076923076923077 0.0875
0 0.4032051282051282 0.5745192307692307 0.07564102564102564 0.08557692307692308
0 0.6410256410256411 0.7557692307692307 0.08205128205128205 0.08846153846153847
0 0.4807692307692308 0.5783653846153847 0.08205128205128205 0.08942307692307692
0 0.3301282051282051 0.3139423076923077 0.07564102564102564 0.08942307692307692
0 0.4032051282051282 0.4875 0.0782051282051282 0.09230769230769231
0 0.4846153846153846 0.3995192307692308 0.07948717948717948 0.0875
0 0.48012820512820514 0.22355769230769232 0.08333333333333333 0.08365384615384615
0 0.5576923076923077 0.75 0.08205128205128205 0.08653846153846154
0 0.25576923076923075 0.3158653846153846 0.07564102564102564 0.0875
0 0.823076923076923 0.6788461538461539 0.09487179487179487 0.09423076923076923
0 0.25448717948717947 0.4826923076923077 0.07051282051282051 0.08461538461538462
0 0.7435897435897436 0.29903846153846153 0.09230769230769231 0.1
0 0.18269230769230768 0.31682692307692306 0.07051282051282051 0.0875
0 0.5621794871794872 0.58125 0.0858974358974359 0.0875
0 0.47884615384615387 0.7442307692307693 0.08076923076923077 0.08653846153846154
0 0.8391025641025641 0.29375 0.09871794871794871 0.10480769230769231
0 0.25448717948717947 0.7259615384615384 0.07051282051282051 0.08076923076923077
0 0.3282051282051282 0.5701923076923077 0.07692307692307693 0.08461538461538462
0 0.7307692307692307 0.675 0.09230769230769231 0.09230769230769231
0 0.4858974358974359 0.3105769230769231 0.08205128205128205 0.09038461538461538
0 0.65 0.49759615384615385 0.09230769230769231 0.09326923076923077
0 0.8128205128205128 0.7697115384615385 0.09743589743589744 0.09519230769230769
0 0.40576923076923077 0.3105769230769231 0.08076923076923077 0.09038461538461538
0 0.4807692307692308 0.48846153846153845 0.08205128205128205 0.09230769230769231
0 0.4 0.6576923076923077 0.07948717948717948 0.08461538461538462
0 0.5679487179487179 0.4009615384615385 0.09487179487179487 0.09230769230769231
0 0.7442307692307693 0.39471153846153845 0.09358974358974359 0.09711538461538462
0 0.3891025641025641 0.22259615384615383 0.09615384615384616 0.09134615384615384
0 0.4807692307692308 0.6615384615384615 0.08205128205128205 0.08653846153846154
0 0.8416666666666667 0.39326923076923076 0.09358974358974359 0.1
0 0.5685897435897436 0.3110576923076923 0.0858974358974359 0.09134615384615384
0 0.5621794871794872 0.6644230769230769 0.0858974358974359 0.08846153846153847
0 0.6455128205128206 0.6721153846153847 0.08846153846153847 0.09230769230769231
0 0.7230769230769231 0.7620192307692307 0.08717948717948718 0.08942307692307692
0 0.7416666666666667 0.4894230769230769 0.09102564102564102 0.09615384615384616
0 0.716025641025641 0.20817307692307693 0.09102564102564102 0.09519230769230769
0 0.7365384615384616 0.5826923076923077 0.09358974358974359 0.09423076923076923
0 0.5634615384615385 0.49182692307692305 0.08846153846153847 0.09134615384615384
0 0.8358974358974359 0.4913461538461538 0.09487179487179487 0.09807692307692308
0 0.6551282051282051 0.3072115384615385 0.08717948717948718 0.09711538461538462
0 0.18653846153846154 0.6432692307692308 0.07051282051282051 0.07692307692307693
0 0.8307692307692308 0.5870192307692308 0.09487179487179487 0.09326923076923077
0 0.39871794871794874 0.739423076923077 0.07692307692307693 0.08461538461538462
0 0.25384615384615383 0.6471153846153846 0.06923076923076923 0.08076923076923077
0 0.3282051282051282 0.48653846153846153 0.07435897435897436 0.08846153846153847
0 0.6493589743589744 0.5860576923076923 0.08846153846153847 0.09134615384615384
0 0.6551282051282051 0.4048076923076923 0.09487179487179487 0.09615384615384616
0 0.2551282051282051 0.5663461538461538 0.07435897435897436 0.08269230769230769
0 0.30705128205128207 0.22596153846153846 0.07564102564102564 0.08846153846153847
0 0.18461538461538463 0.48221153846153847 0.06923076923076923 0.0798076923076923
0 0.18525641025641026 0.7197115384615385 0.07051282051282051 0.0798076923076923
0 0.3243589743589744 0.6538461538461539 0.07435897435897436 0.08269230769230769
0 0.3282051282051282 0.4009615384615385 0.07692307692307693 0.08461538461538462
0 0.23653846153846153 0.2298076923076923 0.07307692307692308 0.08653846153846154
0 0.1814102564102564 0.5625 0.07051282051282051 0.08269230769230769
0 0.3243589743589744 0.7350961538461539 0.07435897435897436 0.08173076923076923
0 0.592948717948718 0.21634615384615385 0.08076923076923077 0.09615384615384616
0 0.18315384615384617 0.4010961538461538 0.07325641025641026 0.08213461538461539
0 0.2551282051282051 0.40102884615384615 0.0706923076923077 0.08062499999999999