0 0.77875 0.3459375 0.13583333333333333 0.149375
0 0.5241666666666667 0.330625 0.125 0.155
0 0.51875 0.4959375 0.1375 0.179375
0 0.36625 0.685625 0.1625 0.20625
0 0.6675 0.6946875 0.15 0.206875
0 0.7175 0.219375 0.23666666666666666 0.1125
0 0.10166666666666667 0.4803125 0.18 0.184375
0 0.655 0.5034375 0.145 0.181875
0 0.39958333333333335 0.331875 0.13083333333333333 0.1575
0 0.24625 0.490625 0.1625 0.17875
0 0.4675 0.21125 0.23 0.08625
0 0.3829166666666667 0.5 0.14916666666666667 0.185
0 0.21333333333333335 0.6803125 0.17833333333333334 0.205625
0 0.27375 0.3278125 0.1425 0.155625
0 0.07833333333333334 0.6753125 0.15666666666666668 0.206875
0 0.51625 0.68715 0.15083333333333335 0.21069375
0 0.14875 0.31875 0.15416666666666667 0.1525
0 0.24375 0.2153125 0.22583333333333333 0.074375
0 0.7966666666666666 0.506875 0.145 0.17875
0 0.8179166666666666 0.69875 0.1625 0.20875
0 0.6533333333333333 0.34 0.125 0.1525