0 0.8208333333333333 0.5034375 0.17666666666666667 0.095625
0 0.2675 0.821875 0.20666666666666667 0.11125
0 0.69 0.2828125 0.16166666666666665 0.150625
0 0.6395833333333333 0.5071875 0.18583333333333332 0.096875
0 0.2633333333333333 0.7178125 0.20333333333333334 0.111875
0 0.5383333333333333 0.3084375 0.195 0.103125
0 0.6508333333333334 0.799375 0.18 0.1025
0 0.22416666666666665 0.2784375 0.14166666666666666 0.156875
0 0.46166666666666667 0.7090625 0.19333333333333333 0.106875
0 0.64375 0.604375 0.1825 0.09875
0 0.2575 0.5109375 0.2 0.101875
0 0.3695833333333333 0.28125 0.1375 0.155
0 0.7379166666666667 0.695 0.35583333333333333 0.1
0 0.45375 0.4109375 0.1925 0.099375
0 0.45166666666666666 0.5096875 0.18833333333333332 0.098125
0 0.2604166666666667 0.6134375 0.20083333333333334 0.106875
0 0.255 0.4078125 0.205 0.103125
0 0.6483333333333333 0.7021875 0.18166666666666667 0.101875
0 0.6454166666666666 0.4084375 0.1875 0.099375
0 0.8245833333333333 0.59875 0.1775 0.09875
0 0.45666666666666667 0.6096875 0.19 0.101875
0 0.8283333333333334 0.79 0.17333333333333334 0.1
0 0.83375 0.2859375 0.1325 0.145625
0 0.46416666666666667 0.809375 0.19166666666666668 0.10625
0 0.8233333333333334 0.408125 0.17333333333333334 0.0975