0 0.3470052083333333 0.5437806072477963 0.12109375 0.1375122428991185
0 0.5872395833333334 0.5449559255631733 0.125 0.1320274240940255
0 0.4674479166666667 0.28432908912830557 0.19010416666666666 0.10127326150832518
0 0.46875 0.5441723800195887 0.11979166666666667 0.13241919686581782
0 0.5983072916666666 0.40744368266405484 0.12630208333333334 0.14299706170421156
0 0.5787760416666666 0.6787463271302644 0.12109375 0.13320274240940255
0 0.337890625 0.6802154750244858 0.12369791666666667 0.13026444662095985
0 0.21875 0.5416258570029383 0.13020833333333334 0.13712047012732614
0 0.263671875 0.2791380999020568 0.18619791666666666 0.10577864838393732
0 0.7076822916666666 0.4092066601371205 0.12369791666666667 0.13868756121449557
0 0.4596354166666667 0.6792360430950048 0.13020833333333334 0.13026444662095985
0 0.22526041666666666 0.3970617042115573 0.13020833333333334 0.1496571988246817
0 0.482421875 0.1929480901077375 0.19140625 0.09990205680705191
0 0.8307291666666666 0.2752203721841332 0.11979166666666667 0.14691478942213515
0 0.8111979166666666 0.5470127326150832 0.11979166666666667 0.13026444662095985
0 0.6790364583333334 0.29431929480901076 0.18359375 0.09500489715964741
0 0.6875 0.20176297747306562 0.1875 0.10186092066601371
0 0.2701822916666667 0.1792360430950049 0.19661458333333334 0.10577864838393732
0 0.7044270833333334 0.5465230166503428 0.12239583333333333 0.13320274240940255
0 0.4765625 0.40450538687561216 0.125 0.14103819784524976
0 0.3502604166666667 0.40254652301665034 0.125 0.14495592556317335
0 0.8235677083333334 0.41194906953966703 0.11848958333333333 0.13633692458374141
0 0.7958333333333334 0.6743388834476004 0.11927083333333333 0.12438785504407443
0 0.21158854166666666 0.6841332027424094 0.13151041666666666 0.13614103819784526
0 0.6924479166666666 0.6806072477962781 0.11927083333333333 0.13378060724779628