0 0.7041015625 0.5087009803921568 0.15690104166666666 0.11642156862745098
0 0.5289713541666666 0.2682598039215686 0.16080729166666666 0.12230392156862745
0 0.5388997395833334 0.5062524509803922 0.1767578125 0.13456127450980393
0 0.7018229166666666 0.6258578431372549 0.16536458333333334 0.1213235294117647
0 0.87939453125 0.3868872549019608 0.15852864583333334 0.1281862745098039
0 0.19986979166666666 0.3803921568627451 0.189453125 0.1264705882352941
0 0.3780924479166667 0.3735294117647059 0.17415364583333334 0.12058823529411765
0 0.7151692708333334 0.38480392156862747 0.17447916666666666 0.13578431372549019
0 0.19401041666666666 0.5035539215686274 0.18098958333333334 0.12524509803921569
0 0.3640950520833333 0.49522058823529413 0.16438802083333334 0.14191176470588235
0 0.189453125 0.2577205882352941 0.17057291666666666 0.12769607843137254
0 0.3551432291666667 0.24129901960784314 0.16080729166666666 0.1517156862745098
0 0.20003255208333334 0.6251225490196078 0.1611328125 0.12034313725490196
0 0.5341796875 0.6264705882352941 0.16471354166666666 0.11666666666666667
0 0.3660481770833333 0.6232843137254902 0.17220052083333334 0.12205882352941176
0 0.8670247395833334 0.5087009803921568 0.1728515625 0.12377450980392157
0 0.8611653645833334 0.623406862745098 0.1572265625 0.11691176470588235
0 0.54638671875 0.38480392156862747 0.16243489583333334 0.12156862745098039
0 0.6949869791666666 0.2659313725490196 0.18294270833333334 0.11225490196078432
0 0.87060546875 0.2691176470588235 0.16764322916666666 0.12058823529411765