0 0.85625 0.4825 0.18583333333333332 0.10875
0 0.25 0.85625 0.235 0.12875
0 0.23375 0.5090625 0.23916666666666667 0.119375
0 0.84625 0.35375 0.16583333333333333 0.1525
0 0.6608333333333334 0.489375 0.20833333333333334 0.11375
0 0.6741666666666667 0.710625 0.20166666666666666 0.11875
0 0.49833333333333335 0.2415625 0.15833333333333333 0.165625
0 0.6825 0.818125 0.205 0.12
0 0.46625 0.7234375 0.21583333333333332 0.125625
0 0.4533333333333333 0.4984375 0.205 0.114375
0 0.66625 0.3790625 0.20583333333333334 0.115625
0 0.22666666666666666 0.39125 0.24166666666666667 0.1175
0 0.86375 0.6959375 0.19083333333333333 0.114375
0 0.66625 0.6009375 0.1975 0.114375
0 0.23791666666666667 0.625625 0.23416666666666666 0.1225
0 0.455 0.3846875 0.21833333333333332 0.114375
0 0.17833333333333334 0.23875 0.18166666666666667 0.185
0 0.24333333333333335 0.74125 0.235 0.1275
0 0.3458333333333333 0.2453125 0.16666666666666666 0.166875
0 0.4741666666666667 0.836875 0.21833333333333332 0.1225
0 0.82625 0.231875 0.20583333333333334 0.1275
0 0.86 0.5884375 0.19166666666666668 0.111875
0 0.8725 0.7990625 0.18666666666666668 0.114375
0 0.6479166666666667 0.2425 0.14916666666666667 0.1625
0 0.46166666666666667 0.6115625 0.21333333333333335 0.118125