0 0.5657552083333334 0.4939950980392157 0.19140625 0.14142156862745098
0 0.7462565104166666 0.6441176470588236 0.19368489583333334 0.1426470588235294
0 0.5587565104166666 0.3599264705882353 0.19498697916666666 0.1375
0 0.55224609375 0.6316176470588235 0.19694010416666666 0.14852941176470588
0 0.21744791666666666 0.48504901960784313 0.16927083333333334 0.12990196078431374
0 0.9308268229166666 0.5095588235294117 0.13834635416666666 0.153921568627451
0 0.3855794270833333 0.3547794117647059 0.17740885416666666 0.13700980392156864
0 0.3766276041666667 0.6194852941176471 0.16666666666666666 0.1306372549019608
0 0.38671875 0.48884803921568626 0.17643229166666666 0.13602941176470587
0 0.22265625 0.2355392156862745 0.1796875 0.12205882352941176
0 0.23160807291666666 0.11862745098039215 0.18326822916666666 0.128921568627451
0 0.7599283854166666 0.5036764705882353 0.2041015625 0.14558823529411766
0 0.7586263020833334 0.3610294117647059 0.21451822916666666 0.14852941176470588
0 0.5782877604166666 0.23308823529411765 0.20084635416666666 0.12107843137254902
0 0.22086588541666666 0.3571078431372549 0.1669921875 0.12941176470588237
0 0.947265625 0.07107843137254902 0.10546875 0.1411764705882353
0 0.92138671875 0.6566176470588235 0.1572265625 0.15343137254901962
0 0.7858072916666666 0.21151960784313725 0.212890625 0.16225490196078432
0 0.9306640625 0.3594362745098039 0.138671875 0.15318627450980393
0 0.591796875 0.11139705882352942 0.19596354166666666 0.13112745098039216
0 0.40966796875 0.1017156862745098 0.18782552083333334 0.12352941176470589
0 0.3955078125 0.22622549019607843 0.1875 0.128921568627451
0 0.9461263020833334 0.20955882352941177 0.10774739583333333 0.14950980392156862
0 0.21516927083333334 0.6080882352941176 0.16666666666666666 0.12598039215686274
0 0.791015625 0.07389460784313726 0.2109375 0.14582843137254903