0 0.15833333333333333 0.478515625 0.24583333333333332 0.13359375
0 0.8828125 0.345703125 0.21770833333333334 0.18515625
0 0.6708333333333333 0.20703125 0.18958333333333333 0.2046875
0 0.6661458333333333 0.37109375 0.240625 0.1234375
0 0.15104166666666666 0.728125 0.24375 0.125
0 0.490625 0.205078125 0.175 0.19609375
0 0.3963541666666667 0.4875 0.23645833333333333 0.1296875
0 0.6229166666666667 0.740625 0.23958333333333334 0.1234375
0 0.6229166666666667 0.61875 0.23958333333333334 0.1234375
0 0.634375 0.496484375 0.23958333333333334 0.12578125
0 0.8717708333333333 0.498828125 0.24395833333333333 0.12578125
0 0.41458333333333336 0.363671875 0.24583333333333332 0.13203125
0 0.14270833333333333 0.190234375 0.18541666666666667 0.19921875
0 0.32083333333333336 0.2 0.17083333333333334 0.1984375
0 0.14427083333333332 0.848046875 0.234375 0.11953125
0 0.6130208333333333 0.856640625 0.23229166666666667 0.11484375
0 0.8598958333333333 0.621875 0.24270833333333333 0.121875
0 0.16770833333333332 0.35234375 0.2520833333333333 0.1375
0 0.8567708333333334 0.74296875 0.234375 0.11875
0 0.3875 0.61015625 0.2375 0.1265625
0 0.38697916666666665 0.7328125 0.23645833333333333 0.1234375
0 0.3807291666666667 0.852734375 0.23645833333333333 0.11953125
0 0.8421875 0.861328125 0.234375 0.11484375
0 0.8770833333333333 0.188671875 0.24583333333333332 0.13828125
0 0.15208333333333332 0.60390625 0.24166666666666667 0.13125