0 0.48083333333333333 0.7271875 0.175 0.189375
0 0.11958333333333333 0.75 0.1975 0.19
0 0.09416666666666666 0.36875 0.18833333333333332 0.2025
0 0.8091666666666667 0.70375 0.15833333333333333 0.17625
0 0.26125 0.17 0.19083333333333333 0.2025
0 0.63 0.3559375 0.17166666666666666 0.188125
0 0.80125 0.53125 0.15916666666666668 0.17625
0 0.30291666666666667 0.7384375 0.18416666666666667 0.189375
0 0.4658333333333333 0.545625 0.17 0.18125
0 0.6366666666666667 0.5375 0.17 0.17625
0 0.7945833333333333 0.353125 0.16083333333333333 0.18375
0 0.45625 0.361875 0.1775 0.19125
0 0.6479166666666667 0.7159375 0.1675 0.185625
0 0.27458333333333335 0.36625 0.1975 0.19125
0 0.1025 0.56375 0.2 0.19125
0 0.44375 0.1646875 0.18583333333333332 0.201875
0 0.29 0.555 0.18333333333333332 0.1875
0 0.6275 0.158125 0.18166666666666667 0.20875
0 0.0875 0.15625 0.175 0.2175
0 0.7966666666666666 0.16125 0.16166666666666665 0.1975