0 0.8204166666666667 0.34625 0.23916666666666667 0.16
0 0.5508333333333333 0.8040625 0.22166666666666668 0.171875
0 0.5841666666666666 0.351875 0.21666666666666667 0.1575
0 0.575 0.4996875 0.23 0.156875
0 0.39208333333333334 0.2153125 0.20083333333333334 0.151875
0 0.5658333333333333 0.6515625 0.22833333333333333 0.169375
0 0.19166666666666668 0.4928125 0.18 0.138125
0 0.38 0.3596875 0.17833333333333334 0.141875
0 0.18208333333333335 0.6290625 0.18416666666666667 0.140625
0 0.6 0.19375 0.22 0.15625
0 0.8075 0.506875 0.245 0.16375
0 0.3725 0.496875 0.18666666666666668 0.145
0 0.19625 0.3571875 0.1875 0.138125
0 0.20041666666666666 0.2175 0.18583333333333332 0.1475
0 0.16041666666666668 0.7634375 0.16583333333333333 0.145625
0 0.8066666666666666 0.66625 0.23166666666666666 0.175
0 0.3641666666666667 0.636875 0.18666666666666668 0.1525
0 0.7958333333333333 0.825625 0.23 0.17875
0 0.3433333333333333 0.7809375 0.195 0.163125
0 0.8266666666666667 0.185 0.23333333333333334 0.1675