0 0.33625 0.22875 0.15083333333333335 0.13
0 0.6375 0.3559375 0.16166666666666665 0.141875
0 0.32166666666666666 0.514375 0.16666666666666666 0.16
0 0.17875 0.3675 0.16583333333333333 0.14
0 0.4870833333333333 0.51 0.1625 0.16
0 0.15916666666666668 0.5175 0.17833333333333334 0.16125
0 0.33125 0.3646875 0.1525 0.141875
0 0.48375 0.36125 0.15083333333333335 0.14375
0 0.6241666666666666 0.218125 0.15166666666666667 0.1375
0 0.825 0.5034375 0.19 0.164375
0 0.30333333333333334 0.685 0.185 0.1825
0 0.77125 0.2146875 0.1625 0.134375
0 0.7966666666666666 0.351875 0.17166666666666666 0.14375
0 0.4841666666666667 0.6809375 0.18166666666666667 0.188125
0 0.12791666666666668 0.686875 0.19583333333333333 0.18
0 0.6729166666666667 0.6775 0.19916666666666666 0.18875
0 0.19916666666666666 0.23875 0.15666666666666668 0.12
0 0.6554166666666666 0.505 0.17583333333333334 0.1625
0 0.48 0.23 0.14166666666666666 0.1275
0 0.8575 0.6759375 0.215 0.186875