0 0.775 0.184765625 0.2 0.09921875
0 0.79375 0.2859375 0.17291666666666666 0.1328125
0 0.46145833333333336 0.19453125 0.15416666666666667 0.13125
0 0.3171875 0.194140625 0.15104166666666666 0.13203125
0 0.6755208333333333 0.637109375 0.2635416666666667 0.13671875
0 0.6302083333333334 0.3046875 0.23333333333333334 0.1
0 0.6109375 0.192578125 0.16770833333333332 0.13046875
0 0.1734375 0.3046875 0.234375 0.1015625
0 0.1484375 0.805859375 0.2947916666666667 0.16953125
0 0.63125 0.40554687500000003 0.2375 0.11265624999999999
0 0.15729166666666666 0.193359375 0.16666666666666666 0.13046875
0 0.4083333333333333 0.30625 0.2375 0.09375
0 0.4084375 0.40703125 0.23145833333333332 0.10625
0 0.890625 0.631640625 0.21875 0.13203125
0 0.1484375 0.65390625 0.29270833333333335 0.15
0 0.6552083333333333 0.514453125 0.2520833333333333 0.12109375
0 0.4197916666666667 0.519921875 0.24583333333333332 0.11953125
0 0.160625 0.522421875 0.2733333333333333 0.12609375
0 0.875 0.507421875 0.2375 0.11796875
0 0.4244791666666667 0.6453125 0.2677083333333333 0.14375
0 0.7096874999999999 0.77453125 0.274375 0.1559375
0 0.8453125 0.400390625 0.234375 0.10546875
0 0.90625 0.761328125 0.1875 0.14921875
0 0.16302083333333334 0.40625 0.2552083333333333 0.1125
0 0.44375 0.7890625 0.28125 0.16875