0 0.5325 0.72 0.105 0.1375
0 0.63625 0.5875 0.11083333333333334 0.14125
0 0.3358333333333333 0.5721875 0.095 0.131875
0 0.85625 0.739375 0.11583333333333333 0.135
0 0.33125 0.70375 0.0975 0.135
0 0.7504166666666666 0.595 0.11583333333333333 0.14375
0 0.6375 0.72625 0.11 0.14
0 0.4325 0.2175 0.12666666666666668 0.15125
0 0.4320833333333333 0.5775 0.0975 0.13875
0 0.7529166666666667 0.4475 0.1225 0.15
0 0.24166666666666667 0.57125 0.09333333333333334 0.13
0 0.4295833333333333 0.71125 0.0975 0.1375
0 0.8666666666666667 0.598125 0.12 0.15
0 0.24 0.699375 0.09333333333333334 0.1275
0 0.87 0.4471875 0.125 0.151875
0 0.6370833333333333 0.445 0.1125 0.14375
0 0.24208333333333334 0.43875 0.0975 0.13375
0 0.7454166666666666 0.73 0.10916666666666666 0.13375
0 0.3383333333333333 0.4384375 0.095 0.133125
0 0.53 0.5834375 0.10166666666666667 0.139375
0 0.28458333333333335 0.2325 0.1725 0.09875
0 0.5308333333333334 0.4446875 0.105 0.139375
0 0.6254166666666666 0.2975 0.13416666666666666 0.14875
0 0.46041666666666664 0.3334375 0.1775 0.083125
0 0.43416666666666665 0.4425 0.09833333333333333 0.135
0 0.28541666666666665 0.3259375 0.17083333333333334 0.091875
0 0.6008333333333333 0.178125 0.2 0.09375
0 0.8195833333333333 0.2146875 0.2125 0.110625
0 0.8241666666666667 0.3209375 0.21166666666666667 0.103125