0 0.29875 0.8065625 0.21583333333333332 0.161875
0 0.6991666666666667 0.5240625 0.19333333333333333 0.125625
0 0.50845 0.1959375 0.15809166666666669 0.136875
0 0.13916666666666666 0.1753125 0.18833333333333332 0.129375
0 0.51125 0.4115625 0.16083333333333333 0.109375
0 0.52375 0.6504875 0.19416666666666665 0.14401875
0 0.7158333333333333 0.6528125 0.20166666666666666 0.149375
0 0.3258333333333333 0.1928125 0.15833333333333333 0.140625
0 0.8383333333333334 0.2996875 0.18333333333333332 0.104375
0 0.11166666666666666 0.51200625 0.22333333333333333 0.13724375
0 0.6820833333333334 0.40875 0.1775 0.11125
0 0.85875 0.403125 0.18583333333333332 0.11625
0 0.7288083333333334 0.8065625 0.22094999999999998 0.159375
0 0.12208333333333334 0.3978125 0.24416666666666667 0.134375
0 0.32875 0.6546875 0.19416666666666665 0.139375
0 0.5004166666666666 0.3125 0.15916666666666668 0.09625
0 0.33458333333333334 0.3128125 0.1675 0.100625
0 0.10125 0.804375 0.2025 0.17625
0 0.5166666666666667 0.806875 0.21 0.16125
0 0.89 0.5165625 0.20666666666666667 0.128125
0 0.8992833333333334 0.64893125 0.201425 0.14876250000000002
0 0.8195833333333333 0.180625 0.18083333333333335 0.13875
0 0.32083333333333336 0.52875 0.19833333333333333 0.12875
0 0.6645833333333333 0.3121875 0.1675 0.103125
0 0.3458333333333333 0.4153125 0.16666666666666666 0.108125
0 0.91 0.8003125 0.18 0.170625
0 0.5170833333333333 0.52125 0.17916666666666667 0.12
0 0.12333333333333334 0.29710625 0.24666666666666667 0.12029375
0 0.6595833333333333 0.191875 0.16416666666666666 0.1425
0 0.11666666666666667 0.6433 0.23333333333333334 0.15840625