0 0.7791666666666667 0.43 0.16333333333333333 0.115
0 0.61375 0.31375 0.15083333333333335 0.155
0 0.155 0.34625 0.15166666666666667 0.14625
0 0.47208333333333335 0.3271875 0.1425 0.151875
0 0.7875 0.544375 0.16666666666666666 0.1175
0 0.7975 0.66 0.165 0.11625
0 0.30583333333333335 0.3396875 0.16 0.146875
0 0.6470833333333333 0.775 0.1575 0.11625
0 0.76125 0.29875 0.15916666666666668 0.1625
0 0.8075 0.7746875 0.17 0.119375
0 0.17875 0.56625 0.19916666666666666 0.10125
0 0.33666666666666667 0.6659375 0.13666666666666666 0.109375
0 0.17875 0.66625 0.1825 0.1025
0 0.17416666666666666 0.4675 0.20333333333333334 0.10375
0 0.6491666666666667 0.889375 0.15833333333333333 0.115
0 0.6429166666666667 0.6625 0.15416666666666667 0.1125
0 0.6216666666666667 0.44375 0.15333333333333332 0.115
0 0.34625 0.5609375 0.1375 0.104375
0 0.48541666666666666 0.665 0.1675 0.115
0 0.48791666666666667 0.5546875 0.1475 0.105625
0 0.3325 0.7721875 0.15166666666666667 0.109375
0 0.6341666666666667 0.5525 0.15666666666666668 0.1125
0 0.34291666666666665 0.88 0.13916666666666666 0.11375
0 0.495 0.8846875 0.15666666666666668 0.113125
0 0.8154166666666667 0.89125 0.16583333333333333 0.115
0 0.34 0.4575 0.14166666666666666 0.10625
0 0.49 0.7746875 0.15833333333333333 0.111875
0 0.47625 0.4525 0.14416666666666667 0.11125
0 0.17666666666666667 0.875 0.19666666666666666 0.10375
0 0.1675 0.771875 0.18666666666666668 0.1075