0 0.3854166666666667 0.15416666666666667 0.17643229166666666 0.13529411764705881
0 0.5546875 0.6189950980392157 0.15950520833333334 0.12475490196078431
0 0.8370768229166666 0.18443627450980393 0.12662760416666666 0.11642156862745098
0 0.4020182291666667 0.510906862745098 0.169921875 0.12916666666666668
0 0.69921875 0.6171568627450981 0.138671875 0.11029411764705882
0 0.83642578125 0.39080882352941176 0.1416015625 0.1105392156862745
0 0.3966471354166667 0.38553921568627453 0.18001302083333334 0.125
0 0.22395833333333334 0.5056372549019608 0.189453125 0.1323529411764706
0 0.5439453125 0.28737745098039214 0.15559895833333334 0.11348039215686274
0 0.20621744791666666 0.1403186274509804 0.19368489583333334 0.1355392156862745
0 0.7014973958333334 0.39558823529411763 0.14322916666666666 0.11274509803921569
0 0.19791666666666666 0.25857843137254904 0.18033854166666666 0.11911764705882352
0 0.3790690104166667 0.2691176470588235 0.18391927083333334 0.11666666666666667
0 0.84130859375 0.5008578431372549 0.13053385416666666 0.11102941176470588
0 0.8370768229166666 0.28737745098039214 0.13248697916666666 0.10759803921568628
0 0.21614583333333334 0.3758578431372549 0.193359375 0.12769607843137254
0 0.5553385416666666 0.5047794117647059 0.14908854166666666 0.11102941176470588
0 0.6951497395833334 0.2908088235294118 0.1533203125 0.10759803921568628
0 0.70556640625 0.5089460784313725 0.15787760416666666 0.11838235294117647
0 0.83056640625 0.6095588235294118 0.13509114583333334 0.10980392156862745
0 0.3990885416666667 0.6291666666666667 0.162109375 0.11764705882352941
0 0.69921875 0.19080882352941175 0.1640625 0.13602941176470587
0 0.55810546875 0.39742647058823527 0.15266927083333334 0.11348039215686274
0 0.22688802083333334 0.6340686274509804 0.18619791666666666 0.13137254901960785
0 0.54345703125 0.17720588235294119 0.1494140625 0.12401960784313726