0 0.7941666666666667 0.4215625 0.16333333333333333 0.083125
0 0.40875 0.4240625 0.1025 0.106875
0 0.805 0.320625 0.13 0.1175
0 0.6541666666666667 0.2340625 0.12 0.121875
0 0.6416666666666667 0.420625 0.15 0.0825
0 0.6333333333333333 0.5775 0.145 0.0825
0 0.6295833333333334 0.65375 0.14416666666666667 0.08125
0 0.5079166666666667 0.6340625 0.1025 0.103125
0 0.5141666666666667 0.4275 0.105 0.1075
0 0.6366666666666667 0.5 0.14666666666666667 0.08125
0 0.7816666666666666 0.5840625 0.15333333333333332 0.081875
0 0.30666666666666664 0.421875 0.1 0.10625
0 0.5166666666666667 0.2159375 0.15 0.086875
0 0.40791666666666665 0.5278125 0.10083333333333333 0.104375
0 0.5258333333333334 0.316875 0.115 0.11375
0 0.41458333333333336 0.3159375 0.10916666666666666 0.111875
0 0.30583333333333335 0.6240625 0.09833333333333333 0.100625
0 0.5108333333333334 0.531875 0.10333333333333333 0.105
0 0.30583333333333335 0.3146875 0.10333333333333333 0.110625
0 0.7883333333333333 0.504375 0.15666666666666668 0.0825
0 0.34791666666666665 0.2165625 0.1625 0.084375
0 0.3075 0.5246875 0.1 0.103125
0 0.65625 0.3375 0.15416666666666667 0.085
0 0.77875 0.6621875 0.15083333333333335 0.081875
0 0.8091666666666667 0.2153125 0.16666666666666666 0.098125
0 0.40708333333333335 0.6284375 0.09916666666666667 0.101875