0 0.4875 0.39125 0.17 0.1625
0 0.32166666666666666 0.39 0.17666666666666667 0.1625
0 0.6558333333333334 0.125 0.12166666666666667 0.11125
0 0.1775 0.2334375 0.16833333333333333 0.148125
0 0.6529166666666667 0.3909375 0.17083333333333334 0.164375
0 0.3333333333333333 0.2321875 0.17 0.153125
0 0.64625 0.55875 0.1725 0.1725
0 0.8241666666666667 0.3909375 0.17666666666666667 0.166875
0 0.155 0.3871875 0.18166666666666667 0.160625
0 0.4725 0.55625 0.175 0.16875
0 0.305 0.55375 0.17833333333333334 0.16625
0 0.4995833333333333 0.231875 0.1825 0.15625
0 0.82375 0.5621875 0.1825 0.176875
0 0.8329166666666666 0.21125 0.14083333333333334 0.115
0 0.30833333333333335 0.1171875 0.16166666666666665 0.081875
0 0.68 0.2221875 0.165 0.088125
0 0.80875 0.125 0.17083333333333334 0.10125
0 0.47625 0.11375 0.1625 0.0825
0 0.13375 0.5525 0.18416666666666667 0.1675
0 0.6533333333333333 0.2871875 0.16 0.045625
0 0.82 0.288125 0.17 0.04125