0 0.10583333333333333 0.63 0.125 0.1175
0 0.8441666666666666 0.7909375 0.17333333333333334 0.146875
0 0.8441666666666666 0.92875 0.17666666666666667 0.1425
0 0.8404166666666667 0.65 0.17583333333333334 0.14375
0 0.5116666666666667 0.9046875 0.15333333333333332 0.143125
0 0.67125 0.92 0.16583333333333333 0.14625
0 0.08958333333333333 0.8696875 0.1275 0.126875
0 0.36 0.8925 0.145 0.13875
0 0.6725 0.6475 0.16333333333333333 0.13625
0 0.11541666666666667 0.39875 0.12583333333333332 0.1125
0 0.83875 0.3775 0.16916666666666666 0.135
0 0.5125 0.7721875 0.15333333333333332 0.139375
0 0.22125 0.88 0.1375 0.12875
0 0.8404166666666667 0.51125 0.1725 0.1375
0 0.11083333333333334 0.5134375 0.125 0.115625
0 0.6725 0.7825 0.16333333333333333 0.1425
0 0.6754166666666667 0.385 0.15916666666666668 0.13125
0 0.09625 0.7484375 0.1225 0.123125
0 0.675 0.514375 0.16 0.13125
0 0.36375 0.76375 0.14583333333333334 0.135
0 0.4625 0.2775 0.16666666666666666 0.11
0 0.36833333333333335 0.6375 0.14 0.12875
0 0.37666666666666665 0.5146875 0.14 0.121875
0 0.2991666666666667 0.2859375 0.14666666666666667 0.104375
0 0.14791666666666667 0.29 0.15583333333333332 0.1025
0 0.37625 0.393125 0.13583333333333333 0.12125
0 0.8254166666666667 0.2575 0.18416666666666667 0.11625
0 0.24166666666666667 0.515 0.13333333333333333 0.11875
0 0.23208333333333334 0.635 0.1325 0.1225
0 0.5204166666666666 0.3884375 0.14916666666666667 0.128125
0 0.22375 0.75625 0.13583333333333333 0.1275
0 0.5204166666666666 0.5125 0.14583333333333334 0.125
0 0.24333333333333335 0.3971875 0.13 0.118125
0 0.64375 0.270625 0.17416666666666666 0.1075
0 0.51615 0.6402312499999999 0.153125 0.1317125