0 0.4170833333333333 0.154375 0.13583333333333333 0.11
0 0.75 0.353125 0.16333333333333333 0.10625
0 0.20208333333333334 0.696875 0.25416666666666665 0.12875
0 0.58875 0.1553125 0.13583333333333333 0.109375
0 0.5808333333333333 0.2584375 0.14833333333333334 0.099375
0 0.60375 0.576875 0.1625 0.11875
0 0.7704166666666666 0.57875 0.1725 0.11875
0 0.59875 0.4625 0.15916666666666668 0.11125
0 0.7404166666666666 0.25484375 0.15583333333333332 0.1015625
0 0.90875 0.3503125 0.1675 0.101875
0 0.9283333333333333 0.701875 0.14333333333333334 0.13375
0 0.22916666666666666 0.4659375 0.24166666666666667 0.106875
0 0.42833333333333334 0.259375 0.15 0.105
0 0.7604166666666666 0.4596875 0.1625 0.118125
0 0.235 0.363125 0.21833333333333332 0.10125
0 0.4220833333333333 0.360625 0.15416666666666667 0.10625
0 0.7708333333333334 0.7021875 0.18 0.131875
0 0.24541666666666667 0.26625 0.20916666666666667 0.095
0 0.43875 0.4625 0.15583333333333332 0.11125
0 0.20958333333333334 0.57625 0.2575 0.11750624999999999
0 0.5929166666666666 0.70125 0.17416666666666666 0.13125
0 0.41333333333333333 0.6990625 0.17666666666666667 0.130625
0 0.24041666666666667 0.1571875 0.1575 0.128125
0 0.9245833333333333 0.57421875 0.15083333333333335 0.1203125
0 0.42791666666666667 0.575 0.16416666666666666 0.12
0 0.91875 0.4559375 0.1625 0.118125
0 0.8679166666666667 0.1471875 0.14916666666666667 0.111875
0 0.5904166666666667 0.3565625 0.15416666666666667 0.105625
0 0.72125 0.1534375 0.14416666666666667 0.115625
0 0.89875 0.24875 0.1675 0.1075