0 0.8066666666666666 0.4353125 0.165 0.119375
0 0.65625 0.67 0.15916666666666668 0.11375
0 0.4766666666666667 0.31625 0.16166666666666665 0.17125
0 0.50875 0.7840625 0.15083333333333335 0.118125
0 0.50375 0.56 0.14583333333333334 0.11125
0 0.6645833333333333 0.7853125 0.15916666666666668 0.118125
0 0.6729166666666667 0.9040625 0.15916666666666668 0.124375
0 0.5033333333333333 0.670625 0.15166666666666667 0.11375
0 0.15291666666666667 0.90625 0.2375 0.12375
0 0.16083333333333333 0.46 0.235 0.11125
0 0.3645833333333333 0.89375 0.13916666666666666 0.1125
0 0.6545833333333333 0.5565625 0.1525 0.111875
0 0.35791666666666666 0.4565625 0.14083333333333334 0.105625
0 0.14166666666666666 0.328125 0.19 0.1575
0 0.3591666666666667 0.5609375 0.14333333333333334 0.106875
0 0.4975 0.45174375 0.14666666666666667 0.114375
0 0.16166666666666665 0.7928125 0.23833333333333334 0.123125
0 0.5133333333333333 0.900625 0.15166666666666667 0.115
0 0.8204166666666667 0.6678125 0.16916666666666666 0.116875
0 0.8308333333333333 0.7890625 0.17 0.123125
0 0.165 0.5678125 0.23 0.109375
0 0.3591666666666667 0.7828125 0.14666666666666667 0.113125
0 0.33166666666666667 0.32625 0.16 0.1625
0 0.16541666666666666 0.676875 0.22916666666666666 0.11125
0 0.6466666666666666 0.4465625 0.155 0.116875
0 0.3545833333333333 0.6709375 0.14416666666666667 0.111875
0 0.815 0.55 0.16833333333333333 0.12125
0 0.8391666666666666 0.9136687499999999 0.17 0.12483124999999999
0 0.6283333333333333 0.3059375 0.16 0.173125
0 0.7929166666666667 0.2915625 0.17083333333333334 0.176875