0 0.17375 0.3825 0.18583333333333332 0.11625
0 0.56625 0.23625 0.2275 0.125
0 0.8725 0.2371875 0.24 0.125625
0 0.17458333333333334 0.2496875 0.15583333333333332 0.148125
0 0.3804166666666667 0.3909375 0.2025 0.124375
0 0.5675 0.8925 0.225 0.15
0 0.8991666666666667 0.38625 0.185 0.17125
0 0.34541666666666665 0.25125 0.1925 0.15375
0 0.5966666666666667 0.6475 0.23 0.13875
0 0.72 0.384375 0.175 0.165
0 0.60875 0.525 0.22416666666666665 0.13875
0 0.82 0.795625 0.245 0.1475
0 0.12875 0.50875 0.1475 0.15625
0 0.38 0.8434375 0.165 0.170625
0 0.2708333333333333 0.515 0.155 0.155
0 0.8083333333333333 0.9225 0.24 0.13875
0 0.85 0.5375 0.245 0.14
0 0.4175 0.523125 0.17 0.16
0 0.84125 0.66875 0.2425 0.1375
0 0.3958333333333333 0.679375 0.165 0.15875
0 0.22875 0.8271875 0.15583333333333332 0.166875
0 0.09 0.81 0.14 0.165
0 0.1075 0.6575 0.145 0.15625
0 0.5654166666666667 0.3775 0.17916666666666667 0.16125
0 0.5816666666666667 0.7721875 0.23 0.145625
0 0.2475 0.670625 0.16 0.16125