0 0.32208333333333333 0.8771875 0.15416666666666667 0.129375
0 0.8754166666666666 0.38625 0.19583333333333333 0.14125
0 0.5233333333333333 0.393125 0.16166666666666665 0.1275
0 0.6779166666666666 0.64625 0.17916666666666667 0.1325
0 0.5133333333333333 0.2478125 0.155 0.171875
0 0.67 0.906875 0.175 0.145
0 0.5004166666666666 0.6409375 0.17083333333333334 0.133125
0 0.13791666666666666 0.258575 0.14916666666666667 0.17215624999999998
0 0.6725 0.7784375 0.18 0.136875
0 0.30875 0.2528125 0.19583333333333333 0.171875
0 0.34958333333333336 0.514375 0.1625 0.11875
0 0.6858333333333333 0.5209375 0.175 0.131875
0 0.15166666666666667 0.62375 0.195 0.12
0 0.36041666666666666 0.3934375 0.15916666666666668 0.128125
0 0.16166666666666665 0.510625 0.20666666666666667 0.11375
0 0.31958333333333333 0.7540625 0.15583333333333332 0.126875
0 0.13791666666666666 0.8546875 0.20916666666666667 0.131875
0 0.48791666666666667 0.8928125 0.1725 0.138125
0 0.8661916666666667 0.6596875 0.19761666666666666 0.136875
0 0.49041666666666667 0.76625 0.1775 0.1275
0 0.16833333333333333 0.39606875 0.225 0.11911250000000001
0 0.8683333333333333 0.7946875 0.19166666666666668 0.141875
0 0.32958333333333334 0.6353125 0.16583333333333333 0.124375
0 0.6891666666666667 0.390625 0.175 0.135
0 0.8729166666666667 0.52438125 0.19083333333333333 0.1375125
0 0.8595833333333334 0.9315625 0.19583333333333333 0.136875
0 0.515 0.51625 0.16333333333333333 0.1225
0 0.6820833333333334 0.23875 0.17583333333333334 0.18
0 0.13833333333333334 0.7390625 0.205 0.131875
0 0.8679166666666667 0.2275 0.1875 0.1825