0 0.28820598006644516 0.67625 0.09634551495016612 0.0725
0 0.2803156146179402 0.2521875 0.09717607973421927 0.074375
0 0.1852159468438538 0.328125 0.09302325581395349 0.0725
0 0.09551495016611296 0.6725 0.09136212624584718 0.07
0 0.38704318936877075 0.7525 0.10132890365448505 0.0775
0 0.1856312292358804 0.3975 0.09219269102990033 0.07
0 0.7072259136212624 0.3 0.11710963455149502 0.08625
0 0.19144518272425248 0.605 0.09385382059800665 0.07125
0 0.38787375415282394 0.82375 0.10299003322259136 0.075
0 0.19061461794019935 0.53625 0.09219269102990033 0.07
0 0.28280730897009965 0.3225 0.09717607973421927 0.07375
0 0.19144518272425248 0.81375 0.09385382059800665 0.07125
0 0.489202657807309 0.68125 0.10299003322259136 0.075
0 0.18895348837209303 0.46625 0.09385382059800665 0.07
0 0.3853820598006645 0.6075 0.09966777408637874 0.07375
0 0.3862126245847176 0.68 0.10132890365448505 0.075
0 0.09551495016611296 0.741875 0.09136212624584718 0.07
0 0.5980066445182725 0.6075 0.11129568106312292 0.07625
0 0.28488372093023256 0.46375 0.09800664451827243 0.07
0 0.18272425249169436 0.2575 0.09302325581395349 0.0725
0 0.49169435215946844 0.755 0.10631229235880399 0.075
0 0.3824750830564784 0.5359375 0.09883720930232558 0.071875
0 0.8284883720930233 0.375 0.12043189368770764 0.0825
0 0.28488372093023256 0.53375 0.0946843853820598 0.07
0 0.7059800664451827 0.38 0.11627906976744186 0.0825
0 0.385797342192691 0.46375 0.09883720930232558 0.07125
0 0.707641196013289 0.4575 0.11461794019933555 0.0775
0 0.4904485049833887 0.6075 0.10382059800664452 0.0725
0 0.598421926910299 0.68375 0.11212624584717608 0.07875
0 0.5921926910299004 0.533125 0.11129568106312292 0.075
0 0.5938538205980066 0.384375 0.10963455149501661 0.07875
0 0.8280730897009967 0.53375 0.1212624584717608 0.07875
0 0.4887873754152824 0.461875 0.10215946843853821 0.075
0 0.287375415282392 0.7475 0.09800664451827243 0.07125
0 0.5930232558139535 0.3075 0.11129568106312292 0.08375
0 0.6017441860465116 0.835 0.10880398671096346 0.0775
0 0.707641196013289 0.5334375 0.11627906976744186 0.075625
0 0.28820598006644516 0.816875 0.09800664451827243 0.07375
0 0.4883720930232558 0.389375 0.10465116279069768 0.07625
0 0.09343853820598007 0.265 0.08554817275747509 0.06875
0 0.595514950166113 0.4584375 0.11129568106312292 0.076875
0 0.8289036544850499 0.4546875 0.1212624584717608 0.080625
0 0.1897840531561462 0.745 0.09551495016611296 0.07125
0 0.7159468438538206 0.84125 0.11295681063122924 0.07875
0 0.8226744186046512 0.216875 0.11877076411960133 0.085
0 0.6009136212624585 0.76 0.11046511627906977 0.08
0 0.7101328903654485 0.6109375 0.11461794019933555 0.078125
0 0.489202657807309 0.315625 0.10631229235880399 0.08
0 0.5897009966777409 0.2359375 0.11627906976744186 0.074375
0 0.8264119601328903 0.29625 0.11960132890365449 0.08375
0 0.0946843853820598 0.40125 0.08803986710963455 0.0675
0 0.3808139534883721 0.3934375 0.1004983388704319 0.073125
0 0.48546511627906974 0.5371875 0.10548172757475083 0.076875
0 0.8334717607973422 0.8484375 0.11710963455149502 0.081875
0 0.8384551495016611 0.77 0.11877076411960133 0.08375
0 0.7043189368770764 0.2246875 0.11627906976744186 0.083125
0 0.2811461794019934 0.39375 0.09883720930232558 0.07125
0 0.38289036544850497 0.320625 0.10132890365448505 0.075
0 0.8330564784053156 0.6125 0.11960132890365449 0.08
0 0.7134551495016611 0.6884375 0.11627906976744186 0.079375
0 0.834717607973422 0.6909375 0.11794019933554817 0.080625
0 0.3799833887043189 0.2475 0.09883720930232558 0.07375
0 0.71843853820598 0.765 0.11627906976744186 0.08
0 0.4838039867109635 0.2375 0.10714285714285714 0.08875
0 0.19227574750830564 0.675 0.09551495016611296 0.07
0 0.09759136212624585 0.53625 0.0888704318936877 0.06875
0 0.49667774086378735 0.82875 0.10631229235880399 0.075
0 0.09966777408637874 0.80875 0.09136212624584718 0.06875
0 0.09676079734219269 0.60375 0.0888704318936877 0.06875
0 0.09302325581395349 0.333125 0.08803986710963455 0.07
0 0.287375415282392 0.605 0.09634551495016612 0.0725
0 0.09800664451827243 0.46875 0.08803986710963455 0.06875