0 0.6879166666666666 0.5821875 0.1525 0.113125
0 0.53125 0.588125 0.15583333333333332 0.10625
0 0.37833333333333335 0.59375 0.15 0.10375
0 0.85625 0.670625 0.16583333333333333 0.08875
0 0.81375 0.4775 0.1675 0.09875
0 0.21375 0.68625 0.15583333333333332 0.0775
0 0.2375 0.4175 0.14 0.0875
0 0.37041666666666667 0.4975 0.14083333333333334 0.09875
0 0.22375 0.6 0.1575 0.1025
0 0.37583333333333335 0.24 0.12 0.0875
0 0.5025 0.39625 0.14166666666666666 0.09125
0 0.5358333333333334 0.678125 0.16 0.08
0 0.37166666666666665 0.6825 0.16166666666666665 0.08125
0 0.8379166666666666 0.5771875 0.1725 0.108125
0 0.51125 0.4875 0.1325 0.10375
0 0.8025 0.38625 0.16 0.09125
0 0.51 0.23375 0.12 0.085
0 0.6479166666666667 0.3925 0.15083333333333335 0.095
0 0.25166666666666665 0.25 0.12333333333333334 0.08125
0 0.7745833333333333 0.2196875 0.1375 0.086875
0 0.2275 0.505 0.145 0.09375
0 0.65125 0.4825 0.15583333333333332 0.09875
0 0.6479166666666667 0.3059375 0.14583333333333334 0.090625
0 0.24083333333333334 0.3325 0.13 0.08875
0 0.6466666666666666 0.22375 0.13 0.0825
0 0.3695833333333333 0.32375 0.1325 0.085
0 0.3675 0.4075 0.12833333333333333 0.095
0 0.5075 0.3109375 0.135 0.091875
0 0.7908333333333334 0.300625 0.14833333333333334 0.08375
0 0.7029166666666666 0.6759375 0.1675 0.081875