0 0.3546511627906977 0.47875 0.10132890365448505 0.07
0 0.4563953488372093 0.4775 0.09717607973421927 0.0675
0 0.2516611295681063 0.5509375 0.10631229235880399 0.070625
0 0.752906976744186 0.2759375 0.09219269102990033 0.068125
0 0.5548172757475083 0.4784375 0.09800664451827243 0.068125
0 0.14285714285714285 0.55375 0.11129568106312292 0.0725
0 0.45556478405315615 0.6775 0.09385382059800665 0.0675
0 0.6578073089700996 0.20125 0.09634551495016612 0.07375
0 0.654485049833887 0.2734375 0.09634551495016612 0.071875
0 0.7371262458471761 0.603125 0.09385382059800665 0.065
0 0.3554817275747508 0.5484375 0.10132890365448505 0.069375
0 0.8413621262458472 0.2771875 0.08970099667774087 0.068125
0 0.25705980066445183 0.755 0.10215946843853821 0.07125
0 0.8446843853820598 0.2096875 0.08970099667774087 0.070625
0 0.5568936877076412 0.2734375 0.09717607973421927 0.070625
0 0.6503322259136213 0.4759375 0.09302325581395349 0.065625
0 0.7475083056478405 0.34375 0.09302325581395349 0.0675
0 0.7408637873754153 0.41125 0.09302325581395349 0.06625
0 0.645764119601329 0.41 0.09219269102990033 0.06625
0 0.5514950166112956 0.6725 0.09136212624584718 0.0675
0 0.3467607973421927 0.1921875 0.10548172757475083 0.075625
0 0.5548172757475083 0.73625 0.09136212624584718 0.06625
0 0.2446013289036545 0.410625 0.10714285714285714 0.0725
0 0.15199335548172757 0.7621875 0.10631229235880399 0.070625
0 0.45058139534883723 0.410625 0.09385382059800665 0.06875
0 0.5602159468438538 0.2 0.09883720930232558 0.07625
0 0.14742524916943522 0.69375 0.10548172757475083 0.07125
0 0.4563953488372093 0.6125 0.09717607973421927 0.06875
0 0.3596345514950166 0.7475 0.09966777408637874 0.06875
0 0.13330564784053156 0.33375 0.11212624584717608 0.07625
0 0.4580564784053156 0.74125 0.09551495016611296 0.0675
0 0.35091362126245845 0.41 0.10215946843853821 0.07
0 0.13496677740863788 0.40875 0.11212624584717608 0.07375
0 0.739202657807309 0.5384375 0.09136212624584718 0.065625
0 0.4563953488372093 0.34125 0.09883720930232558 0.0725
0 0.12998338870431894 0.25875 0.11212624584717608 0.07875
0 0.6511627906976745 0.3425 0.0946843853820598 0.07
0 0.35672757475083056 0.6159375 0.09717607973421927 0.069375
0 0.35340531561461797 0.3396875 0.10215946843853821 0.071875
0 0.24584717607973422 0.3375 0.10963455149501661 0.075
0 0.45722591362126247 0.545 0.09883720930232558 0.06875
0 0.8363787375415282 0.41 0.09136212624584718 0.065
0 0.2545681063122924 0.689375 0.10382059800664452 0.07125
0 0.35174418604651164 0.26625 0.10382059800664452 0.075
0 0.13870431893687707 0.4821875 0.11295681063122924 0.074375
0 0.5552325581395349 0.3425 0.09551495016611296 0.07
0 0.2425249169435216 0.2625 0.1079734219269103 0.07875
0 0.25332225913621265 0.62 0.10465116279069768 0.0725
0 0.23795681063122923 0.1875 0.10880398671096346 0.07875
0 0.45722591362126247 0.26875 0.1004983388704319 0.07625
0 0.45348837209302323 0.195 0.10132890365448505 0.075
0 0.550249169435216 0.41171875 0.09717607973421927 0.0684375
0 0.8392857142857143 0.34375 0.09053156146179402 0.0675
0 0.1457641196013289 0.625 0.10880398671096346 0.0725
0 0.7387873754152824 0.66375 0.0888704318936877 0.06125
0 0.8272425249169435 0.5996875 0.08637873754152824 0.061875
0 0.5523255813953488 0.608125 0.09136212624584718 0.0675
0 0.12624584717607973 0.1825 0.11129568106312292 0.07875
0 0.35631229235880396 0.6825 0.09966777408637874 0.07
0 0.5548172757475083 0.5434375 0.0946843853820598 0.065625
0 0.6449335548172758 0.66875 0.09219269102990033 0.06625
0 0.645764119601329 0.730625 0.09053156146179402 0.065
0 0.8351328903654485 0.47375 0.09219269102990033 0.06375
0 0.8301495016611296 0.5375 0.0888704318936877 0.06375
0 0.6424418604651163 0.6046875 0.09053156146179402 0.063125
0 0.8251661129568106 0.66125 0.08554817275747509 0.0625
0 0.7537375415282392 0.206875 0.09219269102990033 0.07
0 0.7416943521594684 0.475625 0.09136212624584718 0.065
0 0.8243355481727574 0.72125 0.08388704318936877 0.05875
0 0.24875415282392027 0.48125 0.10548172757475083 0.07
0 0.6474252491694352 0.5409375 0.09219269102990033 0.064375
0 0.7383720930232558 0.7275125 0.09045681063122923 0.06184375