0 0.2608333333333333 0.3771875 0.115 0.073125
0 0.15833333333333333 0.72625 0.105 0.07125
0 0.27375 0.800625 0.1125 0.07375
0 0.14791666666666667 0.3759375 0.11583333333333333 0.071875
0 0.26416666666666666 0.72875 0.11166666666666666 0.0725
0 0.26 0.65875 0.11 0.0725
0 0.3770833333333333 0.7346875 0.1175 0.076875
0 0.15666666666666668 0.5875 0.105 0.07125
0 0.2654166666666667 0.5875 0.1125 0.07125
0 0.38708333333333333 0.806875 0.1175 0.0775
0 0.5308333333333334 0.27125 0.115 0.11
0 0.5075 0.8125 0.12666666666666668 0.08
0 0.7566666666666667 0.3609375 0.10833333333333334 0.103125
0 0.22916666666666666 0.29125 0.09833333333333333 0.09875
0 0.6445833333333333 0.27375 0.1075 0.1025
0 0.265 0.44875 0.115 0.0725
0 0.15583333333333332 0.44875 0.105 0.07375
0 0.755 0.5625 0.11333333333333333 0.10125
0 0.42291666666666666 0.2775 0.10416666666666667 0.105
0 0.7558333333333334 0.46125 0.11 0.1
0 0.16041666666666668 0.7971875 0.1125 0.070625
0 0.37375 0.6609375 0.11916666666666667 0.075625
0 0.75125 0.65125 0.1375 0.0775
0 0.7541666666666667 0.2596875 0.10666666666666667 0.103125
0 0.7575 0.8125 0.12 0.095
0 0.1375 0.295 0.095 0.09125
0 0.37958333333333333 0.36875 0.1225 0.0775
0 0.32208333333333333 0.28125 0.0975 0.10125
0 0.38125 0.51625 0.1175 0.07375
0 0.3779166666666667 0.5875 0.11416666666666667 0.07375
0 0.15583333333333332 0.52 0.105 0.07
0 0.6375 0.82 0.13166666666666665 0.07625
0 0.5025 0.365 0.13 0.07875
0 0.6220833333333333 0.591875 0.1325 0.07875
0 0.505 0.4396875 0.12833333333333333 0.075625
0 0.49333333333333335 0.66125 0.12 0.07625
0 0.6241666666666666 0.745 0.13 0.0775
0 0.635 0.4425 0.13666666666666666 0.08
0 0.6329166666666667 0.5175 0.13583333333333333 0.0775
0 0.7525 0.7275 0.135 0.07875
0 0.26625 0.5175 0.1175 0.07125
0 0.6341666666666667 0.36375 0.13166666666666665 0.0825
0 0.49666666666666665 0.586875 0.12333333333333334 0.07625
0 0.5041666666666667 0.5121875 0.12666666666666668 0.078125
0 0.3829166666666667 0.44375 0.1175 0.075
0 0.6179166666666667 0.66875 0.13416666666666666 0.08
0 0.4979166666666667 0.73625 0.12416666666666666 0.0775
0 0.15491666666666667 0.6574125 0.10816666666666667 0.06831875