0 0.5946843853820598 0.4525 0.09966777408637874 0.07
0 0.49210963455149503 0.4534375 0.10215946843853821 0.071875
0 0.39493355481727577 0.5275 0.10382059800664452 0.07375
0 0.49875415282392027 0.7234375 0.09385382059800665 0.068125
0 0.39659468438538203 0.59875 0.10215946843853821 0.0725
0 0.18687707641196014 0.75125 0.10963455149501661 0.0725
0 0.5930232558139535 0.6521875 0.09136212624584718 0.068125
0 0.5930232558139535 0.5875 0.09302325581395349 0.07
0 0.5946843853820598 0.52 0.09302325581395349 0.07125
0 0.6922757475083057 0.31 0.09551495016611296 0.07375
0 0.39659468438538203 0.665 0.10215946843853821 0.07
0 0.5946843853820598 0.71625 0.08970099667774087 0.07
0 0.29485049833887045 0.74183125 0.10465116279069768 0.0725875
0 0.38911960132890366 0.45625 0.10382059800664452 0.07375
0 0.6939368770764119 0.2359375 0.09551495016611296 0.075625
0 0.696843853820598 0.16125 0.0946843853820598 0.075
0 0.5930232558139535 0.31 0.09800664451827243 0.07375
0 0.7906976744186046 0.23875 0.08970099667774087 0.07125
0 0.38164451827242524 0.2284375 0.10714285714285714 0.083125
0 0.688953488372093 0.51625 0.09385382059800665 0.06875
0 0.2857142857142857 0.5309375 0.10963455149501661 0.075625
0 0.2919435215946844 0.675 0.10714285714285714 0.07
0 0.7919435215946844 0.16625 0.09219269102990033 0.07375
0 0.59343853820598 0.235625 0.09883720930232558 0.07625
0 0.59343853820598 0.15875 0.1004983388704319 0.07875
0 0.4904485049833887 0.309375 0.10382059800664452 0.0775
0 0.5913621262458472 0.38375 0.10631229235880399 0.075
0 0.7852990033222591 0.44625 0.09053156146179402 0.07
0 0.2749169435215947 0.3834375 0.11129568106312292 0.076875
0 0.49709302325581395 0.59125 0.09717607973421927 0.0675
0 0.8816445182724253 0.23875 0.09053156146179402 0.07
0 0.48795681063122925 0.155 0.10382059800664452 0.0825
0 0.14825581395348839 0.1409375 0.12209302325581395 0.086875
0 0.4900332225913621 0.2321875 0.10465116279069768 0.080625
0 0.2811461794019934 0.4575 0.10880398671096346 0.07375
0 0.7832225913621262 0.5134375 0.09136212624584718 0.069375
0 0.4904485049833887 0.3825 0.10548172757475083 0.0725
0 0.15448504983388706 0.3046875 0.11627906976744186 0.080625
0 0.26993355481727577 0.30625 0.11295681063122924 0.08
0 0.3841362126245847 0.3834375 0.10382059800664452 0.074375
0 0.6881229235880398 0.6484375 0.09717607973421927 0.066875
0 0.7873754152823921 0.30875 0.09136212624584718 0.07125
0 0.8841362126245847 0.1671875 0.09219269102990033 0.075625
0 0.3808139534883721 0.3075 0.10714285714285714 0.08
0 0.2666112956810631 0.144375 0.11295681063122924 0.08625
0 0.3799833887043189 0.1475 0.10880398671096346 0.08875
0 0.16071428571428573 0.38375 0.11710963455149502 0.07875
0 0.15282392026578073 0.22375 0.11794019933554817 0.08375
0 0.17815614617940198 0.61 0.11544850498338871 0.07875
0 0.8691860465116279 0.5725 0.08388704318936877 0.06625
0 0.2902823920265781 0.60375 0.10880398671096346 0.0775
0 0.6864617940199336 0.71 0.0888704318936877 0.06875
0 0.16735880398671096 0.460625 0.11710963455149502 0.07625
0 0.1818936877076412 0.6821875 0.11129568106312292 0.076875
0 0.8658637873754153 0.6971875 0.08388704318936877 0.063125
0 0.17275747508305647 0.535625 0.11627906976744186 0.075
0 0.688953488372093 0.5825 0.09385382059800665 0.0675
0 0.7857142857142857 0.3784375 0.08970099667774087 0.070625
0 0.7778239202657807 0.6409375 0.08222591362126246 0.066875
0 0.6914451827242525 0.4496875 0.09053156146179402 0.069375
0 0.26827242524916944 0.22625 0.11129568106312292 0.0825
0 0.8787375415282392 0.3771875 0.08803986710963455 0.068125
0 0.8791528239202658 0.3084375 0.0872093023255814 0.069375
0 0.49709302325581395 0.52375 0.09883720930232558 0.07125
0 0.49709302325581395 0.6575 0.09717607973421927 0.06875
0 0.875 0.444375 0.0888704318936877 0.0675
0 0.7782392026578073 0.7025 0.08803986710963455 0.06375
0 0.8733388704318937 0.509375 0.08554817275747509 0.06625
0 0.8654485049833887 0.6371875 0.08637873754152824 0.064375
0 0.6931063122923588 0.3809375 0.09219269102990033 0.071875
0 0.3995016611295681 0.73384375 0.10132890365448505 0.06554375
0 0.7809551495016611 0.578075 0.09106312292358804 0.0582