0 0.7304166666666667 0.4659375 0.13416666666666666 0.098125
0 0.5958333333333333 0.273125 0.12333333333333334 0.09625
0 0.39625 0.1953125 0.1325 0.064375
0 0.46416666666666667 0.4609375 0.13333333333333333 0.103125
0 0.4691666666666667 0.361875 0.12666666666666668 0.09625
0 0.5979166666666667 0.57 0.1375 0.11375
0 0.5979166666666667 0.463125 0.13083333333333333 0.1
0 0.7158333333333333 0.2796875 0.11833333333333333 0.088125
0 0.8483333333333334 0.371875 0.12833333333333333 0.09375
0 0.8970833333333333 0.6934375 0.15416666666666667 0.126875
0 0.15375 0.6825 0.1625 0.13
0 0.17375 0.56046875 0.1575 0.1165625
0 0.19208333333333333 0.4525 0.1475 0.10875625
0 0.35083333333333333 0.2684375 0.12333333333333334 0.089375
0 0.6675 0.211875 0.12833333333333333 0.0525
0 0.7491666666666666 0.6909375 0.15166666666666667 0.128125
0 0.31916666666666665 0.5640625 0.145 0.113125
0 0.5354166666666667 0.193125 0.1325 0.06375
0 0.4583333333333333 0.568125 0.14 0.11375
0 0.2225 0.2578125 0.13833333333333334 0.095625
0 0.6020833333333333 0.688125 0.1475 0.12875
0 0.8595833333333334 0.46625 0.13583333333333333 0.09875
0 0.30291666666666667 0.6840625 0.15916666666666668 0.129375
0 0.8804166666666666 0.5740625 0.14916666666666667 0.115625
0 0.2075 0.351875 0.14 0.10125
0 0.34 0.3584375 0.13333333333333333 0.099375
0 0.25083333333333335 0.1853125 0.14166666666666666 0.075625
0 0.7983333333333333 0.2128125 0.13333333333333333 0.064375
0 0.47291666666666665 0.2703125 0.12416666666666666 0.095625
0 0.3304166666666667 0.4584375 0.1375 0.104375
0 0.7391666666666666 0.5709375 0.145 0.115625
0 0.7229166666666667 0.3696875 0.1275 0.095625
0 0.5966666666666667 0.3665625 0.12333333333333334 0.095625
0 0.45166666666666666 0.6865625 0.14833333333333334 0.126875
0 0.8325 0.2846875 0.12166666666666667 0.083125