0 0.5820353063343717 0.235546875 0.31048805815160957 0.19453125
0 0.6194184839044652 0.748046875 0.3063343717549325 0.20546875
0 0.6017653167185878 0.567578125 0.30218068535825543 0.18359375
0 0.2964693665628245 0.272265625 0.2772585669781931 0.23984375
0 0.11474558670820353 0.511328125 0.16510903426791276 0.25390625
0 0.8546209761163032 0.491796875 0.2201453790238837 0.20703125
0 0.08515057113187954 0.2578125 0.1703011422637591 0.2546875
0 0.1043613707165109 0.778125 0.2087227414330218 0.2828125
0 0.32139148494288683 0.512890625 0.26687435098650053 0.24140625
0 0.8738317757009346 0.7 0.23572170301142265 0.225
0 0.5950155763239875 0.397265625 0.31568016614745587 0.17734375
0 0.3411214953271028 0.756640625 0.26895119418483904 0.26953125
0 0.8411214953271028 0.298046875 0.20768431983385255 0.19453125