0 0.23541666666666666 0.7309375 0.10083333333333333 0.079375
0 0.13166666666666665 0.4059375 0.105 0.084375
0 0.6354166666666666 0.32875 0.10083333333333333 0.085
0 0.12666666666666668 0.2321875 0.10833333333333334 0.090625
0 0.12625 0.1434375 0.1075 0.091875
0 0.5304166666666666 0.7259375 0.09583333333333334 0.078125
0 0.8229166666666666 0.4934375 0.09916666666666667 0.079375
0 0.625 0.72625 0.095 0.0775
0 0.8154166666666667 0.72625 0.09416666666666666 0.0775
0 0.82 0.5725 0.09833333333333333 0.07875
0 0.4354166666666667 0.57 0.0975 0.07875
0 0.43375 0.7271875 0.0975 0.079375
0 0.7195833333333334 0.72625 0.0975 0.0775
0 0.8316666666666667 0.33125 0.105 0.085
0 0.3383333333333333 0.149375 0.10166666666666667 0.08875
0 0.65125 0.14875 0.11083333333333334 0.105
0 0.8158333333333333 0.65 0.095 0.0775
0 0.7254166666666667 0.5721875 0.09916666666666667 0.079375
0 0.33541666666666664 0.7284375 0.0975 0.079375
0 0.1275 0.320625 0.105 0.08875
0 0.13291666666666666 0.57125 0.1025 0.0825
0 0.7216666666666667 0.650625 0.09666666666666666 0.07875
0 0.5325 0.57125 0.09833333333333333 0.08
0 0.54625 0.1471875 0.1125 0.103125
0 0.8441666666666666 0.160625 0.1 0.09
0 0.4404166666666667 0.24125 0.10083333333333333 0.08625
0 0.6420833333333333 0.24375 0.10583333333333333 0.09
0 0.335 0.5696875 0.1 0.080625
0 0.13166666666666665 0.4896875 0.105 0.084375
0 0.33708333333333335 0.236875 0.10416666666666667 0.08875
0 0.23375 0.5709375 0.10083333333333333 0.083125
0 0.43416666666666665 0.64875 0.1 0.08
0 0.13125 0.65125 0.10083333333333333 0.08125
0 0.83625 0.2475 0.10416666666666667 0.0875
0 0.75 0.15875 0.1 0.0925
0 0.4354166666666667 0.49 0.09916666666666667 0.0825
0 0.74 0.248125 0.1 0.0875
0 0.7329166666666667 0.41375 0.09916666666666667 0.0825
0 0.2325 0.23625 0.105 0.09
0 0.5304166666666666 0.64875 0.09583333333333334 0.0775
0 0.7329166666666667 0.3325 0.10083333333333333 0.08375
0 0.62625 0.64875 0.0975 0.07875
0 0.5416666666666666 0.2425 0.10166666666666667 0.08875
0 0.6291666666666667 0.5709375 0.09666666666666666 0.079375
0 0.63125 0.49125 0.0975 0.08125
0 0.335 0.489375 0.1 0.0825
0 0.7283333333333334 0.49375 0.1 0.08125
0 0.23083333333333333 0.32375 0.105 0.0875
0 0.23291666666666666 0.65125 0.1025 0.0825
0 0.33416666666666667 0.6496875 0.09833333333333333 0.080625
0 0.635 0.41125 0.09833333333333333 0.0825
0 0.53375 0.49125 0.09916666666666667 0.08125
0 0.8291666666666667 0.41375 0.1 0.08125
0 0.235 0.49 0.1 0.0825
0 0.23375 0.4075 0.10083333333333333 0.085
0 0.335 0.4071875 0.10166666666666667 0.083125
0 0.5370833333333334 0.3275 0.1025 0.085
0 0.33458333333333334 0.3225 0.1025 0.08625
0 0.2325 0.146875 0.11 0.0925
0 0.5354166666666667 0.4109375 0.10083333333333333 0.081875
0 0.43666666666666665 0.325 0.10166666666666667 0.08625
0 0.43666666666666665 0.4084375 0.09833333333333333 0.084375
0 0.44 0.15375 0.10166666666666667 0.0925
0 0.13375 0.73 0.09916666666666667 0.0775