0 0.6262820512820513 0.7480769230769231 0.08076923076923077 0.08269230769230769
0 0.6378205128205128 0.4033653846153846 0.0858974358974359 0.09134615384615384
0 0.7942307692307692 0.7538461538461538 0.0858974358974359 0.08846153846153847
0 0.55 0.4951923076923077 0.07948717948717948 0.08846153846153847
0 0.20448717948717948 0.24086538461538462 0.08076923076923077 0.08365384615384615
0 0.31666666666666665 0.31971153846153844 0.07435897435897436 0.0875
0 0.17884615384615385 0.5701923076923077 0.07051282051282051 0.08076923076923077
0 0.46923076923076923 0.5793269230769231 0.08205128205128205 0.0875
0 0.5493589743589744 0.6658653846153846 0.08076923076923077 0.08365384615384615
0 0.3923076923076923 0.32019230769230766 0.07948717948717948 0.09038461538461538
0 0.4705128205128205 0.4932692307692308 0.08205128205128205 0.08653846153846154
0 0.3576923076923077 0.23173076923076924 0.07692307692307693 0.08846153846153847
0 0.6314102564102564 0.2230769230769231 0.0858974358974359 0.09230769230769231
0 0.7205128205128205 0.5807692307692308 0.08717948717948718 0.08846153846153847
0 0.5487179487179488 0.7447115384615385 0.07948717948717948 0.08365384615384615
0 0.4705128205128205 0.40673076923076923 0.08205128205128205 0.09230769230769231
0 0.7096153846153846 0.7509615384615385 0.0858974358974359 0.08653846153846154
0 0.45 0.22932692307692307 0.07948717948717948 0.09134615384615384
0 0.6307692307692307 0.6677884615384615 0.08205128205128205 0.08173076923076923
0 0.6352564102564102 0.5817307692307693 0.0858974358974359 0.08846153846153847
0 0.46987179487179487 0.7445192307692308 0.07564102564102564 0.07634615384615386
0 0.31794871794871793 0.4908653846153846 0.07435897435897436 0.08557692307692308
0 0.47307692307692306 0.31875 0.08205128205128205 0.0875
0 0.5416666666666666 0.225 0.0858974358974359 0.09423076923076923
0 0.6358974358974359 0.31201923076923077 0.08461538461538462 0.09326923076923077
0 0.5538461538461539 0.31875 0.08205128205128205 0.09326923076923077
0 0.8096153846153846 0.3995192307692308 0.08846153846153847 0.09326923076923077
0 0.5512820512820513 0.5817307692307693 0.08461538461538462 0.08653846153846154
0 0.7185897435897436 0.49182692307692305 0.0858974358974359 0.08942307692307692
0 0.5544871794871795 0.40673076923076923 0.08333333333333333 0.08846153846153847
0 0.716025641025641 0.6673076923076923 0.0858974358974359 0.08269230769230769
0 0.8108974358974359 0.5826923076923077 0.08846153846153847 0.09038461538461538
0 0.1762820512820513 0.4889423076923077 0.07307692307692308 0.0798076923076923
0 0.7192307692307692 0.30817307692307694 0.08717948717948718 0.09711538461538462
0 0.6326923076923077 0.49375 0.0858974358974359 0.0875
0 0.8057692307692308 0.4932692307692308 0.08846153846153847 0.09230769230769231
0 0.2423076923076923 0.32259615384615387 0.07435897435897436 0.08557692307692308
0 0.8070512820512821 0.30625 0.08846153846153847 0.09903846153846153
0 0.8038461538461539 0.6701923076923076 0.09230769230769231 0.08653846153846154
0 0.24294871794871795 0.40721153846153846 0.07564102564102564 0.08557692307692308
0 0.27884615384615385 0.23509615384615384 0.07564102564102564 0.0875
0 0.31858974358974357 0.5740384615384615 0.07307692307692308 0.08076923076923077
0 0.39294871794871794 0.4932692307692308 0.07564102564102564 0.08653846153846154
0 0.25 0.65 0.06923076923076923 0.08076923076923077
0 0.17051282051282052 0.40721153846153846 0.07435897435897436 0.08557692307692308
0 0.2512820512820513 0.7298076923076923 0.07179487179487179 0.07884615384615384
0 0.7230769230769231 0.4 0.08717948717948718 0.09230769230769231
0 0.24807692307692308 0.5701923076923077 0.07051282051282051 0.08076923076923077
0 0.2455128205128205 0.4894230769230769 0.07051282051282051 0.08076923076923077
0 0.16923076923076924 0.32403846153846155 0.07435897435897436 0.08269230769230769
0 0.3173076923076923 0.40625 0.07564102564102564 0.08557692307692308
0 0.39294871794871794 0.5754807692307692 0.07564102564102564 0.08365384615384615
0 0.46987179487179487 0.6638653846153846 0.0782051282051282 0.08541346153846154
0 0.3974358974358974 0.7370192307692308 0.07435897435897436 0.07596153846153846
0 0.3193846153846154 0.6507019230769231 0.07051282051282051 0.07714423076923077
0 0.1814102564102564 0.7264615384615385 0.07051282051282051 0.07208653846153847
0 0.3243589743589744 0.7307692307692307 0.07435897435897436 0.08076923076923077
0 0.39294871794871794 0.4076923076923077 0.08076923076923077 0.08653846153846154
0 0.39294871794871794 0.6570576923076923 0.07564102564102564 0.08334615384615385
0 0.1794871794871795 0.6501826923076923 0.07051282051282051 0.08017307692307692