0 0.1814102564102564 0.73125 0.07051282051282051 0.08173076923076923
0 0.8615384615384616 0.37932692307692306 0.1 0.10865384615384616
0 0.1673076923076923 0.48173076923076924 0.07564102564102564 0.08846153846153847
0 0.24294871794871795 0.5697115384615384 0.07564102564102564 0.08557692307692308
0 0.757051282051282 0.275 0.09871794871794871 0.11153846153846154
0 0.7602564102564102 0.38076923076923075 0.1 0.1076923076923077
0 0.1608974358974359 0.3033653846153846 0.07564102564102564 0.09134615384615384
0 0.3230769230769231 0.74375 0.07692307692307693 0.0875
0 0.475 0.7572115384615384 0.08076923076923077 0.09326923076923077
0 0.3942307692307692 0.29903846153846153 0.08333333333333333 0.09807692307692308
0 0.860897435897436 0.26778846153846153 0.1064102564102564 0.11826923076923077
0 0.3974358974358974 0.4875 0.08205128205128205 0.09230769230769231
0 0.6615384615384615 0.2831730769230769 0.09487179487179487 0.10673076923076923
0 0.7416666666666667 0.17211538461538461 0.09871794871794871 0.11153846153846154
0 0.65 0.7697115384615385 0.09230769230769231 0.09519230769230769
0 0.3993589743589744 0.5783653846153847 0.0858974358974359 0.09134615384615384
0 0.4737179487179487 0.6706730769230769 0.08846153846153847 0.09326923076923077
0 0.5685897435897436 0.2875 0.09358974358974359 0.10576923076923077
0 0.6442307692307693 0.17932692307692308 0.09615384615384616 0.10865384615384616
0 0.2326923076923077 0.3019230769230769 0.0782051282051282 0.09423076923076923
0 0.4794871794871795 0.3923076923076923 0.08717948717948718 0.1
0 0.24294871794871795 0.48509615384615384 0.07564102564102564 0.09134615384615384
0 0.4807692307692308 0.29375 0.08717948717948718 0.10096153846153846
0 0.1641025641025641 0.39278846153846153 0.07435897435897436 0.08942307692307692
0 0.28910256410256413 0.20528846153846153 0.08076923076923077 0.09903846153846153
0 0.49743589743589745 0.19230769230769232 0.09230769230769231 0.10576923076923077
0 0.2378205128205128 0.3942307692307692 0.07564102564102564 0.08846153846153847
0 0.7442307692307693 0.7764423076923077 0.09871794871794871 0.09903846153846153
0 0.5685897435897436 0.38846153846153847 0.09358974358974359 0.1
0 0.3121794871794872 0.3004807692307692 0.08076923076923077 0.09519230769230769
0 0.31858974358974357 0.48653846153846153 0.08076923076923077 0.09230769230769231
0 0.8416666666666667 0.7846153846153846 0.10128205128205128 0.1
0 0.8493589743589743 0.6884615384615385 0.1064102564102564 0.10384615384615385
0 0.5608974358974359 0.675 0.08846153846153847 0.09423076923076923
0 0.5666666666666667 0.48653846153846153 0.09230769230769231 0.09807692307692308
0 0.39487179487179486 0.39375 0.08205128205128205 0.09519230769230769
0 0.8602564102564103 0.5875 0.10256410256410256 0.10576923076923077
0 0.2128205128205128 0.21201923076923077 0.07435897435897436 0.0875
0 0.31346153846153846 0.39375 0.08076923076923077 0.09326923076923077
0 0.5608974358974359 0.7644230769230769 0.08846153846153847 0.09423076923076923
0 0.6576923076923077 0.4855769230769231 0.09487179487179487 0.1
0 0.5685897435897436 0.5822115384615385 0.08846153846153847 0.09519230769230769
0 0.4807692307692308 0.5807692307692308 0.08717948717948718 0.09423076923076923
0 0.47884615384615387 0.48701923076923076 0.0858974358974359 0.09326923076923077
0 0.3891025641025641 0.6677884615384615 0.08076923076923077 0.09326923076923077
0 0.7615384615384615 0.4855769230769231 0.1 0.1
0 0.3141025641025641 0.6615384615384615 0.07435897435897436 0.08846153846153847
0 0.6621794871794872 0.38461538461538464 0.09871794871794871 0.10192307692307692
0 0.8621794871794872 0.4855769230769231 0.10128205128205128 0.10384615384615385
0 0.3993589743589744 0.20432692307692307 0.08846153846153847 0.09711538461538462
0 0.757051282051282 0.5860576923076923 0.09871794871794871 0.09903846153846153
0 0.6506410256410257 0.6802884615384616 0.09102564102564102 0.09519230769230769
0 0.6576923076923077 0.5855769230769231 0.09230769230769231 0.09807692307692308
0 0.7480769230769231 0.6831730769230769 0.09871794871794871 0.09711538461538462
0 0.39807692307692305 0.7514423076923077 0.0782051282051282 0.08557692307692308
0 0.17435897435897435 0.6490384615384616 0.07435897435897436 0.08653846153846154
0 0.24358974358974358 0.6548076923076923 0.07435897435897436 0.08653846153846154
0 0.1685897435897436 0.5677884615384615 0.07307692307692308 0.08173076923076923
0 0.25 0.7379807692307693 0.06923076923076923 0.08557692307692308
0 0.32051282051282054 0.575 0.08205128205128205 0.08846153846153847