0 0.782692 0.520673 0.101282 0.091346
0 0.330769 0.361538 0.087179 0.078846
0 0.203205 0.734615 0.111538 0.115385
0 0.733974 0.290865 0.080769 0.0625
0 0.609615 0.725481 0.114103 0.110577
0 0.674359 0.437981 0.092308 0.083654
0 0.747436 0.359615 0.092308 0.078846
0 0.703846 0.619712 0.105128 0.104808
0 0.579487 0.288462 0.084615 0.069231
0 0.714103 0.725481 0.115385 0.108654
0 0.171154 0.284135 0.088462 0.075962
0 0.510897 0.728846 0.103846 0.109615
0 0.608974 0.620192 0.105128 0.101923
0 0.417949 0.286538 0.082051 0.073077
0 0.602564 0.524519 0.097436 0.091346
0 0.828205 0.355288 0.097436 0.077885
0 0.128846 0.532212 0.108974 0.099038
0 0.501923 0.360077 0.085897 0.074067
0 0.413462 0.440865 0.091026 0.083654
0 0.692949 0.523077 0.101282 0.092308
0 0.325641 0.439904 0.094872 0.085577
0 0.761538 0.4375 0.094872 0.078846
0 0.414103 0.360096 0.087179 0.077885
0 0.813679 0.722115 0.114526 0.111538
0 0.235256 0.438942 0.101282 0.085577
0 0.416026 0.527404 0.09359 0.091346
0 0.257051 0.286538 0.09359 0.073077
0 0.585256 0.357212 0.088462 0.077885
0 0.337821 0.2875 0.078205 0.073077
0 0.321795 0.529327 0.097436 0.093269
0 0.871795 0.517308 0.105128 0.094231
0 0.512821 0.623558 0.102564 0.102885
0 0.657692 0.289423 0.087179 0.069231
0 0.30641 0.733654 0.105128 0.113462
0 0.891667 0.615865 0.111538 0.102885
0 0.158333 0.359135 0.096154 0.079808
0 0.245513 0.359135 0.09359 0.074038
0 0.100641 0.736058 0.116667 0.116346
0 0.591026 0.437981 0.089744 0.083654
0 0.798077 0.617308 0.108974 0.101923
0 0.510256 0.525481 0.094872 0.093269
0 0.225 0.529327 0.103846 0.095192
0 0.414744 0.625 0.098718 0.105769
0 0.115385 0.63125 0.105128 0.099038
0 0.142949 0.439423 0.098718 0.086538
0 0.666667 0.360096 0.087179 0.077885
0 0.911756 0.719231 0.108115 0.111538
0 0.314744 0.626442 0.101282 0.104808
0 0.804487 0.289904 0.083333 0.060577
0 0.499359 0.289423 0.083333 0.067308
0 0.501282 0.439904 0.087179 0.081731
0 0.410256 0.730769 0.102564 0.109615
0 0.214744 0.626923 0.103846 0.101923
0 0.844872 0.433173 0.097436 0.079808