0 0.7692708333333333 0.411328125 0.109375 0.06171875
0 0.8854166666666666 0.548828125 0.11666666666666667 0.07734375
0 0.17916666666666667 0.683203125 0.12916666666666668 0.09609375
0 0.5557291666666667 0.178125 0.09270833333333334 0.053125
0 0.3489583333333333 0.394140625 0.10833333333333334 0.06484375
0 0.5385416666666667 0.694140625 0.11666666666666667 0.09765625
0 0.6645833333333333 0.40546875 0.10416666666666667 0.0625
0 0.759375 0.350390625 0.09375 0.06328125
0 0.559375 0.231640625 0.08541666666666667 0.06015625
0 0.5598958333333334 0.288671875 0.10104166666666667 0.05546875
0 0.6578125 0.2859375 0.08854166666666667 0.0640625
0 0.5583333333333333 0.401171875 0.10416666666666667 0.06484375
0 0.5458333333333333 0.6046875 0.1125 0.090625
0 0.3723958333333333 0.227734375 0.09895833333333333 0.05703125
0 0.45364583333333336 0.396484375 0.10729166666666666 0.06328125
0 0.6567708333333333 0.6078125 0.11145833333333334 0.090625
0 0.2109375 0.51796875 0.11979166666666667 0.06875
0 0.7708333333333334 0.54375 0.11666666666666667 0.078125
0 0.8661458333333333 0.412890625 0.09895833333333333 0.06171875
0 0.0640625 0.680078125 0.128125 0.09453125
0 0.3734375 0.178125 0.08645833333333333 0.0484375
0 0.5510416666666667 0.46328125 0.10625 0.065625
0 0.8947916666666667 0.709765625 0.125 0.08828125
0 0.8427083333333333 0.24453125 0.09583333333333334 0.053125
0 0.07864583333333333 0.58828125 0.128125 0.0921875
0 0.24166666666666667 0.38828125 0.11458333333333333 0.065625
0 0.3614583333333333 0.280078125 0.09791666666666667 0.06015625
0 0.3567708333333333 0.33671875 0.10520833333333333 0.059375
0 0.65 0.23046875 0.09583333333333334 0.053125
0 0.3234375 0.522265625 0.115625 0.07109375
0 0.2520833333333333 0.33046875 0.11041666666666666 0.0609375
0 0.4557291666666667 0.339453125 0.09895833333333333 0.05859375
0 0.7729166666666667 0.7046875 0.12291666666666666 0.0890625
0 0.4640625 0.17109375 0.09270833333333334 0.059375
0 0.4354166666666667 0.523828125 0.11458333333333333 0.06953125
0 0.12135416666666667 0.435546875 0.11770833333333333 0.06640625
0 0.30625 0.597265625 0.125 0.08984375
0 0.2630208333333333 0.274609375 0.11145833333333334 0.05859375
0 0.6567708333333333 0.531640625 0.10729166666666666 0.07109375
0 0.5463541666666667 0.526953125 0.11145833333333334 0.06953125
0 0.6494791666666667 0.18125 0.09479166666666666 0.053125
0 0.296875 0.6875 0.12916666666666668 0.0953125
0 0.8911458333333333 0.62578125 0.121875 0.0828125
0 0.17291666666666666 0.20234375 0.10625 0.0546875
0 0.44427083333333334 0.45859375 0.10729166666666666 0.065625
0 0.27239583333333334 0.22296875 0.10729166666666666 0.0584453125
0 0.33645833333333336 0.45546875 0.1125 0.06875
0 0.7442708333333333 0.188671875 0.09479166666666666 0.05546875
0 0.46875 0.230078125 0.1 0.05546875
0 0.7729166666666667 0.622265625 0.12083333333333333 0.08359375
0 0.22604166666666667 0.4515625 0.11875 0.06875
0 0.10052083333333334 0.505078125 0.12395833333333334 0.08359375
0 0.6609375 0.34609375 0.103125 0.059375
0 0.4171875 0.690234375 0.121875 0.09609375
0 0.8755208333333333 0.4765625 0.11354166666666667 0.0671875
0 0.653125 0.698828125 0.11458333333333333 0.09765625
0 0.7505208333333333 0.292578125 0.096875 0.05859375
0 0.19010416666666666 0.15703125 0.10520833333333333 0.05
0 0.8567708333333334 0.35234375 0.103125 0.0609375
0 0.2828125 0.173046875 0.09895833333333333 0.05078125
0 0.8380208333333333 0.19296875 0.09479166666666666 0.053125
0 0.14895833333333333 0.315234375 0.10833333333333334 0.06171875
0 0.45729166666666665 0.2828125 0.10625 0.059375
0 0.1609375 0.2578125 0.109375 0.059375
0 0.5567708333333333 0.34296875 0.103125 0.0578125
0 0.7661458333333333 0.473828125 0.109375 0.06640625
0 0.6578125 0.466796875 0.10729166666666666 0.06640625
0 0.42916666666666664 0.599609375 0.11458333333333333 0.08828125
0 0.7473958333333334 0.2390625 0.09895833333333333 0.0546875
0 0.19270833333333334 0.59375 0.125 0.0890625
0 0.8510416666666667 0.29765625 0.10208333333333333 0.059375
0 0.13590625 0.3728203125 0.11986458333333333 0.06209375