0 0.8051282051282052 0.37596153846153846 0.09487179487179487 0.07115384615384615
0 0.7121794871794872 0.375 0.09358974358974359 0.075
0 0.6141025641025641 0.30096153846153845 0.09230769230769231 0.06923076923076923
0 0.7064102564102565 0.30432692307692305 0.09230769230769231 0.07019230769230769
0 0.6173076923076923 0.3730769230769231 0.09615384615384616 0.07692307692307693
0 0.42948717948717946 0.2264423076923077 0.09230769230769231 0.07019230769230769
0 0.8121794871794872 0.4519230769230769 0.10128205128205128 0.08076923076923077
0 0.7942307692307692 0.2360576923076923 0.09615384615384616 0.07211538461538461
0 0.24935897435897436 0.15 0.09358974358974359 0.06923076923076923
0 0.33653846153846156 0.22355769230769232 0.09871794871794871 0.07211538461538461
0 0.6076923076923076 0.17067307692307693 0.08717948717948718 0.06442307692307692
0 0.1858974358974359 0.60625 0.11794871794871795 0.09326923076923077
0 0.2423076923076923 0.2173076923076923 0.09743589743589744 0.07115384615384615
0 0.5134615384615384 0.5254807692307693 0.1064102564102564 0.08557692307692308
0 0.8262820512820512 0.6182692307692308 0.1064102564102564 0.08846153846153847
0 0.2948717948717949 0.6100961538461539 0.11538461538461539 0.09326923076923077
0 0.7185897435897436 0.5322115384615385 0.10128205128205128 0.08173076923076923
0 0.10512820512820513 0.42932692307692305 0.11794871794871795 0.08557692307692308
0 0.4044871794871795 0.6110576923076924 0.11153846153846154 0.08942307692307692
0 0.5205128205128206 0.37259615384615385 0.09487179487179487 0.07788461538461539
0 0.8179487179487179 0.5326923076923077 0.10512820512820513 0.08269230769230769
0 0.6173076923076923 0.45 0.09871794871794871 0.07692307692307693
0 0.7032051282051283 0.23701923076923076 0.09358974358974359 0.06826923076923076
0 0.6185897435897436 0.5293269230769231 0.10128205128205128 0.08365384615384615
0 0.32371794871794873 0.36153846153846153 0.10128205128205128 0.08076923076923077
0 0.08653846153846154 0.5139423076923076 0.11923076923076924 0.08942307692307692
0 0.6788461538461539 0.11346153846153846 0.0858974358974359 0.05384615384615385
0 0.14294871794871794 0.20673076923076922 0.1064102564102564 0.07307692307692308
0 0.23141025641025642 0.28557692307692306 0.10384615384615385 0.07884615384615384
0 0.4229871794871795 0.3665480769230769 0.10238461538461538 0.07650961538461538
0 0.19487179487179487 0.5173076923076924 0.11282051282051282 0.08846153846153847
0 0.5121794871794871 0.6125 0.1064102564102564 0.09230769230769231
0 0.3038461538461538 0.5221153846153846 0.11282051282051282 0.08653846153846154
0 0.517948717948718 0.4442307692307692 0.1 0.07884615384615384
0 0.6185897435897436 0.6158653846153846 0.1064102564102564 0.09134615384615384
0 0.5820512820512821 0.1076923076923077 0.08717948717948718 0.06153846153846154
0 0.22435897435897437 0.3610576923076923 0.10512820512820513 0.0798076923076923
0 0.8 0.30625 0.09487179487179487 0.07403846153846154
0 0.41794871794871796 0.4427884615384615 0.1 0.0798076923076923
0 0.4282051282051282 0.29423076923076924 0.09743589743589744 0.07307692307692308
0 0.41025641025641024 0.5235576923076923 0.1076923076923077 0.08557692307692308
0 0.15512820512820513 0.14134615384615384 0.10512820512820513 0.07115384615384615
0 0.3301282051282051 0.29086538461538464 0.10128205128205128 0.07211538461538461
0 0.316025641025641 0.4389423076923077 0.10897435897435898 0.08365384615384615
0 0.21153846153846154 0.4360576923076923 0.1076923076923077 0.08365384615384615
0 0.7230769230769231 0.6173076923076923 0.10512820512820513 0.09230769230769231
0 0.43141025641025643 0.16153846153846155 0.09102564102564102 0.0673076923076923
0 0.5192307692307693 0.1639423076923077 0.08717948717948718 0.06634615384615385
0 0.13141025641025642 0.27884615384615385 0.11153846153846154 0.07692307692307693
0 0.6121794871794872 0.23509615384615384 0.08846153846153847 0.06634615384615385
0 0.5205128205128206 0.2298076923076923 0.09230769230769231 0.07307692307692308
0 0.46794871794871795 0.10192307692307692 0.08717948717948718 0.057692307692307696
0 0.34294871794871795 0.15625 0.09358974358974359 0.06826923076923076
0 0.7698717948717949 0.11394230769230769 0.0858974358974359 0.052884615384615384
0 0.175 0.08221153846153846 0.1064102564102564 0.06442307692307692
0 0.38076923076923075 0.09951923076923076 0.08717948717948718 0.05480769230769231
0 0.7878205128205128 0.16971153846153847 0.09358974358974359 0.06442307692307692
0 0.11923076923076924 0.35144230769230766 0.11282051282051282 0.0798076923076923
0 0.5205128205128206 0.29903846153846153 0.09230769230769231 0.07307692307692308
0 0.2865384615384615 0.09326923076923077 0.0858974358974359 0.06153846153846154
0 0.07435897435897436 0.6048076923076923 0.12051282051282051 0.09230769230769231
0 0.7141025641025641 0.4514423076923077 0.09743589743589744 0.08173076923076923
0 0.6980000000000001 0.17191346153846154 0.09258974358974359 0.06476923076923077