0 0.23461538461538461 0.5009615384615385 0.09230769230769231 0.09230769230769231
0 0.575 0.41778846153846155 0.08333333333333333 0.08173076923076923
0 0.4794871794871795 0.20576923076923076 0.07948717948717948 0.075
0 0.41217948717948716 0.5 0.08846153846153847 0.08846153846153847
0 0.7326923076923076 0.41778846153846155 0.08846153846153847 0.07596153846153846
0 0.5564102564102564 0.2110576923076923 0.07692307692307693 0.06634615384615385
0 0.31666666666666665 0.6927884615384615 0.1 0.10480769230769231
0 0.7871794871794872 0.6807692307692308 0.1 0.1
0 0.4166666666666667 0.6913461538461538 0.09743589743589744 0.10192307692307692
0 0.698076923076923 0.6822115384615385 0.10128205128205128 0.10096153846153846
0 0.4987179487179487 0.4985576923076923 0.09230769230769231 0.08557692307692308
0 0.8108974358974359 0.41778846153846155 0.08846153846153847 0.0798076923076923
0 0.4115384615384615 0.4182692307692308 0.08205128205128205 0.08076923076923077
0 0.2141025641025641 0.6947115384615384 0.10512820512820513 0.10673076923076923
0 0.875 0.6807692307692308 0.10384615384615385 0.09807692307692308
0 0.8320512820512821 0.49903846153846154 0.09487179487179487 0.08653846153846154
0 0.6692307692307692 0.4985576923076923 0.09743589743589744 0.08557692307692308
0 0.25576923076923075 0.26778846153846153 0.08076923076923077 0.07019230769230769
0 0.4115384615384615 0.26826923076923076 0.07948717948717948 0.06923076923076923
0 0.6557692307692308 0.41923076923076924 0.08846153846153847 0.07692307692307693
0 0.5858974358974359 0.4985576923076923 0.09230769230769231 0.08557692307692308
0 0.1737179487179487 0.2625 0.08846153846153847 0.075
0 0.22948717948717948 0.59375 0.09743589743589744 0.09903846153846153
0 0.6435897435897436 0.35 0.07948717948717948 0.06923076923076923
0 0.48717948717948717 0.27355769230769234 0.07435897435897436 0.06826923076923076
0 0.3243589743589744 0.5932692307692308 0.09487179487179487 0.09807692307692308
0 0.4935897435897436 0.41442307692307695 0.08205128205128205 0.08461538461538462
0 0.6044871794871794 0.6860576923076923 0.10128205128205128 0.10096153846153846
0 0.4173076923076923 0.5923076923076923 0.09615384615384616 0.1
0 0.1141025641025641 0.6956730769230769 0.11538461538461539 0.10865384615384616
0 0.4115384615384615 0.3384615384615385 0.08205128205128205 0.07692307692307693
0 0.5108974358974359 0.6879807692307692 0.09871794871794871 0.10096153846153846
0 0.5948717948717949 0.5870192307692308 0.09487179487179487 0.09519230769230769
0 0.8538461538461538 0.5865384615384616 0.1 0.09230769230769231
0 0.24166666666666667 0.41634615384615387 0.08846153846153847 0.08269230769230769
0 0.33525641025641023 0.26826923076923076 0.07564102564102564 0.06923076923076923
0 0.7506410256410256 0.49567307692307694 0.09102564102564102 0.0875
0 0.16282051282051282 0.33653846153846156 0.09230769230769231 0.07692307692307693
0 0.13076923076923078 0.5932692307692308 0.1076923076923077 0.09807692307692308
0 0.767948717948718 0.5850961538461539 0.09487179487179487 0.09326923076923077
0 0.491025641025641 0.33942307692307694 0.08205128205128205 0.06923076923076923
0 0.6826923076923077 0.5870192307692308 0.09615384615384616 0.09326923076923077
0 0.7891025641025641 0.34375 0.0858974358974359 0.07019230769230769
0 0.32884615384615384 0.33798076923076925 0.08333333333333333 0.07596153846153846
0 0.32884615384615384 0.41634615384615387 0.0858974358974359 0.08269230769230769
0 0.5608974358974359 0.275 0.0782051282051282 0.0673076923076923
0 0.5064102564102564 0.5889423076923077 0.09743589743589744 0.10096153846153846
0 0.632051282051282 0.2831730769230769 0.07179487179487179 0.06634615384615385
0 0.7032051282051283 0.28028846153846154 0.08076923076923077 0.06442307692307692
0 0.7166666666666667 0.34471153846153846 0.08461538461538462 0.07019230769230769
0 0.1423076923076923 0.49951923076923077 0.10256410256410256 0.09326923076923077
0 0.15128205128205127 0.41586538461538464 0.09487179487179487 0.0798076923076923
0 0.7743589743589744 0.28076923076923077 0.08205128205128205 0.06346153846153846
0 0.24743589743589745 0.33798076923076925 0.08717948717948718 0.07596153846153846
0 0.28012820512820513 0.20048076923076924 0.0858974358974359 0.07019230769230769
0 0.6455128205128206 0.23076923076923078 0.09871794871794871 0.04423076923076923
0 0.3782051282051282 0.21153846153846154 0.11282051282051282 0.04807692307692308
0 0.5685897435897436 0.34326923076923077 0.0858974358974359 0.075
0 0.32371794871794873 0.5 0.08846153846153847 0.09230769230769231
0 0.742948717948718 0.23028846153846153 0.1064102564102564 0.03942307692307692