0 0.4198717948717949 0.2014423076923077 0.0858974358974359 0.058653846153846154
0 0.31025641025641026 0.6442307692307693 0.10512820512820513 0.08269230769230769
0 0.6679487179487179 0.7028846153846153 0.1358974358974359 0.09423076923076923
0 0.7653846153846153 0.5240384615384616 0.13333333333333333 0.08653846153846154
0 0.1967948717948718 0.8168269230769231 0.1064102564102564 0.0875
0 0.857051282051282 0.36538461538461536 0.12692307692307692 0.07307692307692308
0 0.5525641025641026 0.8024038461538462 0.13076923076923078 0.09711538461538462
0 0.7371794871794872 0.38161538461538463 0.12051282051282051 0.0790673076923077
0 0.5961538461538461 0.21490384615384617 0.10256410256410256 0.07019230769230769
0 0.6051282051282051 0.2721153846153846 0.10512820512820513 0.07307692307692308
0 0.5346153846153846 0.6269230769230769 0.11794871794871795 0.08846153846153847
0 0.16025641025641027 0.29278846153846155 0.08205128205128205 0.0625
0 0.7064102564102565 0.13653846153846153 0.10512820512820513 0.06538461538461539
0 0.41923076923076924 0.71875 0.11538461538461539 0.08942307692307692
0 0.3255897435897436 0.2689711538461539 0.08451282051282051 0.06368269230769232
0 0.6551282051282051 0.6149038461538462 0.1282051282051282 0.08942307692307692
0 0.6826923076923077 0.7980769230769231 0.1423076923076923 0.10192307692307692
0 0.8006410256410257 0.6966346153846154 0.14743589743589744 0.09519230769230769
0 0.6423076923076924 0.5375 0.12564102564102564 0.08269230769230769
0 0.0891025641025641 0.8201923076923077 0.10384615384615385 0.08461538461538462
0 0.33076923076923076 0.21971153846153846 0.08461538461538462 0.06057692307692308
0 0.5262820512820513 0.5475961538461539 0.1141025641025641 0.08173076923076923
0 0.9416666666666667 0.7875 0.11666666666666667 0.10192307692307692
0 0.8217948717948718 0.23413461538461539 0.12307692307692308 0.07596153846153846
0 0.11987179487179488 0.5846153846153846 0.08846153846153847 0.075
0 0.21987179487179487 0.5120192307692307 0.08846153846153847 0.07019230769230769
0 0.4128205128205128 0.3072115384615385 0.08974358974358974 0.06442307692307692
0 0.9301282051282052 0.6875 0.13974358974358975 0.10192307692307692
0 0.308974358974359 0.8125 0.11282051282051282 0.09230769230769231
0 0.7493589743589744 0.4519230769230769 0.12179487179487179 0.08076923076923077
0 0.7237179487179487 0.3158653846153846 0.11666666666666667 0.07596153846153846
0 0.6128205128205129 0.3331730769230769 0.10512820512820513 0.07596153846153846
0 0.6044871794871794 0.15817307692307692 0.09615384615384616 0.06634615384615385
0 0.10961538461538461 0.6596153846153846 0.09871794871794871 0.07692307692307693
0 0.4115384615384615 0.36490384615384613 0.09230769230769231 0.06826923076923076
0 0.21346153846153845 0.5798076923076924 0.09102564102564102 0.075
0 0.23205128205128206 0.39326923076923076 0.08461538461538462 0.06538461538461539
0 0.23974358974358975 0.28365384615384615 0.08461538461538462 0.06346153846153846
0 0.4153846153846154 0.4908653846153846 0.1 0.07596153846153846
0 0.5096153846153846 0.3485576923076923 0.09871794871794871 0.07211538461538461
0 0.32051282051282054 0.38076923076923075 0.08974358974358974 0.07307692307692308
0 0.19935897435897437 0.7317307692307692 0.10128205128205128 0.08269230769230769
0 0.31153846153846154 0.5682692307692307 0.1 0.07884615384615384
0 0.8935897435897436 0.5139423076923076 0.14358974358974358 0.08942307692307692
0 0.5397435897435897 0.7115384615384616 0.12564102564102564 0.09230769230769231
0 0.3057692307692308 0.725 0.10897435897435898 0.09038461538461538
0 0.9179487179487179 0.5947115384615385 0.14871794871794872 0.09134615384615384
0 0.1576923076923077 0.34759615384615383 0.08205128205128205 0.06442307692307692
0 0.41602564102564105 0.4254807692307692 0.09615384615384616 0.07211538461538461
0 0.2391025641025641 0.3370192307692308 0.08333333333333333 0.06442307692307692
0 0.8185897435897436 0.7932692307692307 0.15256410256410258 0.10384615384615385
0 0.32051282051282054 0.43798076923076923 0.09487179487179487 0.07019230769230769
0 0.0955128205128205 0.7379807692307693 0.10128205128205128 0.0798076923076923
0 0.5198717948717949 0.4754807692307692 0.10897435897435898 0.08942307692307692
0 0.4096153846153846 0.2533653846153846 0.08846153846153847 0.06442307692307692
0 0.4173076923076923 0.5600961538461539 0.10384615384615385 0.07211538461538461
0 0.4205128205128205 0.635576923076923 0.11025641025641025 0.08461538461538462
0 0.20961538461538462 0.6552884615384615 0.09615384615384616 0.07596153846153846
0 0.13397435897435897 0.5182692307692308 0.0858974358974359 0.05961538461538462
0 0.4269230769230769 0.8081730769230769 0.11794871794871795 0.09326923076923077
0 0.3230769230769231 0.32171153846153844 0.08717948717948718 0.06620192307692307
0 0.3121794871794872 0.5009615384615385 0.09615384615384616 0.07307692307692308
0 0.8730769230769231 0.4346153846153846 0.13846153846153847 0.08461538461538462
0 0.7083333333333334 0.2552884615384615 0.11153846153846154 0.07403846153846154
0 0.23974358974358975 0.2298076923076923 0.08974358974358974 0.05961538461538462
0 0.5083333333333333 0.18221153846153845 0.09102564102564102 0.06634615384615385
0 0.8051282051282052 0.17403846153846153 0.11538461538461539 0.07115384615384615
0 0.6314102564102564 0.4639423076923077 0.11666666666666667 0.07788461538461539
0 0.5006410256410256 0.23076923076923078 0.09358974358974359 0.05961538461538462
0 0.7833333333333333 0.6076923076923076 0.14102564102564102 0.09038461538461538
0 0.5083333333333333 0.2903846153846154 0.09615384615384616 0.0673076923076923
0 0.517948717948718 0.4096153846153846 0.10256410256410256 0.07115384615384615
0 0.14615384615384616 0.4596153846153846 0.08205128205128205 0.06538461538461539
0 0.6243589743589744 0.3952211538461538 0.11025641025641025 0.07877884615384616
0 0.6987179487179487 0.1951923076923077 0.11025641025641025 0.06923076923076923
0 0.22756410256410256 0.45096153846153847 0.0858974358974359 0.06346153846153846
0 0.8423076923076923 0.2980769230769231 0.12307692307692308 0.075
0 0.15064102564102563 0.4039134615384615 0.08530769230769232 0.0698076923076923