0 0.2994604316546763 0.575 0.11510791366906475 0.08375
0 0.4141187050359712 0.576875 0.11241007194244604 0.0875
0 0.5359712230215827 0.5771875 0.11870503597122302 0.089375
0 0.19514388489208634 0.65625 0.10971223021582734 0.08375
0 0.30755395683453235 0.6575 0.11870503597122302 0.085
0 0.16276978417266186 0.3025 0.12050359712230216 0.0975
0 0.7828237410071942 0.671875 0.13399280575539568 0.095
0 0.658273381294964 0.2925 0.12949640287769784 0.10375
0 0.6564748201438849 0.665 0.11510791366906475 0.08875
0 0.6564748201438849 0.3921875 0.13129496402877697 0.100625
0 0.41906474820143885 0.66 0.11330935251798561 0.08375
0 0.18660071942446044 0.57375 0.11061151079136691 0.08625
0 0.5287769784172662 0.395 0.12589928057553956 0.09625
0 0.6546762589928058 0.4875 0.12589928057553956 0.09375
0 0.7864208633093526 0.4871875 0.14118705035971224 0.098125
0 0.28507194244604317 0.3975 0.11870503597122302 0.09375
0 0.5377697841726619 0.6646875 0.11690647482014388 0.089375
0 0.7904676258992805 0.38875 0.13309352517985612 0.09875
0 0.6321942446043165 0.2 0.1474820143884892 0.0925
0 0.7841726618705036 0.58125 0.12769784172661872 0.0925
0 0.2810251798561151 0.3025 0.12320143884892086 0.0975
0 0.1735611510791367 0.39625 0.11330935251798561 0.09125
0 0.7913669064748201 0.2875 0.13309352517985612 0.105
0 0.17805755395683454 0.48625 0.10971223021582734 0.08875
0 0.5305755395683454 0.4875 0.11870503597122302 0.09125
0 0.7819244604316546 0.19 0.14838129496402877 0.09625
0 0.5310251798561151 0.2971875 0.125 0.101875
0 0.4033273381294964 0.3025 0.12320143884892086 0.09875
0 0.49055755395683454 0.2096875 0.13758992805755396 0.088125
0 0.2931654676258993 0.49 0.12589928057553956 0.0925
0 0.4037769784172662 0.3996875 0.12410071942446044 0.096875
0 0.6587230215827338 0.58 0.1196043165467626 0.0925
0 0.40827338129496404 0.4884375 0.1223021582733813 0.089375
0 0.1731115107913669 0.21125 0.1357913669064748 0.08875
0 0.32823741007194246 0.213125 0.16546762589928057 0.0875