0 0.245 0.68 0.12866666666666668 0.107
0 0.24316666666666667 0.5785 0.12833333333333333 0.1075
0 0.48933333333333334 0.666625 0.114 0.09925
0 0.35833333333333334 0.2705 0.122 0.1105
0 0.23916666666666667 0.47375 0.12766666666666668 0.1055
0 0.3685 0.573125 0.121 0.10225
0 0.23633333333333334 0.36925 0.132 0.108
0 0.6036666666666667 0.662625 0.10933333333333334 0.09725
0 0.365 0.473125 0.122 0.10225
0 0.37 0.673375 0.12133333333333333 0.10325
0 0.232 0.26175 0.13066666666666665 0.113
0 0.485 0.57025 0.11333333333333333 0.099
0 0.813 0.372875 0.10866666666666666 0.09175
0 0.3621666666666667 0.372375 0.12166666666666667 0.10225
0 0.3805 0.169625 0.141 0.09975
0 0.7103333333333334 0.656625 0.106 0.09375
0 0.4795 0.2725 0.11766666666666667 0.1055
0 0.4816666666666667 0.47225 0.11066666666666666 0.0975
0 0.482 0.374125 0.116 0.10125
0 0.8116666666666666 0.467125 0.10533333333333333 0.09575
0 0.5988333333333333 0.567125 0.111 0.09725
0 0.7058333333333333 0.37475 0.111 0.096
0 0.7063333333333334 0.4705 0.11 0.099
0 0.529 0.18225 0.12533333333333332 0.0895
0 0.814 0.562875 0.106 0.09375
0 0.7901666666666667 0.191875 0.119 0.08225
0 0.23933333333333334 0.168 0.136 0.091
0 0.8105 0.28075 0.11233333333333333 0.099
0 0.597 0.470875 0.114 0.09825
0 0.5956666666666667 0.2765 0.11266666666666666 0.1015
0 0.6656666666666666 0.188 0.12066666666666667 0.0865
0 0.7085 0.563625 0.10833333333333334 0.09525
0 0.5953333333333334 0.374875 0.11333333333333333 0.09975
0 0.8148333333333333 0.6525 0.103 0.09
0 0.7031666666666667 0.28 0.10833333333333334 0.1