0 0.17541666666666667 0.28125 0.13083333333333333 0.11
0 0.78 0.6859375 0.12 0.094375
0 0.30791666666666667 0.49125 0.12416666666666666 0.10125
0 0.1825 0.49 0.12333333333333334 0.1025
0 0.8083333333333333 0.2946875 0.13 0.110625
0 0.30791666666666667 0.685 0.1175 0.09375
0 0.43125 0.4934375 0.1225 0.101875
0 0.42625 0.6871875 0.11916666666666667 0.095625
0 0.42833333333333334 0.39125 0.125 0.10625
0 0.66375 0.6875 0.12083333333333333 0.09375
0 0.17875 0.3875 0.12583333333333332 0.10375
0 0.18958333333333333 0.6825 0.1175 0.09375
0 0.3045833333333333 0.3896875 0.1225 0.104375
0 0.5554166666666667 0.3925 0.12416666666666666 0.105
0 0.185 0.58875 0.12166666666666667 0.0975
0 0.54875 0.5921875 0.11916666666666667 0.099375
0 0.6854166666666667 0.2909375 0.1275 0.111875
0 0.5454166666666667 0.6871875 0.11416666666666667 0.091875
0 0.55375 0.49375 0.12083333333333333 0.1025
0 0.675 0.49375 0.12333333333333334 0.10125
0 0.8029166666666666 0.3975 0.1225 0.10125
0 0.55875 0.2875 0.1275 0.1075
0 0.30416666666666664 0.28375 0.125 0.10875
0 0.30583333333333335 0.5896875 0.12 0.098125
0 0.4845833333333333 0.1875 0.1375 0.09375
0 0.80125 0.1909375 0.1375 0.095625
0 0.67 0.5921875 0.12 0.099375
0 0.7983333333333333 0.4971875 0.125 0.100625
0 0.42833333333333334 0.59125 0.12 0.0975
0 0.7929166666666667 0.5921875 0.12416666666666666 0.094375
0 0.6816666666666666 0.393125 0.125 0.10375
0 0.43125 0.28625 0.1275 0.10875
0 0.195 0.1821875 0.14333333333333334 0.093125
0 0.6475 0.1875 0.155 0.09875
0 0.3383333333333333 0.1875 0.14 0.09375