0 0.3974358974358974 0.6923076923076923 0.07179487179487179 0.07115384615384615
0 0.38782051282051283 0.47596153846153844 0.07564102564102564 0.07692307692307693
0 0.6 0.6841346153846154 0.06666666666666667 0.07019230769230769
0 0.6634615384615384 0.3975961538461538 0.06794871794871794 0.07403846153846154
0 0.32371794871794873 0.625 0.07564102564102564 0.075
0 0.5955128205128205 0.3216346153846154 0.06794871794871794 0.07403846153846154
0 0.6641025641025641 0.614423076923077 0.06666666666666667 0.07115384615384615
0 0.6641025641025641 0.6826923076923077 0.0641025641025641 0.0673076923076923
0 0.24807692307692308 0.24903846153846154 0.10897435897435898 0.05961538461538462
0 0.532051282051282 0.61875 0.07179487179487179 0.07019230769230769
0 0.5314102564102564 0.47451923076923075 0.07051282051282051 0.07403846153846154
0 0.666025641025641 0.5442307692307692 0.07051282051282051 0.07115384615384615
0 0.3192307692307692 0.5514423076923077 0.07179487179487179 0.07596153846153846
0 0.6025641025641025 0.5471153846153847 0.06923076923076923 0.07307692307692308
0 0.7314102564102564 0.5399038461538461 0.06282051282051282 0.07211538461538461
0 0.7935897435897435 0.3942307692307692 0.06153846153846154 0.07115384615384615
0 0.533974358974359 0.5475961538461539 0.07307692307692308 0.07211538461538461
0 0.732051282051282 0.46826923076923077 0.0641025641025641 0.07307692307692308
0 0.7916666666666666 0.6759615384615385 0.06282051282051282 0.0673076923076923
0 0.791025641025641 0.3216346153846154 0.0641025641025641 0.07211538461538461
0 0.25833333333333336 0.6971153846153846 0.07307692307692308 0.075
0 0.24358974358974358 0.47692307692307695 0.07435897435897436 0.07884615384615384
0 0.7961538461538461 0.46298076923076925 0.06153846153846154 0.07211538461538461
0 0.3121794871794872 0.40048076923076925 0.07307692307692308 0.07788461538461539
0 0.4641025641025641 0.6221153846153846 0.07179487179487179 0.075
0 0.383974358974359 0.32211538461538464 0.07307692307692308 0.08269230769230769
0 0.6282051282051282 0.2548076923076923 0.10512820512820513 0.05576923076923077
0 0.3923076923076923 0.55 0.07179487179487179 0.075
0 0.7301282051282051 0.3951923076923077 0.06538461538461539 0.07115384615384615
0 0.45576923076923076 0.3971153846153846 0.07307692307692308 0.07692307692307693
0 0.7269230769230769 0.6778846153846154 0.06666666666666667 0.06923076923076923
0 0.5083333333333333 0.25048076923076923 0.1141025641025641 0.06057692307692308
0 0.4634615384615385 0.5490384615384616 0.07307692307692308 0.075
0 0.3942307692307692 0.6235576923076923 0.07307692307692308 0.07403846153846154
0 0.2532051282051282 0.6264423076923077 0.07307692307692308 0.07211538461538461
0 0.5987179487179487 0.6163461538461539 0.06923076923076923 0.06923076923076923
0 0.5317564102564102 0.6870192307692308 0.0698076923076923 0.07019230769230769
0 0.7935897435897435 0.5350961538461538 0.06153846153846154 0.07211538461538461
0 0.7929487179487179 0.6067307692307692 0.06282051282051282 0.07115384615384615
0 0.2358974358974359 0.3192307692307692 0.07435897435897436 0.08076923076923077
0 0.46025641025641023 0.4735576923076923 0.07179487179487179 0.07596153846153846
0 0.31153846153846154 0.3211538461538462 0.07692307692307693 0.08076923076923077
0 0.7173076923076923 0.24278846153846154 0.07307692307692308 0.08173076923076923
0 0.4564102564102564 0.31875 0.07435897435897436 0.0798076923076923
0 0.5987179487179487 0.39807692307692305 0.06923076923076923 0.07692307692307693
0 0.7288461538461538 0.6091346153846153 0.06538461538461539 0.07211538461538461
0 0.3173076923076923 0.47644230769230766 0.07307692307692308 0.07596153846153846
0 0.3564102564102564 0.2528846153846154 0.1076923076923077 0.057692307692307696
0 0.2467948717948718 0.5533653846153846 0.07307692307692308 0.07403846153846154
0 0.3852564102564103 0.4 0.07307692307692308 0.07692307692307693
0 0.6634615384615384 0.3211538461538462 0.06794871794871794 0.07692307692307693
0 0.46474358974358976 0.6899038461538461 0.06794871794871794 0.07019230769230769
0 0.7282051282051282 0.32211538461538464 0.0641025641025641 0.075
0 0.6006410256410256 0.475 0.07051282051282051 0.075
0 0.7858974358974359 0.24615384615384617 0.06666666666666667 0.07692307692307693
0 0.6673076923076923 0.4716346153846154 0.06794871794871794 0.07596153846153846
0 0.5282051282051282 0.31971153846153844 0.07435897435897436 0.07788461538461539
0 0.5282051282051282 0.3975961538461538 0.07179487179487179 0.07788461538461539
0 0.23846153846153847 0.39855769230769234 0.07435897435897436 0.07788461538461539
0 0.32756410256410257 0.6951923076923077 0.07307692307692308 0.07115384615384615