0 0.5469551282051283 0.721514423076923 0.12467948717948718 0.1295673076923077
0 0.16955128205128206 0.4548076923076923 0.1294871794871795 0.13509615384615384
0 0.42083333333333334 0.7194711538461539 0.12435897435897436 0.1283653846153846
0 0.5514423076923077 0.5938701923076923 0.12980769230769232 0.13004807692307693
0 0.5586538461538462 0.4620192307692308 0.13333333333333333 0.1360576923076923
0 0.29455128205128206 0.7182692307692308 0.12692307692307692 0.12980769230769232
0 0.4288461538461538 0.325 0.13397435897435897 0.1375
0 0.677724358974359 0.5962740384615385 0.13237179487179487 0.13052884615384616
0 0.565224358974359 0.18125 0.13942307692307693 0.15
0 0.8065705128205128 0.5991586538461539 0.13557692307692307 0.13149038461538462
0 0.29935897435897435 0.4578125 0.13205128205128205 0.13533653846153845
0 0.8003205128205129 0.7274038461538461 0.12692307692307692 0.12980769230769232
0 0.4325320512820513 0.1814903846153846 0.13237179487179487 0.15048076923076922
0 0.29919871794871794 0.3222355769230769 0.13173076923076923 0.1391826923076923
0 0.4272435897435897 0.4598557692307692 0.12884615384615383 0.1346153846153846
0 0.4233974358974359 0.5913461538461539 0.1282051282051282 0.13125
0 0.6891025641025641 0.46478365384615383 0.13525641025641025 0.13533653846153845
0 0.6921474358974359 0.3296875 0.14455128205128207 0.14254807692307692
0 0.7041666666666667 0.18221153846153845 0.14743589743589744 0.15528846153846154
0 0.29583333333333334 0.5895432692307693 0.12692307692307692 0.1310096153846154
0 0.8177884615384615 0.46826923076923077 0.1362179487179487 0.13509615384615384
0 0.16650641025641025 0.1751201923076923 0.13814102564102565 0.15072115384615384
0 0.16778846153846153 0.31959134615384616 0.13173076923076923 0.14110576923076923
0 0.6714743589743589 0.7251201923076923 0.1294871794871795 0.1310096153846154
0 0.16875 0.5867788461538461 0.128525641025641 0.13221153846153846
0 0.8288461538461539 0.33125 0.14423076923076922 0.14375
0 0.3006410256410256 0.1796875 0.13333333333333333 0.14783653846153846
0 0.16907051282051283 0.7169471153846154 0.12403846153846154 0.12764423076923076
0 0.8432692307692308 0.1813701923076923 0.14871794871794872 0.15697115384615384
0 0.5602564102564103 0.32584134615384613 0.13782051282051283 0.14158653846153846