0 0.7145833333333333 0.7521634615384616 0.13493589743589743 0.13221153846153846
0 0.8485576923076923 0.7548076923076923 0.14134615384615384 0.13365384615384615
0 0.3139423076923077 0.7524038461538461 0.14006410256410257 0.1346153846153846
0 0.60625 0.19326923076923078 0.14583333333333334 0.15817307692307692
0 0.4495192307692308 0.75 0.1330128205128205 0.13317307692307692
0 0.8875 0.19567307692307692 0.1564102564102564 0.1596153846153846
0 0.7400641025641026 0.346875 0.13846153846153847 0.14375
0 0.46298076923076925 0.34002403846153845 0.1439102564102564 0.15072115384615384
0 0.1764423076923077 0.4765625 0.1439102564102564 0.14350961538461537
0 0.3243589743589744 0.18557692307692308 0.14615384615384616 0.16201923076923078
0 0.7282051282051282 0.48665865384615387 0.14743589743589744 0.1391826923076923
0 0.7431089743589744 0.19651442307692307 0.1451923076923077 0.15697115384615384
0 0.4658653846153846 0.1875 0.14198717948717948 0.16201923076923078
0 0.3219551282051282 0.33665865384615384 0.14455128205128207 0.15264423076923078
0 0.5887820512820513 0.6198317307692308 0.13782051282051283 0.13581730769230768
0 0.8642628205128206 0.48822115384615383 0.1503205128205128 0.14134615384615384
0 0.3176282051282051 0.4813701923076923 0.14102564102564102 0.1439903846153846
0 0.5918269230769231 0.48641826923076925 0.14583333333333334 0.13822115384615385
0 0.7232371794871795 0.6207932692307693 0.14326923076923076 0.13485576923076922
0 0.8759615384615385 0.34771634615384617 0.1519230769230769 0.14543269230769232
0 0.31682692307692306 0.61875 0.14326923076923076 0.1375
0 0.4543269230769231 0.48257211538461536 0.13814102564102565 0.13677884615384617
0 0.8572115384615384 0.6235576923076923 0.14006410256410257 0.13221153846153846
0 0.1751602564102564 0.6167067307692308 0.14134615384615384 0.1372596153846154
0 0.45576923076923076 0.6170673076923077 0.13846153846153847 0.13653846153846153
0 0.6024038461538461 0.34471153846153846 0.1503205128205128 0.14615384615384616
0 0.17291666666666666 0.7504807692307692 0.1439102564102564 0.1360576923076923
0 0.1814102564102564 0.1764423076923077 0.15128205128205127 0.16778846153846153
0 0.18012820512820513 0.3306490384615385 0.14487179487179488 0.15264423076923078
0 0.58125 0.7515625 0.13173076923076923 0.13245192307692308