0 0.8852564102564102 0.3763221153846154 0.13525641025641025 0.14639423076923078
0 0.14487179487179488 0.35709134615384613 0.175 0.17475961538461537
0 0.3128205128205128 0.6899038461538461 0.1564102564102564 0.16105769230769232
0 0.14711538461538462 0.6983173076923077 0.1737179487179487 0.17163461538461539
0 0.31666666666666665 0.846875 0.15897435897435896 0.16923076923076924
0 0.4673076923076923 0.6829326923076923 0.1519230769230769 0.15625
0 0.14871794871794872 0.18125 0.17884615384615385 0.1918269230769231
0 0.7540064102564102 0.5213942307692307 0.13365384615384615 0.14711538461538462
0 0.7559294871794872 0.2173076923076923 0.1375 0.16298076923076923
0 0.6195512820512821 0.8219951923076924 0.13782051282051283 0.15552884615384616
0 0.7543269230769231 0.37319711538461536 0.13173076923076923 0.14879807692307692
0 0.7559294871794872 0.8131009615384616 0.1362179487179487 0.15120192307692307
0 0.7554487179487179 0.6677884615384615 0.13653846153846153 0.14807692307692308
0 0.31346153846153846 0.3625 0.15833333333333333 0.16923076923076924
0 0.46939102564102564 0.3705528846153846 0.15352564102564104 0.16514423076923077
0 0.6184294871794872 0.37283653846153847 0.1503205128205128 0.1576923076923077
0 0.8881410256410256 0.6665865384615385 0.13076923076923078 0.14038461538461539
0 0.31474358974358974 0.19423076923076923 0.16602564102564102 0.18125
0 0.31346153846153846 0.5296875 0.16025641025641027 0.16514423076923077
0 0.8939102564102565 0.22548076923076923 0.14166666666666666 0.16153846153846155
0 0.8884615384615384 0.5231971153846153 0.13846153846153847 0.1483173076923077
0 0.47323717948717947 0.8340144230769231 0.15352564102564104 0.16322115384615385
0 0.8908653846153847 0.8068509615384616 0.13365384615384615 0.14543269230769232
0 0.6182692307692308 0.21057692307692308 0.15384615384615385 0.17163461538461539
0 0.14471153846153847 0.5300480769230769 0.17596153846153847 0.17211538461538461
0 0.4705128205128205 0.5272836538461538 0.15512820512820513 0.15841346153846153
0 0.6201923076923077 0.5272836538461538 0.14551282051282052 0.1516826923076923
0 0.6157051282051282 0.6765625 0.14423076923076922 0.14927884615384615
0 0.47307692307692306 0.20432692307692307 0.1608974358974359 0.17932692307692308
0 0.14599358974358975 0.85625 0.17467948717948717 0.16153846153846155