0 0.04583333333333333 0.256640625 0.09166666666666666 0.09140625
0 0.9182291666666667 0.951875 0.13854166666666667 0.0853125
0 0.5036458333333333 0.229296875 0.134375 0.09453125
0 0.6390625 0.31953125 0.134375 0.0984375
0 0.3807291666666667 0.241015625 0.13020833333333334 0.09453125
0 0.76875 0.220703125 0.14375 0.10078125
0 0.3828125 0.330859375 0.128125 0.09453125
0 0.7723958333333333 0.314453125 0.14270833333333333 0.09765625
0 0.2625 0.3375 0.125 0.09375
0 0.6380208333333334 0.41203124999999996 0.13645833333333332 0.094375
0 0.50625 0.41140625000000003 0.13125 0.088125
0 0.25729166666666664 0.248046875 0.12708333333333333 0.09296875
0 0.5078125 0.324609375 0.13020833333333334 0.09453125
0 0.6322916666666667 0.224609375 0.1375 0.09453125
0 0.7760416666666666 0.40945312500000003 0.1375 0.09703125
0 0.9135416666666667 0.30625 0.14375 0.1
0 0.16302083333333334 0.748828125 0.11770833333333333 0.08046875
0 0.6432291666666666 0.499609375 0.13645833333333332 0.09296875
0 0.14375 0.255078125 0.11875 0.09140625
0 0.7770833333333333 0.5 0.13958333333333334 0.09375
0 0.046875 0.34375 0.09375 0.0921875
0 0.14791666666666667 0.341015625 0.11666666666666667 0.08671875
0 0.15 0.425 0.11875 0.0875
0 0.525 0.931640625 0.13125 0.09296875
0 0.3932291666666667 0.759375 0.12395833333333334 0.0890625
0 0.2625 0.41953125 0.125 0.0921875
0 0.9171875 0.401171875 0.14270833333333333 0.10078125
0 0.2828125 0.9125 0.11770833333333333 0.0875
0 0.3859375 0.41875 0.12395833333333334 0.0921875
0 0.7822916666666667 0.8625 0.1375 0.09375
0 0.5203125 0.7625 0.13229166666666667 0.0875
0 0.39114583333333336 0.49921875 0.12395833333333334 0.0828125
0 0.5067708333333333 0.49453125 0.13020833333333334 0.0875
0 0.275 0.753125 0.11875 0.0875
0 0.6494791666666667 0.941796875 0.13020833333333334 0.09453125
0 0.9182291666666667 0.49539062500000003 0.14270833333333333 0.09671874999999999
0 0.9197916666666667 0.869921875 0.13958333333333334 0.09765625
0 0.05572916666666667 0.66796875 0.10520833333333333 0.0859375
0 0.26927083333333335 0.505859375 0.11979166666666667 0.08828125
0 0.4005208333333333 0.92421875 0.11979166666666667 0.090625
0 0.2755208333333333 0.8334140624999999 0.11979166666666667 0.081609375
0 0.0578125 0.746796875 0.109375 0.08609375
0 0.7802083333333333 0.587890625 0.13958333333333334 0.09296875
0 0.3890625 0.669140625 0.121875 0.08671875
0 0.7807291666666667 0.948046875 0.13229166666666667 0.09453125
0 0.6479166666666667 0.85625 0.13541666666666666 0.0921875
0 0.1546875 0.5064062500000001 0.11770833333333333 0.0871875
0 0.9104166666666667 0.2125 0.14583333333333334 0.1015625
0 0.15677083333333333 0.6671875 0.11354166666666667 0.084375
0 0.6432291666666666 0.680078125 0.13645833333333332 0.09296875
0 0.9182291666666667 0.58640625 0.14270833333333333 0.0959375
0 0.049479166666666664 0.5057031249999999 0.09895833333333333 0.08640624999999999
0 0.9203125 0.776953125 0.140625 0.09453125
0 0.051041666666666666 0.586328125 0.10208333333333333 0.08359375
0 0.16614583333333333 0.82421875 0.11354166666666667 0.0765625
0 0.91875 0.68359375 0.14375 0.1015625
0 0.6411458333333333 0.587109375 0.13645833333333332 0.09296875
0 0.38958333333333334 0.5877343749999999 0.12291666666666666 0.08859375
0 0.7802083333333333 0.76953125 0.1375 0.0921875
0 0.04791666666666667 0.42734375 0.09583333333333334 0.096875
0 0.5197916666666667 0.84453125 0.13125 0.0859375
0 0.6453125 0.767578125 0.134375 0.09296875
0 0.15625 0.586328125 0.11458333333333333 0.08359375
0 0.2734375 0.66953125 0.121875 0.0859375
0 0.26927083333333335 0.5875 0.11979166666666667 0.0875
0 0.0671875 0.898046875 0.10520833333333333 0.08515625
0 0.7802083333333333 0.682421875 0.13958333333333334 0.09296875
0 0.39479166666666665 0.844140625 0.125 0.08828125
0 0.5125 0.669921875 0.12708333333333333 0.08515625
0 0.17239583333333333 0.90703125 0.10520833333333333 0.0828125
0 0.5130208333333334 0.5880468750000001 0.13229166666666667 0.08953124999999999
0 0.403125 0.153515625 0.15833333333333333 0.09921875
0 0.06345833333333334 0.82421875 0.10768749999999999 0.0808828125