0 0.6569293478260869 0.3275103519668737 0.15353260869565216 0.08462732919254658
0 0.5084433229813664 0.16356107660455488 0.1469332298136646 0.06987577639751552
0 0.5032996894409938 0.23059006211180125 0.15178571428571427 0.08333333333333333
0 0.5413431677018633 0.7837732919254659 0.07763975155279502 0.24404761904761904
0 0.5400815217391305 0.5599120082815735 0.07550465838509317 0.22334368530020704
0 0.20555124223602483 0.33501552795031053 0.09006211180124224 0.18452380952380953
0 0.4625388198757764 0.781444099378882 0.08346273291925466 0.24353002070393376
0 0.32579580745341613 0.15178571428571427 0.15353260869565216 0.07427536231884058
0 0.5442546583850931 0.35856625258799174 0.07104037267080746 0.18245341614906832
0 0.6606172360248447 0.48214285714285715 0.16479037267080746 0.09109730848861283
0 0.46768245341614906 0.552148033126294 0.07705745341614907 0.21402691511387165
0 0.27416537267080743 0.33695652173913043 0.08520962732919254 0.18426501035196688
0 0.32259316770186336 0.21752070393374742 0.16498447204968944 0.07841614906832298
0 0.4092585403726708 0.3532608695652174 0.07589285714285714 0.18633540372670807
0 0.6793478260869565 0.8632246376811594 0.19021739130434784 0.114648033126294
0 0.24776785714285715 0.5364906832298136 0.09802018633540373 0.22153209109730848
0 0.3421001552795031 0.34368530020703936 0.08288043478260869 0.18426501035196688
0 0.22234083850931677 0.7717391304347826 0.1061723602484472 0.2494824016563147
0 0.30395962732919257 0.7717391304347826 0.09433229813664597 0.24378881987577639
0 0.14081909937888198 0.7687629399585921 0.1123835403726708 0.2528467908902691
0 0.672166149068323 0.6639492753623188 0.17857142857142858 0.10429606625258799
0 0.6555706521739131 0.25530538302277433 0.14887422360248448 0.07789855072463768
0 0.6690605590062112 0.7615165631469979 0.1777950310559006 0.1048136645962733
0 0.17129270186335405 0.5324792960662525 0.10306677018633541 0.21868530020703933
0 0.32298136645962733 0.5407608695652174 0.08967391304347826 0.22127329192546583
0 0.6660520186335404 0.5684446169772256 0.17371894409937888 0.09861542443064182
0 0.6585791925465838 0.40593167701863353 0.15838509316770186 0.08204710144927535
0 0.4750582298136646 0.353574016563147 0.07472826086956522 0.1854114906832298
0 0.3858695652173913 0.7776915113871635 0.09239130434782608 0.2489648033126294
0 0.3955745341614907 0.5507246376811594 0.08346273291925466 0.2054865424430642