0 0.30833333333333335 0.7438271604938271 0.06527777777777778 0.10802469135802469
0 0.4931712962962963 0.31666666666666665 0.08356481481481481 0.09814814814814815
0 0.4042824074074074 0.32021604938271603 0.08310185185185186 0.10092592592592593
0 0.3108796296296296 0.6373456790123457 0.06712962962962964 0.10740740740740741
0 0.678125 0.4145061728395062 0.08078703703703703 0.11604938271604938
0 0.5196759259259259 0.870216049382716 0.07453703703703704 0.11820987654320987
0 0.5997685185185185 0.6476851851851851 0.08009259259259259 0.1175925925925926
0 0.6783564814814815 0.7669753086419753 0.08171296296296296 0.12283950617283951
0 0.5225694444444444 0.645216049382716 0.07523148148148148 0.11450617283950618
0 0.5965277777777778 0.8783950617283951 0.07962962962962963 0.12222222222222222
0 0.6729166666666667 0.30632716049382713 0.08981481481481482 0.10586419753086419
0 0.5995370370370371 0.4183641975308642 0.07777777777777778 0.11512345679012345
0 0.6769675925925925 0.8865740740740741 0.08125 0.12808641975308643
0 0.32430555555555557 0.32700617283950617 0.075 0.09598765432098766
0 0.4462962962962963 0.7509259259259259 0.07407407407407407 0.11481481481481481
0 0.4457175925925926 0.8634259259259259 0.0738425925925926 0.1175925925925926
0 0.3789351851851852 0.6402777777777777 0.06851851851851852 0.10895061728395061
0 0.5238425925925926 0.41944444444444445 0.07407407407407407 0.11234567901234568
0 0.3059027777777778 0.8516975308641975 0.06597222222222222 0.10895061728395061
0 0.5981481481481481 0.7617283950617284 0.08009259259259259 0.12037037037037036
0 0.45046296296296295 0.42021604938271606 0.07314814814814814 0.11018518518518519
0 0.6784722222222223 0.6476851851851851 0.08194444444444444 0.11882716049382716
0 0.3753472222222222 0.7492283950617284 0.06967592592592593 0.11080246913580247
0 0.37997685185185187 0.42345679012345677 0.07013888888888889 0.10925925925925926
0 0.44895833333333335 0.6405864197530864 0.07337962962962963 0.11265432098765432
0 0.3795138888888889 0.5316358024691358 0.06921296296296296 0.10833333333333334
0 0.5797453703703703 0.31203703703703706 0.08726851851851852 0.10185185185185185
0 0.3738425925925926 0.8563271604938272 0.07037037037037037 0.11265432098765432
0 0.5997685185185185 0.5319444444444444 0.07777777777777778 0.11450617283950618
0 0.3128472222222222 0.42669753086419754 0.06550925925925925 0.10586419753086419
0 0.6791666666666667 0.5305555555555556 0.08101851851851852 0.1191358024691358
0 0.5239583333333333 0.5316358024691358 0.07476851851851851 0.11265432098765432
0 0.45046296296296295 0.5294753086419753 0.07314814814814814 0.11018518518518519
0 0.3128472222222222 0.5324074074074074 0.06550925925925925 0.10555555555555556
0 0.5203703703703704 0.7584876543209876 0.075 0.1169753086419753