0 0.3800154320987654 0.28420781893004116 0.07947530864197531 0.13631687242798354
0 0.626929012345679 0.13348765432098766 0.0787037037037037 0.14454732510288065
0 0.22974537037037038 0.5573559670781894 0.08063271604938271 0.1301440329218107
0 0.46045524691358025 0.2803497942386831 0.0798611111111111 0.1368312757201646
0 0.6248070987654321 0.41100823045267487 0.0798611111111111 0.13271604938271606
0 0.46585648148148145 0.41640946502057613 0.0783179012345679 0.13631687242798354
0 0.2984182098765432 0.28703703703703703 0.08063271604938271 0.13786008230452676
0 0.2332175925925926 0.6856995884773662 0.08063271604938271 0.12757201646090535
0 0.3128858024691358 0.6838991769547325 0.0787037037037037 0.12808641975308643
0 0.22376543209876543 0.42412551440329216 0.08179012345679013 0.1332304526748971
0 0.3748070987654321 0.14531893004115226 0.08063271604938271 0.14146090534979425
0 0.4672067901234568 0.5493827160493827 0.0779320987654321 0.12962962962962962
0 0.5451388888888888 0.41203703703703703 0.08024691358024691 0.13580246913580246
0 0.45524691358024694 0.1419753086419753 0.08024691358024691 0.14094650205761317
0 0.314429012345679 0.8112139917695473 0.07947530864197531 0.12757201646090535
0 0.30439814814814814 0.4228395061728395 0.08024691358024691 0.13271604938271606
0 0.7172067901234568 0.0830761316872428 0.1087962962962963 0.1147119341563786
0 0.29301697530864196 0.14686213991769548 0.08371913580246913 0.14146090534979425
0 0.5437885802469136 0.2741769547325103 0.08063271604938271 0.1388888888888889
0 0.6261574074074074 0.5424382716049383 0.0787037037037037 0.13117283950617284
0 0.546875 0.5452674897119342 0.07908950617283951 0.13168724279835392
0 0.3854166666666667 0.41975308641975306 0.07947530864197531 0.13580246913580246
0 0.5511188271604939 0.8006687242798354 0.07677469135802469 0.12397119341563786
0 0.7212577160493827 0.19470164609053497 0.10378086419753087 0.11574074074074074
0 0.7237654320987654 0.4061213991769547 0.10030864197530864 0.10853909465020577
0 0.23591820987654322 0.8135288065843621 0.0798611111111111 0.12705761316872427
0 0.3908179012345679 0.6823559670781894 0.0779320987654321 0.12808641975308643
0 0.5522762345679012 0.6759259259259259 0.0775462962962963 0.1286008230452675
0 0.47260802469135804 0.8037551440329218 0.07716049382716049 0.12294238683127572
0 0.720679012345679 0.30246913580246915 0.10185185185185185 0.1111111111111111
0 0.21122685185185186 0.14814814814814814 0.08294753086419752 0.14094650205761317
0 0.7179783950617284 0.5097736625514403 0.10030864197530864 0.10390946502057613
0 0.6329089506172839 0.7960390946502057 0.07677469135802469 0.12191358024691358
0 0.6286651234567902 0.2752057613168724 0.0783179012345679 0.1368312757201646
0 0.38753858024691357 0.5527263374485597 0.0783179012345679 0.13117283950617284
0 0.7237654320987654 0.8034979423868313 0.10030864197530864 0.09979423868312758
0 0.5443672839506173 0.13168724279835392 0.08719135802469136 0.147119341563786
0 0.7264660493827161 0.6100823045267489 0.10185185185185185 0.10390946502057613
0 0.722608024691358 0.7080761316872428 0.09953703703703703 0.10030864197530864
0 0.6313657407407407 0.6723251028806584 0.0798611111111111 0.12757201646090535
0 0.4712577160493827 0.6787551440329218 0.0783179012345679 0.1301440329218107
0 0.39467592592592593 0.8073559670781894 0.07947530864197531 0.125
0 0.30844907407407407 0.5545267489711934 0.0798611111111111 0.12962962962962962
0 0.2177854938271605 0.2880658436213992 0.08294753086419752 0.13786008230452676