0 0.41552734375 0.17903645833333334 0.1318359375 0.12369791666666667
0 0.28759765625 0.3001302083333333 0.1240234375 0.11328125
0 0.41552734375 0.2890625 0.1279296875 0.1171875
0 0.28759765625 0.19270833333333334 0.1318359375 0.11979166666666667
0 0.6669921875 0.599609375 0.083984375 0.17317708333333334
0 0.548828125 0.169921875 0.1328125 0.12369791666666667
0 0.49951171875 0.5989583333333334 0.0830078125 0.1640625
0 0.666015625 0.76953125 0.083984375 0.16927083333333334
0 0.54638671875 0.2864583333333333 0.1337890625 0.1171875
0 0.58251953125 0.6002604166666666 0.0849609375 0.16666666666666666
0 0.5009765625 0.7623697916666666 0.080078125 0.16276041666666666
0 0.66552734375 0.423828125 0.0869140625 0.17578125
0 0.2763671875 0.7506510416666666 0.07421875 0.15234375
0 0.5810546875 0.7669270833333334 0.08203125 0.1640625
0 0.41552734375 0.4264322916666667 0.0849609375 0.17057291666666666
0 0.4208984375 0.5950520833333334 0.08203125 0.16145833333333334
0 0.27294921875 0.5944010416666666 0.0791015625 0.15494791666666666
0 0.580078125 0.4290364583333333 0.087890625 0.17317708333333334
0 0.6630859375 0.24348958333333334 0.087890625 0.1875
0 0.34716796875 0.7552083333333334 0.0771484375 0.15625
0 0.34130859375 0.431640625 0.0830078125 0.16536458333333334
0 0.498046875 0.4303385416666667 0.0859375 0.17317708333333334
0 0.26806640625 0.4361979166666667 0.0791015625 0.15885416666666666
0 0.42138671875 0.7578125 0.0791015625 0.15885416666666666
0 0.345703125 0.5970052083333334 0.080078125 0.16015625