0 0.28466796875 0.3671875 0.0537109375 0.06770833333333333
0 0.45263671875 0.435546875 0.0556640625 0.06901041666666667
0 0.3408203125 0.4322916666666667 0.0546875 0.06510416666666667
0 0.5634765625 0.4368489583333333 0.052734375 0.06380208333333333
0 0.560546875 0.5045572916666666 0.052734375 0.06640625
0 0.2880859375 0.2994791666666667 0.0546875 0.06770833333333333
0 0.2890625 0.23111979166666666 0.0546875 0.06901041666666667
0 0.3408203125 0.3671875 0.0546875 0.06770833333333333
0 0.61572265625 0.5052083333333334 0.0556640625 0.06770833333333333
0 0.61669921875 0.4381510416666667 0.0537109375 0.06640625
0 0.232421875 0.3014322916666667 0.052734375 0.06640625
0 0.2880859375 0.4986979166666667 0.0546875 0.06770833333333333
0 0.619140625 0.3053385416666667 0.0546875 0.06901041666666667
0 0.50732421875 0.4361979166666667 0.0537109375 0.06770833333333333
0 0.44970703125 0.3678385416666667 0.0537109375 0.06901041666666667
0 0.39892578125 0.3001302083333333 0.0556640625 0.06901041666666667
0 0.34423828125 0.4993489583333333 0.0537109375 0.06380208333333333
0 0.45263671875 0.5013020833333334 0.0537109375 0.06510416666666667
0 0.3447265625 0.23111979166666666 0.0546875 0.06901041666666667
0 0.5634765625 0.3697916666666667 0.056640625 0.06770833333333333
0 0.23095703125 0.3684895833333333 0.0517578125 0.06770833333333333
0 0.50634765625 0.5013020833333334 0.0537109375 0.06510416666666667
0 0.3955078125 0.3678385416666667 0.0546875 0.06901041666666667
0 0.23095703125 0.435546875 0.0537109375 0.06640625
0 0.50537109375 0.369140625 0.0556640625 0.06640625
0 0.3427734375 0.2994791666666667 0.0546875 0.06770833333333333
0 0.39794921875 0.5006510416666666 0.0537109375 0.06640625
0 0.39697265625 0.435546875 0.0556640625 0.06640625
0 0.2314453125 0.234375 0.056640625 0.06770833333333333
0 0.5625 0.3046875 0.0546875 0.06770833333333333
0 0.56884765625 0.23697916666666666 0.0537109375 0.06770833333333333
0 0.623046875 0.23697916666666666 0.0546875 0.06770833333333333
0 0.62060546875 0.3736979166666667 0.0537109375 0.06770833333333333
0 0.39892578125 0.234375 0.0556640625 0.06770833333333333
0 0.453125 0.3001302083333333 0.0546875 0.06640625
0 0.5078125 0.3040364583333333 0.0546875 0.06640625
0 0.62890625 0.6920572916666666 0.02734375 0.061197916666666664
0 0.5126953125 0.23567708333333334 0.056640625 0.0703125
0 0.2451171875 0.5 0.029296875 0.0625
0 0.63037109375 0.6315104166666666 0.0263671875 0.057291666666666664
0 0.455810546875 0.23111979166666666 0.05615234375 0.07421875
0 0.21728515625 0.5 0.0283203125 0.0625
0 0.603515625 0.630859375 0.02734375 0.061197916666666664
0 0.21533203125 0.810546875 0.0263671875 0.061197916666666664
0 0.28515625 0.4322916666666667 0.0546875 0.06510416666666667
0 0.216796875 0.7486979166666666 0.02734375 0.0625
0 0.216796875 0.6243489583333334 0.02734375 0.06380208333333333
0 0.62890625 0.7545572916666666 0.02734375 0.061197916666666664
0 0.216796875 0.685546875 0.02734375 0.061197916666666664
0 0.51806640625 0.6907552083333334 0.0283203125 0.061197916666666664
0 0.29833984375 0.6875 0.0283203125 0.0625
0 0.544921875 0.8131510416666666 0.02734375 0.061197916666666664
0 0.21728515625 0.5618489583333334 0.0283203125 0.061197916666666664
0 0.46435546875 0.6282552083333334 0.0283203125 0.061197916666666664
0 0.52001953125 0.7513020833333334 0.0283203125 0.059895833333333336
0 0.40478515625 0.8125 0.0283203125 0.057291666666666664
0 0.52001953125 0.6295572916666666 0.0283203125 0.061197916666666664
0 0.54541015625 0.6920572916666666 0.0263671875 0.05859375
0 0.517578125 0.8131510416666666 0.02734375 0.061197916666666664
0 0.24267578125 0.748046875 0.0263671875 0.05859375
0 0.24267578125 0.625 0.0263671875 0.0625
0 0.48974609375 0.6888020833333334 0.0283203125 0.0625
0 0.60205078125 0.7513020833333334 0.0263671875 0.0625
0 0.271591796875 0.5631510416666666 0.02755859375 0.06380208333333333
0 0.29541015625 0.8111979166666666 0.0263671875 0.0625
0 0.46533203125 0.7506510416666666 0.0302734375 0.061197916666666664
0 0.49267578125 0.62890625 0.0283203125 0.059895833333333336
0 0.40673828125 0.6888020833333334 0.0263671875 0.059895833333333336
0 0.54638671875 0.6302083333333334 0.0283203125 0.0625
0 0.62744140625 0.8138020833333334 0.0263671875 0.059895833333333336
0 0.57763671875 0.5677083333333334 0.0283203125 0.0625
0 0.49267578125 0.7532552083333334 0.0283203125 0.061197916666666664
0 0.38134765625 0.75 0.0263671875 0.0625
0 0.572265625 0.8138020833333334 0.02734375 0.059895833333333336
0 0.29833984375 0.7493489583333334 0.0283203125 0.061197916666666664
0 0.60107421875 0.69140625 0.0283203125 0.059895833333333336
0 0.5478515625 0.7532552083333334 0.02734375 0.061197916666666664
0 0.43603515625 0.62890625 0.0283203125 0.059895833333333336
0 0.63134765625 0.5690104166666666 0.0283203125 0.0625
0 0.5751953125 0.630859375 0.029296875 0.061197916666666664
0 0.2705078125 0.748046875 0.02734375 0.05859375
0 0.54833984375 0.5677083333333334 0.0283203125 0.0625
0 0.38037109375 0.6881510416666666 0.0263671875 0.061197916666666664
0 0.353515625 0.6881510416666666 0.02734375 0.061197916666666664
0 0.40771484375 0.5657552083333334 0.0283203125 0.061197916666666664
0 0.244140625 0.6875 0.02734375 0.0625
0 0.24365234375 0.5631510416666666 0.0263671875 0.061197916666666664
0 0.3818359375 0.6282552083333334 0.02734375 0.061197916666666664
0 0.267578125 0.8079427083333334 0.02734375 0.06380208333333333
0 0.60009765625 0.8157552083333334 0.0283203125 0.061197916666666664
0 0.3759765625 0.8125 0.02734375 0.057291666666666664
0 0.2421875 0.8072916666666666 0.02734375 0.0625
0 0.4072265625 0.6282552083333334 0.02734375 0.061197916666666664
0 0.43474609375 0.6881510416666666 0.027685546875 0.05859375
0 0.4326171875 0.8131510416666666 0.02734375 0.061197916666666664
0 0.35302734375 0.75 0.0283203125 0.0625
0 0.4892578125 0.8131510416666666 0.029296875 0.061197916666666664
0 0.35400390625 0.6263020833333334 0.0283203125 0.059895833333333336
0 0.57275390625 0.6920572916666666 0.0283203125 0.05859375
0 0.2705078125 0.6875 0.02734375 0.0625
0 0.3818359375 0.5657552083333334 0.02734375 0.061197916666666664
0 0.271484375 0.6256510416666666 0.02734375 0.061197916666666664
0 0.46044921875 0.8131510416666666 0.0283203125 0.061197916666666664
0 0.57470703125 0.7532552083333334 0.0283203125 0.061197916666666664
0 0.322265625 0.8118489583333334 0.02734375 0.061197916666666664
0 0.51904296875 0.5670572916666666 0.0302734375 0.061197916666666664
0 0.462734375 0.6881510416666666 0.029609375 0.061197916666666664
0 0.35337890625 0.5638020833333334 0.0276171875 0.0625
0 0.41015625 0.75 0.029296875 0.0625
0 0.43798828125 0.75 0.0283203125 0.0625
0 0.4638671875 0.56640625 0.029296875 0.0625
0 0.34912109375 0.8118489583333334 0.0302734375 0.061197916666666664
0 0.32470703125 0.6875 0.0263671875 0.0625
0 0.605185546875 0.568359375 0.02677734375 0.061197916666666664
0 0.32470703125 0.5638020833333334 0.0302734375 0.0625
0 0.4921875 0.5670572916666666 0.02734375 0.061197916666666664
0 0.32568359375 0.75 0.0263671875 0.0625
0 0.4365234375 0.5663541666666666 0.02837890625 0.06338541666666667
0 0.327041015625 0.6256640625 0.02826171875 0.0602734375
0 0.298720703125 0.6263932291666666 0.02771484375 0.06055989583333333
0 0.297509765625 0.5640885416666667 0.027939453125 0.06177083333333333