0 0.2509765625 0.6243489583333334 0.142578125 0.21223958333333334
0 0.390625 0.619140625 0.13671875 0.20963541666666666
0 0.7919921875 0.22526041666666666 0.146484375 0.17447916666666666
0 0.6259765625 0.22265625 0.17578125 0.18229166666666666
0 0.2509765625 0.8313802083333334 0.138671875 0.20442708333333334
0 0.65478515625 0.6171875 0.1298828125 0.19791666666666666
0 0.779296875 0.8059895833333334 0.130859375 0.19270833333333334
0 0.52099609375 0.8177083333333334 0.1298828125 0.20052083333333334
0 0.5322265625 0.4095052083333333 0.13671875 0.21223958333333334
0 0.2490234375 0.41015625 0.1484375 0.21875
0 0.447265625 0.21419270833333334 0.16015625 0.18098958333333334
0 0.66748046875 0.4134114583333333 0.1298828125 0.20442708333333334
0 0.796875 0.412109375 0.1328125 0.19921875
0 0.5263671875 0.6165364583333334 0.1328125 0.20182291666666666
0 0.38720703125 0.8255208333333334 0.1337890625 0.203125
0 0.392578125 0.4095052083333333 0.13671875 0.21223958333333334
0 0.2578125 0.21028645833333334 0.166015625 0.18619791666666666
0 0.78759765625 0.6126302083333334 0.1416015625 0.19401041666666666
0 0.64990234375 0.8111979166666666 0.1259765625 0.19270833333333334