0 0.7138671875 0.748046875 0.078125 0.11848958333333333
0 0.5830078125 0.181640625 0.10546875 0.10546875
0 0.68603515625 0.1796875 0.0966796875 0.10416666666666667
0 0.46826171875 0.416015625 0.0810546875 0.12109375
0 0.3984375 0.76953125 0.08203125 0.11979166666666667
0 0.3876953125 0.4186197916666667 0.083984375 0.11848958333333333
0 0.46533203125 0.298828125 0.0810546875 0.12109375
0 0.30908203125 0.5423177083333334 0.0830078125 0.12109375
0 0.31884765625 0.7799479166666666 0.0830078125 0.11979166666666667
0 0.47509765625 0.6490885416666666 0.0810546875 0.11848958333333333
0 0.54638671875 0.29296875 0.0810546875 0.11979166666666667
0 0.48046875 0.7669270833333334 0.080078125 0.1171875
0 0.39013671875 0.5364583333333334 0.0830078125 0.11979166666666667
0 0.39453125 0.6536458333333334 0.083984375 0.11979166666666667
0 0.6259765625 0.2923177083333333 0.080078125 0.11848958333333333
0 0.5498046875 0.5286458333333334 0.08203125 0.11979166666666667
0 0.31201171875 0.6608072916666666 0.0869140625 0.12369791666666667
0 0.54931640625 0.412109375 0.0830078125 0.11848958333333333
0 0.6337890625 0.6419270833333334 0.080078125 0.11979166666666667
0 0.63623046875 0.7552083333333334 0.0771484375 0.11458333333333333
0 0.62744140625 0.41015625 0.0771484375 0.11979166666666667
0 0.38427734375 0.2994791666666667 0.0810546875 0.11979166666666667
0 0.70751953125 0.5182291666666666 0.0771484375 0.11979166666666667
0 0.46826171875 0.185546875 0.0888671875 0.10546875
0 0.62939453125 0.5247395833333334 0.0771484375 0.1171875
0 0.705078125 0.4036458333333333 0.078125 0.11458333333333333
0 0.30712890625 0.4231770833333333 0.0830078125 0.11979166666666667
0 0.70166015625 0.2877604166666667 0.0771484375 0.1171875
0 0.5546875 0.6438802083333334 0.080078125 0.11848958333333333
0 0.3701171875 0.18880208333333334 0.095703125 0.10416666666666667
0 0.7099609375 0.6321614583333334 0.076171875 0.11848958333333333
0 0.470703125 0.5325520833333334 0.080078125 0.11979166666666667
0 0.30224609375 0.3014322916666667 0.0849609375 0.12109375
0 0.5576171875 0.759765625 0.078125 0.11848958333333333