0 0.71533203125 0.17643229166666666 0.1005859375 0.08463541666666667
0 0.8203125 0.3483072916666667 0.09765625 0.08723958333333333
0 0.814453125 0.17513020833333334 0.1015625 0.08203125
0 0.72021484375 0.5221354166666666 0.1025390625 0.08854166666666667
0 0.62060546875 0.6985677083333334 0.1064453125 0.08984375
0 0.5205078125 0.8802083333333334 0.103515625 0.09375
0 0.5146484375 0.349609375 0.1015625 0.08723958333333333
0 0.6259765625 0.880859375 0.10546875 0.09505208333333333
0 0.71923828125 0.3450520833333333 0.1005859375 0.08854166666666667
0 0.41455078125 0.8815104166666666 0.1044921875 0.08854166666666667
0 0.72998046875 0.8802083333333334 0.1044921875 0.09375
0 0.8330078125 0.8802083333333334 0.1015625 0.09375
0 0.6171875 0.3489583333333333 0.1015625 0.08854166666666667
0 0.8291015625 0.6985677083333334 0.103515625 0.08984375
0 0.83056640625 0.787109375 0.1025390625 0.09244791666666667
0 0.61474609375 0.17447916666666666 0.1025390625 0.08854166666666667
0 0.6181640625 0.5234375 0.099609375 0.08854166666666667
0 0.72509765625 0.6985677083333334 0.1044921875 0.09244791666666667
0 0.7275390625 0.787109375 0.10546875 0.09244791666666667
0 0.31005859375 0.875 0.1025390625 0.08854166666666667
0 0.41015625 0.7057291666666666 0.103515625 0.08854166666666667
0 0.82470703125 0.5227864583333334 0.1025390625 0.08723958333333333
0 0.81591796875 0.2610677083333333 0.1025390625 0.08723958333333333
0 0.51513671875 0.5286458333333334 0.1044921875 0.09114583333333333
0 0.61962890625 0.611328125 0.1025390625 0.08984375
0 0.71826171875 0.4348958333333333 0.1044921875 0.08854166666666667
0 0.3076171875 0.3815104166666667 0.10546875 0.09635416666666667
0 0.51513671875 0.7018229166666666 0.1044921875 0.09114583333333333
0 0.3046875 0.4811197916666667 0.1015625 0.09505208333333333
0 0.4130859375 0.7936197916666666 0.103515625 0.08723958333333333
0 0.517578125 0.7923177083333334 0.103515625 0.08984375
0 0.716796875 0.26171875 0.1015625 0.0859375
0 0.4130859375 0.3541666666666667 0.103515625 0.08854166666666667
0 0.40966796875 0.5299479166666666 0.1044921875 0.08854166666666667
0 0.51708984375 0.6139322916666666 0.1044921875 0.09244791666666667
0 0.6171875 0.435546875 0.1015625 0.08723958333333333
0 0.62255859375 0.787109375 0.1044921875 0.09244791666666667
0 0.30810546875 0.19921875 0.1044921875 0.09895833333333333
0 0.513671875 0.1796875 0.103515625 0.0859375
0 0.82666015625 0.609375 0.1044921875 0.08854166666666667
0 0.4130859375 0.6178385416666666 0.103515625 0.08723958333333333
0 0.6142578125 0.26171875 0.103515625 0.08854166666666667
0 0.51025390625 0.2630208333333333 0.1044921875 0.08854166666666667
0 0.513671875 0.4381510416666667 0.103515625 0.09244791666666667
0 0.4072265625 0.267578125 0.103515625 0.08723958333333333
0 0.41015625 0.4420572916666667 0.103515625 0.08984375
0 0.41064453125 0.181640625 0.1025390625 0.08723958333333333
0 0.30712890625 0.2864583333333333 0.1044921875 0.1015625
0 0.72265625 0.607421875 0.1015625 0.09244791666666667
0 0.3076171875 0.7568489583333333 0.103515625 0.14515625000000001
0 0.3076171875 0.6136067708333334 0.10546875 0.123046875
0 0.82177734375 0.4361979166666667 0.1025390625 0.08854166666666667