0 0.46484375 0.8880208333333334 0.09375 0.19010416666666666
0 0.47216796875 0.35546875 0.1455078125 0.125
0 0.28173828125 0.88671875 0.0927734375 0.1875
0 0.28466796875 0.51171875 0.0927734375 0.1875
0 0.3173828125 0.3561197916666667 0.1484375 0.12369791666666667
0 0.61962890625 0.2421875 0.1455078125 0.125
0 0.373046875 0.8893229166666666 0.091796875 0.18489583333333334
0 0.3193359375 0.23567708333333334 0.150390625 0.12239583333333333
0 0.73974609375 0.3294270833333333 0.0927734375 0.1875
0 0.6201171875 0.3606770833333333 0.142578125 0.125
0 0.556640625 0.8893229166666666 0.091796875 0.1875
0 0.466796875 0.7005208333333334 0.09375 0.18229166666666666
0 0.4697265625 0.23502604166666666 0.146484375 0.12109375
0 0.466796875 0.5123697916666666 0.09375 0.18880208333333334
0 0.6513671875 0.5169270833333334 0.091796875 0.1875
0 0.5595703125 0.5123697916666666 0.095703125 0.19401041666666666
0 0.37548828125 0.5110677083333334 0.0947265625 0.19140625
0 0.64794921875 0.8919270833333334 0.0908203125 0.18489583333333334
0 0.283203125 0.6985677083333334 0.091796875 0.18359375
0 0.7412109375 0.5182291666666666 0.091796875 0.1875
0 0.55810546875 0.701171875 0.0927734375 0.18619791666666666
0 0.73828125 0.7057291666666666 0.091796875 0.18229166666666666
0 0.736328125 0.8912760416666666 0.091796875 0.18359375
0 0.375 0.7005208333333334 0.09375 0.18489583333333334
0 0.6484375 0.705078125 0.091796875 0.18359375