0 0.4008101851851852 0.24845679012345678 0.04560185185185185 0.03333333333333333
0 0.4582175925925926 0.2492283950617284 0.044675925925925924 0.03425925925925926
0 0.35532407407407407 0.2490740740740741 0.04212962962962963 0.0345679012345679
0 0.6769675925925925 0.24845679012345678 0.04189814814814815 0.03333333333333333
0 0.3283564814814815 0.6990740740740741 0.02662037037037037 0.05740740740740741
0 0.5457175925925926 0.24691358024691357 0.04421296296296296 0.03333333333333333
0 0.5895833333333333 0.2490740740740741 0.04351851851851852 0.03271604938271605
0 0.30266203703703703 0.6998456790123457 0.025694444444444443 0.0558641975308642
0 0.3537037037037037 0.4691358024691358 0.02638888888888889 0.05802469135802469
0 0.37916666666666665 0.4683641975308642 0.02638888888888889 0.05771604938271605
0 0.30289351851851853 0.7574074074074074 0.026157407407407407 0.05802469135802469
0 0.3119212962962963 0.25015432098765433 0.043287037037037034 0.035493827160493825
0 0.5018518518518519 0.24768518518518517 0.04259259259259259 0.03487654320987654
0 0.32766203703703706 0.5837962962962963 0.025694444444444443 0.05771604938271605
0 0.4045138888888889 0.8155864197530864 0.026157407407407407 0.05771604938271605
0 0.6886574074074074 0.5819444444444445 0.025925925925925925 0.05771604938271605
0 0.4525462962962963 0.29367283950617284 0.027314814814814816 0.05709876543209876
0 0.3528935185185185 0.5848765432098766 0.02662037037037037 0.05864197530864197
0 0.4047453703703704 0.4677469135802469 0.026157407407407407 0.05771604938271605
0 0.6335648148148149 0.24598765432098765 0.04351851851851852 0.0345679012345679
0 0.3278935185185185 0.4683641975308642 0.026157407407407407 0.05771604938271605
0 0.4570601851851852 0.46620370370370373 0.02662037037037037 0.05648148148148148
0 0.378587962962963 0.8160493827160494 0.02662037037037037 0.056790123456790124
0 0.6884259259259259 0.4669753086419753 0.02546296296296296 0.05617283950617284
0 0.3545138888888889 0.7577160493827161 0.02662037037037037 0.05802469135802469
0 0.3282407407407407 0.7577160493827161 0.026851851851851852 0.05802469135802469
0 0.48217592592592595 0.5249382716049382 0.02666666666666667 0.05814814814814815
0 0.4789351851851852 0.2941358024691358 0.02638888888888889 0.056790123456790124
0 0.37916666666666665 0.5833333333333334 0.027314814814814816 0.06049382716049383
0 0.4047453703703704 0.7566358024691358 0.026157407407407407 0.05771604938271605
0 0.6881944444444444 0.5242283950617284 0.02638888888888889 0.05648148148148148
0 0.42951388888888886 0.7569444444444444 0.025231481481481483 0.058333333333333334
0 0.30277777777777776 0.4683641975308642 0.025925925925925925 0.05709876543209876
0 0.42650462962962965 0.2941358024691358 0.026157407407407407 0.05617283950617284
0 0.6140046296296297 0.6415123456790124 0.025231481481481483 0.05709876543209876
0 0.37974537037037037 0.7577160493827161 0.025694444444444443 0.05864197530864197
0 0.35439814814814813 0.700925925925926 0.02638888888888889 0.05555555555555555
0 0.3025462962962963 0.4109567901234568 0.02546296296296296 0.05771604938271605
0 0.4097222222222222 0.6415123456790124 0.027314814814814816 0.05648148148148148
0 0.6877314814814814 0.7544753086419753 0.02546296296296296 0.05895061728395062
0 0.35300925925925924 0.5270061728395061 0.02638888888888889 0.05648148148148148
0 0.6607638888888889 0.8158950617283951 0.027083333333333334 0.0558641975308642
0 0.3300925925925926 0.641358024691358 0.027777777777777776 0.05740740740740741
0 0.3784722222222222 0.5259259259259259 0.02638888888888889 0.05493827160493827
0 0.47974537037037035 0.7569444444444444 0.025231481481481483 0.05895061728395062
0 0.30127314814814815 0.5841049382716049 0.02476851851851852 0.05771604938271605
0 0.6883101851851852 0.6395061728395062 0.025231481481481483 0.05555555555555555
0 0.430787037037037 0.4669753086419753 0.027314814814814816 0.056790123456790124
0 0.4549768518518518 0.7574074074074074 0.025231481481481483 0.05802469135802469
0 0.5840277777777778 0.6995370370370371 0.025925925925925925 0.0558641975308642
0 0.3278935185185185 0.8160493827160494 0.025694444444444443 0.056790123456790124
0 0.3017361111111111 0.8169753086419753 0.023842592592592592 0.059876543209876544
0 0.5318287037037037 0.7558641975308642 0.026157407407407407 0.05802469135802469
0 0.6337962962962963 0.8155864197530864 0.02638888888888889 0.05648148148148148
0 0.4041666666666667 0.5256172839506172 0.026851851851851852 0.05555555555555555
0 0.4305555555555556 0.8158950617283951 0.025925925925925925 0.05771604938271605
0 0.353125 0.8154320987654321 0.02662037037037037 0.056790123456790124
0 0.30104166666666665 0.29737654320987655 0.025231481481481483 0.0558641975308642
0 0.3806712962962963 0.7001543209876543 0.02662037037037037 0.05648148148148148
0 0.5609953703703704 0.46728395061728395 0.026157407407407407 0.056790123456790124
0 0.6623842592592593 0.7566358024691358 0.028009259259259258 0.06018518518518518
0 0.5054398148148148 0.7569444444444444 0.02662037037037037 0.05895061728395062
0 0.32731481481481484 0.29598765432098767 0.02546296296296296 0.05555555555555555
0 0.4554398148148148 0.5253086419753087 0.02662037037037037 0.05864197530864197
0 0.42974537037037036 0.4094135802469136 0.028009259259259258 0.05709876543209876
0 0.38287037037037036 0.6427469135802469 0.026851851851851852 0.05648148148148148
0 0.6097222222222223 0.6993827160493827 0.02638888888888889 0.056790123456790124
0 0.37627314814814816 0.2941358024691358 0.026157407407407407 0.056790123456790124
0 0.5077546296296296 0.40848765432098766 0.026157407407407407 0.05709876543209876
0 0.42939814814814814 0.5256172839506172 0.02546296296296296 0.056790123456790124
0 0.5597222222222222 0.40987654320987654 0.026851851851851852 0.05617283950617284
0 0.531712962962963 0.3512345679012346 0.02638888888888889 0.05740740740740741
0 0.5579861111111111 0.7555555555555555 0.026157407407407407 0.05802469135802469
0 0.48368055555555556 0.4669753086419753 0.026157407407407407 0.05555555555555555
0 0.32708333333333334 0.4109567901234568 0.02546296296296296 0.05771604938271605
0 0.402662037037037 0.3520061728395062 0.027083333333333334 0.058333333333333334
0 0.3525462962962963 0.3533950617283951 0.025925925925925925 0.05802469135802469
0 0.4832175925925926 0.582716049382716 0.02662037037037037 0.05802469135802469
0 0.35185185185185186 0.4104938271604938 0.026851851851851852 0.05802469135802469
0 0.4810185185185185 0.8158950617283951 0.02546296296296296 0.05709876543209876
0 0.35717592592592595 0.6424382716049383 0.02638888888888889 0.05648148148148148
0 0.6878472222222223 0.40879629629629627 0.025231481481481483 0.05771604938271605
0 0.4363425925925926 0.6419753086419753 0.02638888888888889 0.05617283950617284
0 0.3020833333333333 0.6430555555555556 0.024537037037037038 0.05895061728395062
0 0.5892361111111111 0.6416666666666667 0.027083333333333334 0.05802469135802469
0 0.5840277777777778 0.7561728395061729 0.025925925925925925 0.05617283950617284
0 0.5055555555555555 0.2927469135802469 0.026851851851851852 0.05771604938271605
0 0.4565972222222222 0.5834876543209877 0.02662037037037037 0.058333333333333334
0 0.30266203703703703 0.3541666666666667 0.026157407407407407 0.0558641975308642
0 0.3275462962962963 0.3530864197530864 0.026851851851851852 0.05802469135802469
0 0.37743055555555555 0.3520061728395062 0.026157407407407407 0.058333333333333334
0 0.5835648148148148 0.3537037037037037 0.02546296296296296 0.05555555555555555
0 0.6091435185185186 0.7570987654320988 0.026157407407407407 0.05493827160493827
0 0.6392361111111111 0.6410493827160494 0.02662037037037037 0.056790123456790124
0 0.6642361111111111 0.6401234567901235 0.026157407407407407 0.056790123456790124
0 0.5646666666666667 0.641358024691358 0.024701388888888887 0.05740740740740741
0 0.45590277777777777 0.8158950617283951 0.025231481481481483 0.05771604938271605
0 0.5577546296296296 0.3520061728395062 0.026157407407407407 0.05709876543209876
0 0.35185185185185186 0.29475308641975306 0.026851851851851852 0.056790123456790124
0 0.402662037037037 0.40987654320987654 0.02662037037037037 0.056790123456790124
0 0.638425925925926 0.582716049382716 0.027314814814814816 0.05740740740740741
0 0.6640046296296296 0.5824074074074074 0.02662037037037037 0.05802469135802469
0 0.5146990740740741 0.6405864197530864 0.02662037037037037 0.05771604938271605
0 0.40150462962962963 0.2941358024691358 0.02662037037037037 0.05617283950617284
0 0.32743055555555556 0.5263888888888889 0.02662037037037037 0.05709876543209876
0 0.6118055555555556 0.4101851851851852 0.026851851851851852 0.056790123456790124
0 0.6628472222222223 0.4669753086419753 0.026157407407407407 0.05740740740740741
0 0.638425925925926 0.40879629629629627 0.026851851851851852 0.05771604938271605
0 0.6072916666666667 0.8140432098765432 0.025231481481481483 0.058333333333333334
0 0.533912037037037 0.40879629629629627 0.026157407407407407 0.05648148148148148
0 0.663263888888889 0.40910493827160493 0.02560185185185185 0.05771604938271605
0 0.4550925925925926 0.3516975308641975 0.026851851851851852 0.05648148148148148
0 0.5572916666666666 0.8148148148148148 0.025694444444444443 0.05802469135802469
0 0.4056712962962963 0.5830246913580247 0.02662037037037037 0.059876543209876544
0 0.5059027777777778 0.3509259259259259 0.02662037037037037 0.05740740740740741
0 0.5311342592592593 0.8145061728395062 0.02662037037037037 0.05802469135802469
0 0.4289351851851852 0.3516975308641975 0.02638888888888889 0.05895061728395062
0 0.6124537037037038 0.4677469135802469 0.024907407407407406 0.05709876543209876
0 0.687037037037037 0.3520061728395062 0.026851851851851852 0.05709876543209876
0 0.5844907407407407 0.5259259259259259 0.02638888888888889 0.05617283950617284
0 0.6346064814814815 0.7569444444444444 0.026157407407407407 0.05771604938271605
0 0.4322916666666667 0.6995370370370371 0.025694444444444443 0.0558641975308642
0 0.43136574074074074 0.582716049382716 0.02662037037037037 0.05864197530864197
0 0.6877314814814814 0.8140432098765432 0.02546296296296296 0.05401234567901234
0 0.5347222222222222 0.46651234567901234 0.027777777777777776 0.05709876543209876
0 0.4878472222222222 0.6412037037037037 0.027546296296296298 0.05771604938271605
0 0.4809027777777778 0.40879629629629627 0.027546296296296298 0.0558641975308642
0 0.5064814814814815 0.8151234567901234 0.02546296296296296 0.056790123456790124
0 0.5871759259259259 0.4675925925925926 0.025277777777777777 0.056790123456790124
0 0.40694444444444444 0.6990740740740741 0.02638888888888889 0.05555555555555555
0 0.6101851851851852 0.3530864197530864 0.026851851851851852 0.056790123456790124
0 0.37766203703703705 0.4101851851851852 0.02662037037037037 0.05802469135802469
0 0.4628935185185185 0.6419753086419753 0.026250000000000002 0.05740740740740741
0 0.6614583333333334 0.3516975308641975 0.026157407407407407 0.05771604938271605
0 0.5824074074074074 0.8145061728395062 0.02546296296296296 0.05802469135802469
0 0.6129629629629629 0.5834876543209877 0.02638888888888889 0.05771604938271605
0 0.5402777777777777 0.640895061728395 0.025925925925925925 0.05771604938271605
0 0.6375925925925926 0.4674382716049383 0.025185185185185185 0.058333333333333334
0 0.6617361111111111 0.2933641975308642 0.025324074074074075 0.05771604938271605
0 0.5324074074074074 0.29305555555555557 0.027314814814814816 0.058333333333333334
0 0.5594907407407408 0.5254629629629629 0.025 0.05648148148148148
0 0.4568287037037037 0.7006172839506173 0.026157407407407407 0.05617283950617284
0 0.6103009259259259 0.5262654320987654 0.026157407407407407 0.0567283950617284
0 0.5576388888888889 0.6987654320987654 0.02638888888888889 0.05432098765432099
0 0.5349074074074075 0.525 0.025555555555555557 0.05864197530864197
0 0.662962962962963 0.6976851851851852 0.027777777777777776 0.0558641975308642
0 0.5856481481481481 0.4104938271604938 0.02638888888888889 0.05555555555555555
0 0.30243055555555554 0.5265432098765432 0.027083333333333334 0.05740740740740741
0 0.6368750000000001 0.5251543209876544 0.02560185185185185 0.05771604938271605
0 0.6366203703703703 0.2924382716049383 0.02601851851851852 0.058333333333333334
0 0.5876157407407407 0.5830246913580247 0.02847222222222222 0.05802469135802469
0 0.5090277777777777 0.5837962962962963 0.025925925925925925 0.055246913580246915
0 0.5342592592592592 0.582716049382716 0.02638888888888889 0.05617283950617284
0 0.4806712962962963 0.3515432098765432 0.02662037037037037 0.056790123456790124
0 0.6872453703703704 0.2949074074074074 0.02689814814814815 0.0595679012345679
0 0.6112962962962963 0.2938271604938272 0.025833333333333333 0.05864197530864197
0 0.584837962962963 0.29521604938271606 0.027546296296296298 0.05895061728395062
0 0.6368055555555555 0.3509259259259259 0.025 0.05864197530864197
0 0.6363101851851852 0.6984567901234567 0.02493287037037037 0.056790123456790124
0 0.5069444444444444 0.6987654320987654 0.026851851851851852 0.056790123456790124
0 0.4565972222222222 0.4080246913580247 0.027083333333333334 0.05802469135802469
0 0.5097222222222222 0.4666666666666667 0.025925925925925925 0.05555555555555555
0 0.5588888888888889 0.2940493827160494 0.02666666666666667 0.05834876543209877
0 0.6622222222222223 0.5250092592592592 0.02537037037037037 0.05730246913580247
0 0.5091273148148148 0.524962962962963 0.02605787037037037 0.05821604938271605
0 0.5608796296296297 0.5840216049382716 0.025858796296296296 0.05675925925925926
0 0.6882615740740741 0.6964228395061728 0.02493287037037037 0.05669135802469136
0 0.532099537037037 0.6988641975308643 0.024460648148148148 0.05760185185185185
0 0.48190509259259257 0.6996358024691358 0.024381944444444446 0.05708641975308642