0 0.5234375 0.8072916666666666 0.072265625 0.10677083333333333
0 0.30224609375 0.7109375 0.0751953125 0.109375
0 0.517578125 0.4908854166666667 0.072265625 0.10416666666666667
0 0.59228515625 0.7005208333333334 0.0712890625 0.10677083333333333
0 0.6630859375 0.697265625 0.068359375 0.10546875
0 0.595703125 0.8059895833333334 0.0703125 0.10677083333333333
0 0.59033203125 0.5970052083333334 0.0693359375 0.10546875
0 0.37841796875 0.8157552083333334 0.0732421875 0.11067708333333333
0 0.302734375 0.8190104166666666 0.07421875 0.11197916666666667
0 0.666015625 0.8014322916666666 0.0703125 0.10807291666666667
0 0.58935546875 0.4921875 0.0693359375 0.10416666666666667
0 0.6572265625 0.48828125 0.0703125 0.10416666666666667
0 0.30322265625 0.4934895833333333 0.0732421875 0.10677083333333333
0 0.4482421875 0.4928385416666667 0.072265625 0.10546875
0 0.65966796875 0.5924479166666666 0.0673828125 0.1015625
0 0.37548828125 0.494140625 0.0732421875 0.10546875
0 0.3759765625 0.7063802083333334 0.072265625 0.10807291666666667
0 0.58642578125 0.3880208333333333 0.0693359375 0.1015625
0 0.48095703125 0.29296875 0.0810546875 0.08854166666666667
0 0.37890625 0.2884114583333333 0.08203125 0.09244791666666667
0 0.44677734375 0.3873697916666667 0.0712890625 0.10546875
0 0.30224609375 0.6009114583333334 0.0712890625 0.10807291666666667
0 0.52099609375 0.7005208333333334 0.0712890625 0.10677083333333333
0 0.56494140625 0.29296875 0.0869140625 0.08854166666666667
0 0.30419921875 0.3873697916666667 0.0712890625 0.10546875
0 0.51806640625 0.3873697916666667 0.0712890625 0.10546875
0 0.5205078125 0.5950520833333334 0.0703125 0.10677083333333333
0 0.45166015625 0.8118489583333334 0.0732421875 0.10546875
0 0.37548828125 0.599609375 0.0732421875 0.10546875
0 0.64599609375 0.2884114583333333 0.0791015625 0.09505208333333333
0 0.4482421875 0.705078125 0.072265625 0.10807291666666667
0 0.37548828125 0.3880208333333333 0.0732421875 0.10677083333333333
0 0.44873046875 0.5989583333333334 0.0732421875 0.10677083333333333
0 0.65576171875 0.38671875 0.0693359375 0.1015625