0 0.29153726708074534 0.317675983436853 0.11180124223602485 0.10326086956521739
0 0.4083850931677019 0.6106366459627329 0.1125776397515528 0.10170807453416149
0 0.515722049689441 0.4768374741200828 0.11218944099378882 0.1068840579710145
0 0.5131017080745341 0.3760351966873706 0.11315993788819875 0.10610766045548654
0 0.5058229813664596 0.2848084886128364 0.11645962732919254 0.08928571428571429
0 0.2939635093167702 0.41912525879917184 0.11083074534161491 0.10119047619047619
0 0.31191770186335405 0.7602225672877847 0.04309006211180124 0.06651138716356107
0 0.6224767080745341 0.7581521739130435 0.04619565217391304 0.06909937888198758
0 0.3982919254658385 0.8285455486542443 0.043478260869565216 0.06702898550724638
0 0.48660714285714285 0.828416149068323 0.045419254658385096 0.06832298136645963
0 0.3108501552795031 0.8278985507246377 0.04250776397515528 0.06677018633540373
0 0.3967391304347826 0.8947981366459627 0.04309006211180124 0.06547619047619048
0 0.4861218944099379 0.895703933747412 0.04444875776397515 0.06677018633540373
0 0.6233501552795031 0.895703933747412 0.046001552795031056 0.06884057971014493
0 0.6703222049689441 0.8954451345755694 0.04677795031055901 0.06935817805383022
0 0.3096855590062112 0.6950051759834368 0.042119565217391304 0.06392339544513458
0 0.2700892857142857 0.8923395445134575 0.040954968944099376 0.06573498964803312
0 0.577542701863354 0.895315734989648 0.046001552795031056 0.06806418219461698
0 0.40139751552795033 0.3105590062111801 0.10947204968944099 0.10351966873706005
0 0.3113354037267081 0.8940217391304348 0.04192546583850932 0.06547619047619048
0 0.3518051242236025 0.6944875776397516 0.044060559006211183 0.06495859213250517
0 0.6690605590062112 0.8254399585921325 0.045419254658385096 0.06961697722567288
0 0.6232531055900621 0.8264751552795031 0.045419254658385096 0.06858178053830227
0 0.2674689440993789 0.8275103519668737 0.04231366459627329 0.06547619047619048
0 0.44089673913043476 0.8955745341614907 0.04444875776397515 0.06651138716356107
0 0.3980007763975155 0.7608695652173914 0.04328416149068323 0.06677018633540373
0 0.5323175465838509 0.8285455486542443 0.04483695652173913 0.06858178053830227
0 0.6689635093167702 0.7560817805383023 0.04638975155279503 0.07013457556935818
0 0.577736801242236 0.8275103519668737 0.045225155279503104 0.06806418219461698
0 0.53125 0.8959627329192547 0.044642857142857144 0.06677018633540373
0 0.531152950310559 0.76074016563147 0.04483695652173913 0.06754658385093168
0 0.3958656832298137 0.6938405797101449 0.044060559006211183 0.06625258799171843
0 0.4861218944099379 0.7594461697722568 0.044060559006211183 0.06702898550724638
0 0.35374611801242234 0.8942805383022774 0.042895962732919256 0.06599378881987578
0 0.5763781055900621 0.759575569358178 0.04561335403726708 0.06677018633540373
0 0.35529891304347827 0.759963768115942 0.042895962732919256 0.06806418219461698
0 0.3547166149068323 0.8282867494824017 0.04444875776397515 0.06599378881987578
0 0.44254658385093165 0.7597049689440993 0.044642857142857144 0.06754658385093168
0 0.2691187888198758 0.7602225672877847 0.04250776397515528 0.06702898550724638
0 0.2674689440993789 0.6953959627329193 0.04076086956521739 0.0631444099378882
0 0.4422554347826087 0.828416149068323 0.044060559006211183 0.06780538302277432
0 0.4396350931677019 0.693064182194617 0.04425465838509317 0.06625258799171843
0 0.48359860248447206 0.692287784679089 0.045225155279503104 0.06677018633540373
0 0.6234472049689441 0.31017080745341613 0.1203416149068323 0.1151656314699793
0 0.29648680124223603 0.5172101449275363 0.10888975155279502 0.09808488612836438
0 0.4024650621118012 0.41187888198757766 0.11121894409937888 0.10119047619047619
0 0.6295283385093168 0.41501552795031055 0.1229289596273292 0.11419254658385093
0 0.6304677795031056 0.5146532091097308 0.12040566770186337 0.1102251552795031
0 0.4049883540372671 0.5112577639751553 0.11354813664596274 0.10170807453416149
0 0.5217391304347826 0.5781573498964804 0.1172360248447205 0.10610766045548654
0 0.29910714285714285 0.6141304347826086 0.10753105590062112 0.09989648033126294
0 0.655118400621118 0.644811076604555 0.08585597826086956 0.15499482401656314
0 0.5606754658385092 0.6757763975155279 0.11902173913043479 0.10496894409937889