0 0.67578125 0.7805989583333334 0.126953125 0.18880208333333334
0 0.66015625 0.3001302083333333 0.111328125 0.13932291666666666
0 0.4443359375 0.15625 0.107421875 0.13802083333333334
0 0.1826171875 0.5813802083333334 0.138671875 0.18098958333333334
0 0.4296875 0.59375 0.123046875 0.17708333333333334
0 0.54931640625 0.4407552083333333 0.1142578125 0.16276041666666666
0 0.55078125 0.2942708333333333 0.109375 0.14322916666666666
0 0.2939453125 0.7682291666666666 0.138671875 0.19270833333333334
0 0.44140625 0.2884114583333333 0.111328125 0.13932291666666666
0 0.77783203125 0.4440104166666667 0.1181640625 0.15625
0 0.30810546875 0.5885416666666666 0.1298828125 0.17447916666666666
0 0.166015625 0.7630208333333334 0.140625 0.19270833333333334
0 0.6630859375 0.4440104166666667 0.11328125 0.15625
0 0.6708984375 0.6041666666666666 0.123046875 0.17447916666666666
0 0.43408203125 0.431640625 0.1181640625 0.16015625
0 0.34228515625 0.15104166666666666 0.1123046875 0.13541666666666666
0 0.54931640625 0.15755208333333334 0.1044921875 0.13802083333333334
0 0.548828125 0.7766927083333334 0.125 0.18880208333333334
0 0.234375 0.14322916666666666 0.1171875 0.13802083333333334
0 0.330078125 0.2805989583333333 0.1171875 0.14453125
0 0.19970703125 0.4192708333333333 0.1279296875 0.15885416666666666
0 0.5498046875 0.599609375 0.119140625 0.17578125
0 0.65380859375 0.16731770833333334 0.1044921875 0.13151041666666666
0 0.75390625 0.17447916666666666 0.10546875 0.13020833333333334
0 0.7666015625 0.3053385416666667 0.111328125 0.13932291666666666
0 0.31884765625 0.4290364583333333 0.1220703125 0.16536458333333334
0 0.21923828125 0.2799479166666667 0.1201171875 0.1484375
0 0.79931640625 0.7825520833333334 0.1279296875 0.1875
0 0.42138671875 0.7734375 0.1318359375 0.19270833333333334
0 0.791640625 0.6071875 0.1273046875 0.1698828125