0 0.33016304347826086 0.6599378881987578 0.06909937888198758 0.13146997929606624
0 0.468555900621118 0.9073498964803313 0.06599378881987578 0.12784679089026915
0 0.39809782608695654 0.7832556935817805 0.06754658385093168 0.1296583850931677
0 0.1892468944099379 0.7960662525879917 0.07336956521739131 0.13198757763975155
0 0.26319875776397517 0.9191252587991718 0.07181677018633541 0.1317287784679089
0 0.5879270186335404 0.7723861283643892 0.06055900621118013 0.1244824016563147
0 0.26174301242236025 0.6603260869565217 0.07084627329192547 0.1317287784679089
0 0.33414208074534163 0.9153726708074534 0.07006987577639752 0.13146997929606624
0 0.1982725155279503 0.2686335403726708 0.06774068322981366 0.12681159420289856
0 0.1968167701863354 0.39596273291925466 0.06909937888198758 0.12888198757763975
0 0.18992624223602483 0.9262422360248447 0.0751164596273292 0.13250517598343686
0 0.3307453416149068 0.7877846790890269 0.06987577639751552 0.13095238095238096
0 0.40236801242236025 0.9103260869565217 0.06638198757763975 0.1296583850931677
0 0.640042701863354 0.40618530020703936 0.05881211180124224 0.1187888198757764
0 0.26125776397515527 0.7898550724637681 0.0702639751552795 0.13198757763975155
0 0.39644798136645965 0.2802795031055901 0.06579968944099379 0.12629399585921325
0 0.5885093167701864 0.6517857142857143 0.06133540372670807 0.1229296066252588
0 0.19012034161490685 0.6630434782608695 0.0735636645962733 0.13509316770186336
0 0.5275621118012422 0.6542443064182195 0.06444099378881987 0.12215320910973085
0 0.4625388198757764 0.40683229813664595 0.06366459627329192 0.11956521739130435
0 0.5274650621118012 0.7767857142857143 0.06269409937888198 0.12396480331262939
0 0.3312305900621118 0.27665631469979296 0.06618788819875776 0.12422360248447205
0 0.19050854037267081 0.5276915113871635 0.07278726708074534 0.13457556935817805
0 0.6082104037267081 0.19047619047619047 0.08637422360248448 0.08592132505175984
0 0.593167701863354 0.897256728778468 0.06172360248447205 0.13302277432712215
0 0.3608307453416149 0.15230331262939958 0.06793478260869565 0.1291407867494824
0 0.46438276397515527 0.65527950310559 0.06579968944099379 0.12836438923395446
0 0.265139751552795 0.2713509316770186 0.06832298136645963 0.12396480331262939
0 0.7056482919254659 0.8739648033126294 0.05687111801242236 0.12060041407867494
0 0.6934200310559007 0.28894927536231885 0.057259316770186336 0.1151656314699793
0 0.57909549689441 0.29257246376811596 0.058423913043478264 0.1182712215320911
0 0.46438276397515527 0.781055900621118 0.06579968944099379 0.12939958592132506
0 0.33297748447204967 0.4019151138716356 0.06929347826086957 0.12784679089026915
0 0.2609666149068323 0.5287267080745341 0.07045807453416149 0.13146997929606624
0 0.26455745341614906 0.3981625258799172 0.06948757763975155 0.1296583850931677
0 0.5254270186335404 0.5319616977225673 0.0625 0.12189440993788819
0 0.5209627329192547 0.28687888198757766 0.06017080745341615 0.1224120082815735
0 0.5244565217391305 0.16498447204968944 0.06288819875776397 0.1260351966873706
0 0.70409549689441 0.6388457556935818 0.057259316770186336 0.1182712215320911
0 0.6801242236024845 0.1710662525879917 0.07725155279503106 0.12060041407867494
0 0.45991847826086957 0.28493788819875776 0.06347049689440994 0.12267080745341614
0 0.46224767080745344 0.5289855072463768 0.06541149068322981 0.12370600414078675
0 0.29367236024844723 0.14751552795031056 0.0671583850931677 0.12939958592132506
0 0.7042895962732919 0.7565993788819876 0.057259316770186336 0.11982401656314699
0 0.6369371118012422 0.2907608695652174 0.05881211180124224 0.1151656314699793
0 0.3300659937888199 0.5305383022774327 0.06890527950310558 0.12991718426501034
0 0.6475155279503105 0.6445393374741201 0.059006211180124224 0.12189440993788819
0 0.5822981366459627 0.41084368530020704 0.06017080745341615 0.11775362318840579
0 0.39916537267080743 0.5301501035196687 0.07162267080745342 0.12189440993788819
0 0.6432453416149069 0.5262681159420289 0.055900621118012424 0.1187888198757764
0 0.4473990683229814 0.18374741200828157 0.09083850931677019 0.08229813664596274
0 0.6994371118012422 0.5218685300207039 0.05803571428571429 0.1172360248447205
0 0.5865683229813664 0.5305383022774327 0.06327639751552795 0.12267080745341614
0 0.6968167701863354 0.4052795031055901 0.054736024844720496 0.11645962732919254
0 0.6501358695652174 0.8891045548654244 0.057259316770186336 0.13535196687370601
0 0.39916537267080743 0.406055900621118 0.06657608695652174 0.12939958592132506
0 0.5319293478260869 0.9041149068322981 0.062305900621118016 0.1327639751552795
0 0.5230978260869565 0.41032608695652173 0.059782608695652176 0.1234472049689441
0 0.6464479813664596 0.7638457556935818 0.059588509316770184 0.1260351966873706
0 0.398728649068323 0.6557556935817805 0.06764363354037267 0.12698757763975155