0 0.3636451863354037 0.8339803312629399 0.08870341614906832 0.12396480331262939
0 0.09879658385093168 0.8330745341614907 0.10520186335403726 0.12577639751552794
0 0.5218361801242236 0.6072722567287785 0.07589285714285714 0.10326086956521739
0 0.6038431677018633 0.714932712215321 0.07958074534161491 0.1089544513457557
0 0.28396739130434784 0.7124741200828157 0.08850931677018634 0.11283643892339544
0 0.11383928571428571 0.7124741200828157 0.09569099378881987 0.11697722567287784
0 0.36616847826086957 0.714544513457557 0.08482142857142858 0.11645962732919254
0 0.35898680124223603 0.947463768115942 0.09180900621118013 0.10455486542443064
0 0.44730201863354035 0.714156314699793 0.08093944099378882 0.1125776397515528
0 0.44827251552795033 0.8304865424430642 0.08288043478260869 0.12008281573498965
0 0.1310170807453416 0.599508281573499 0.09200310559006211 0.11154244306418219
0 0.5273680124223602 0.7132505175983437 0.07996894409937888 0.11076604554865424
0 0.44604037267080743 0.9451345755693582 0.08695652173913043 0.10869565217391304
0 0.6916731366459627 0.9400879917184265 0.08365683229813664 0.1193064182194617
0 0.6129658385093167 0.942675983436853 0.08346273291925466 0.11413043478260869
0 0.2783385093167702 0.8319099378881988 0.09433229813664597 0.1260351966873706
0 0.19972826086956522 0.714932712215321 0.09433229813664597 0.1151656314699793
0 0.2694099378881988 0.9469461697722568 0.09588509316770186 0.10559006211180125
0 0.609472049689441 0.8273809523809523 0.08152173913043478 0.11697722567287784
0 0.1579968944099379 0.4023033126293996 0.08307453416149069 0.09135610766045549
0 0.14440993788819875 0.4953416149068323 0.08695652173913043 0.10041407867494824
0 0.6770186335403726 0.7137681159420289 0.07996894409937888 0.10714285714285714
0 0.68652950310559 0.8241459627329193 0.08190993788819875 0.114648033126294
0 0.17701863354037267 0.947851966873706 0.10209627329192547 0.10429606625258799
0 0.37441770186335405 0.411620082815735 0.07142857142857142 0.08773291925465838
0 0.22127329192546583 0.5036231884057971 0.08346273291925466 0.09782608695652174
0 0.531444099378882 0.9448757763975155 0.08423913043478261 0.11024844720496894
0 0.21205357142857142 0.6040372670807453 0.08676242236024845 0.10662525879917184
0 0.29182841614906835 0.6032608695652174 0.08249223602484472 0.10817805383022774
0 0.7684394409937888 0.9420289855072463 0.08618012422360248 0.11438923395445134
0 0.594235248447205 0.6108954451345756 0.07666925465838509 0.10119047619047619
0 0.8494759316770186 0.9420289855072463 0.09413819875776397 0.10559006211180125
0 0.5079580745341615 0.34148550724637683 0.06677018633540373 0.08152173913043478
0 0.23156055900621117 0.4117494824016563 0.07958074534161491 0.09057971014492754
0 0.8219138198757764 0.739648033126294 0.08093944099378882 0.09834368530020704
0 0.5868594720496895 0.5135869565217391 0.0735636645962733 0.09446169772256728
0 0.3717003105590062 0.5023291925465838 0.0764751552795031 0.09575569358178054
0 0.8074534161490683 0.6477743271221532 0.08346273291925466 0.08850931677018634
0 0.29648680124223603 0.5029761904761905 0.07938664596273291 0.09549689440993789
0 0.36985636645962733 0.6024844720496895 0.07822204968944099 0.10973084886128365
0 0.30735636645962733 0.3281573498964803 0.07084627329192547 0.08333333333333333
0 0.266110248447205 0.10753105590062112 0.06638198757763975 0.06754658385093168
0 0.5293090062111802 0.8291925465838509 0.0811335403726708 0.12111801242236025
0 0.8388975155279503 0.8392857142857143 0.08656832298136646 0.10455486542443064
0 0.08394798136645963 0.947851966873706 0.10384316770186336 0.10429606625258799
0 0.6657608695652174 0.6107660455486542 0.07763975155279502 0.09834368530020704
0 0.19128493788819875 0.16511387163561075 0.07434006211180125 0.07556935817805382
0 0.3781055900621118 0.255175983436853 0.06638198757763975 0.07815734989648034
0 0.6352872670807453 0.3504140786749482 0.06909937888198758 0.07919254658385093
0 0.7612577639751553 0.8282867494824017 0.08152173913043478 0.11568322981366459
0 0.5034937888198758 0.192675983436853 0.0625 0.07479296066252587
0 0.38693711180124224 0.11490683229813664 0.06191770186335404 0.06573498964803312
0 0.7479619565217391 0.7168737060041408 0.07899844720496894 0.10817805383022774
0 0.3138586956521739 0.25064699792960665 0.0687111801242236 0.07789855072463768
0 0.5053377329192547 0.265139751552795 0.06385869565217392 0.07479296066252587
0 0.4424495341614907 0.18827639751552794 0.061529503105590064 0.07634575569358178
0 0.44662267080745344 0.6059782608695652 0.07686335403726709 0.1068840579710145
0 0.4419642857142857 0.26151656314699795 0.06444099378881987 0.07531055900621118
0 0.6779891304347826 0.20535714285714285 0.06444099378881987 0.06961697722567288
0 0.6956521739130435 0.3515786749482402 0.06909937888198758 0.07996894409937888
0 0.2392274844720497 0.32660455486542445 0.07666925465838509 0.08799171842650104
0 0.3814052795031056 0.18103002070393376 0.06444099378881987 0.07634575569358178
0 0.5674495341614907 0.26695134575569357 0.06579968944099379 0.07479296066252587
0 0.6458656832298136 0.43219461697722567 0.07006987577639752 0.08488612836438923
0 0.4468167701863354 0.11904761904761904 0.06017080745341615 0.06935817805383022
0 0.5056288819875776 0.12383540372670808 0.059006211180124224 0.07375776397515528
0 0.31900232919254656 0.1781832298136646 0.06618788819875776 0.07324016563146998
0 0.16896350931677018 0.31896997929606624 0.07822204968944099 0.08255693581780538
0 0.327930900621118 0.1105072463768116 0.06347049689440994 0.06987577639751552
0 0.6546972049689441 0.5181159420289855 0.0749223602484472 0.08954451345755693
0 0.2483501552795031 0.2474120082815735 0.07278726708074534 0.08074534161490683
0 0.562985248447205 0.1244824016563147 0.059588509316770184 0.07349896480331262
0 0.6215062111801242 0.2039337474120083 0.06366459627329192 0.07349896480331262
0 0.6282026397515528 0.2753623188405797 0.06385869565217392 0.07298136645962733
0 0.733986801242236 0.6159420289855072 0.07472826086956522 0.09782608695652174
0 0.672263198757764 0.13832815734989648 0.05920031055900621 0.06909937888198758
0 0.7081715838509317 0.43361801242236025 0.07201086956521739 0.08410973084886128
0 0.37538819875776397 0.3311335403726708 0.06909937888198758 0.08255693581780538
0 0.5721079192546584 0.34148550724637683 0.07045807453416149 0.07841614906832298
0 0.7546583850931677 0.33462732919254656 0.07142857142857142 0.07039337474120083
0 0.20361024844720496 0.10002587991718427 0.06909937888198758 0.07168737060041408
0 0.6862383540372671 0.2769151138716356 0.06191770186335404 0.07246376811594203
0 0.562985248447205 0.19616977225672877 0.06308229813664597 0.07453416149068323
0 0.7437888198757764 0.2682453416149068 0.07142857142857142 0.06754658385093168
0 0.578998447204969 0.422360248447205 0.07142857142857142 0.08747412008281573
0 0.766983695652174 0.40476190476190477 0.07239906832298136 0.07453416149068323
0 0.734957298136646 0.20522774327122154 0.06424689440993789 0.06262939958592133
0 0.25650232919254656 0.17391304347826086 0.07162267080745342 0.07608695652173914
0 0.4421583850931677 0.3368271221532091 0.06793478260869565 0.08100414078674949
0 0.7263198757763976 0.14518633540372672 0.057065217391304345 0.061076604554865424
0 0.6197593167701864 0.1388457556935818 0.05745341614906832 0.06547619047619048
0 0.7207880434782609 0.5214803312629399 0.07472826086956522 0.09161490683229814
0 0.7934782608695652 0.5612060041407867 0.07802795031055901 0.08669772256728779
0 0.18138586956521738 0.24107142857142858 0.07705745341614907 0.08100414078674949
0 0.19050854037267081 0.8339803312629399 0.09607919254658386 0.1244824016563147
0 0.5131987577639752 0.42339544513457555 0.07336956521739131 0.08747412008281573
0 0.5163043478260869 0.5117805383022774 0.07104037267080746 0.09238354037267081
0 0.4454580745341615 0.5063405797101449 0.07298136645962733 0.0986024844720497
0 0.3032802795031056 0.411620082815735 0.0751164596273292 0.08928571428571429
0 0.44312888198757766 0.416407867494824 0.0687111801242236 0.08695652173913043
0 0.7799883540372671 0.48187888198757767 0.07705745341614907 0.08099120082815735