0 0.53076171875 0.6803385416666666 0.0869140625 0.08203125
0 0.44873046875 0.6796875 0.0830078125 0.08072916666666667
0 0.37548828125 0.8313802083333334 0.0771484375 0.07682291666666667
0 0.53515625 0.8430989583333334 0.0859375 0.08203125
0 0.42919921875 0.9108072916666666 0.0771484375 0.07682291666666667
0 0.50048828125 0.7610677083333334 0.0849609375 0.08203125
0 0.36669921875 0.5182291666666666 0.0771484375 0.08072916666666667
0 0.7080078125 0.5104166666666666 0.09765625 0.09114583333333333
0 0.6171875 0.6822916666666666 0.08984375 0.0859375
0 0.4140625 0.5989583333333334 0.083984375 0.08072916666666667
0 0.5859375 0.7662760416666666 0.087890625 0.08463541666666667
0 0.7080078125 0.6868489583333334 0.095703125 0.08723958333333333
0 0.49560546875 0.59765625 0.0849609375 0.08333333333333333
0 0.48974609375 0.4244791666666667 0.0908203125 0.08854166666666667
0 0.59130859375 0.9251302083333334 0.0849609375 0.08203125
0 0.61474609375 0.5110677083333334 0.0927734375 0.08723958333333333
0 0.8076171875 0.6663541666666667 0.1015625 0.14385416666666667
0 0.62060546875 0.8489583333333334 0.0888671875 0.0859375
0 0.44287109375 0.5143229166666666 0.0830078125 0.0859375
0 0.52685546875 0.5110677083333334 0.0869140625 0.08723958333333333
0 0.3544921875 0.900390625 0.072265625 0.07682291666666667
0 0.8046875 0.5065104166666666 0.1015625 0.09114583333333333
0 0.759765625 0.19986979166666666 0.158203125 0.06380208333333333
0 0.767578125 0.599609375 0.099609375 0.09244791666666667
0 0.34326171875 0.7483723958333334 0.0751953125 0.0891796875
0 0.68017578125 0.935546875 0.0908203125 0.08723958333333333
0 0.671875 0.5989583333333334 0.09375 0.0859375
0 0.77197265625 0.9440104166666666 0.0947265625 0.0859375
0 0.5078125 0.91796875 0.083984375 0.08072916666666667
0 0.4521484375 0.8372395833333334 0.08203125 0.08072916666666667
0 0.40869140625 0.4329427083333333 0.0810546875 0.08723958333333333
0 0.5810546875 0.5983072916666666 0.087890625 0.08463541666666667
0 0.67431640625 0.7727864583333334 0.0908203125 0.08723958333333333
0 0.71240234375 0.857421875 0.0947265625 0.08723958333333333
0 0.80908203125 0.8476692708333333 0.1005859375 0.13278645833333333
0 0.61181640625 0.21875 0.1435546875 0.057291666666666664
0 0.77099609375 0.2975260416666667 0.1552734375 0.055989583333333336
0 0.763671875 0.34375 0.16015625 0.052083333333333336
0 0.7705078125 0.24934895833333334 0.15625 0.055989583333333336
0 0.61865234375 0.2630208333333333 0.1396484375 0.0546875
0 0.76806640625 0.7760416666666666 0.0966796875 0.09114583333333333
0 0.759765625 0.3919270833333333 0.158203125 0.049479166666666664
0 0.6044921875 0.3990885416666667 0.142578125 0.048177083333333336
0 0.7568359375 0.4368489583333333 0.15625 0.05078125
0 0.619140625 0.3079427083333333 0.142578125 0.05078125
0 0.4814453125 0.2740885416666667 0.130859375 0.048177083333333336
0 0.612138671875 0.3541666666666667 0.146806640625 0.046875
0 0.33935546875 0.5989583333333334 0.0771484375 0.07552083333333333
0 0.60595703125 0.4446614583333333 0.1416015625 0.045572916666666664
0 0.37060546875 0.6764322916666666 0.0791015625 0.07942708333333333
0 0.47509765625 0.36180989583333334 0.13232421875 0.047226562500000006
0 0.422607421875 0.7595182291666666 0.08349609375 0.0808984375
0 0.331787109375 0.4427083333333333 0.07861328125 0.08725260416666668
0 0.47955078125 0.3183203125 0.13341796875 0.04712239583333333
0 0.354853515625 0.28488281249999997 0.117919921875 0.056731770833333334
0 0.351318359375 0.331171875 0.12255859375 0.0598046875
0 0.350771484375 0.3754296875 0.119990234375 0.060429687499999996