0 0.5546875 0.8203125 0.091796875 0.15625
0 0.18310546875 0.822265625 0.0966796875 0.15234375
0 0.37939453125 0.4108072916666667 0.0849609375 0.12369791666666667
0 0.4609375 0.822265625 0.09375 0.15494791666666666
0 0.62890625 0.53515625 0.0859375 0.13020833333333334
0 0.46142578125 0.40625 0.0849609375 0.125
0 0.544921875 0.671875 0.08984375 0.14322916666666666
0 0.634765625 0.671875 0.091796875 0.14322916666666666
0 0.36669921875 0.8229166666666666 0.0966796875 0.15364583333333334
0 0.1943359375 0.6731770833333334 0.095703125 0.14322916666666666
0 0.5419921875 0.40625 0.083984375 0.125
0 0.6474609375 0.8203125 0.095703125 0.15364583333333334
0 0.45654296875 0.6744791666666666 0.0888671875 0.14322916666666666
0 0.45849609375 0.537109375 0.0849609375 0.13151041666666666
0 0.2822265625 0.673828125 0.09375 0.14192708333333334
0 0.3671875 0.673828125 0.091796875 0.14192708333333334
0 0.27197265625 0.822265625 0.0986328125 0.15494791666666666
0 0.31103515625 0.294921875 0.0810546875 0.11067708333333333
0 0.71923828125 0.40625 0.0927734375 0.125
0 0.72216796875 0.5345052083333334 0.1064453125 0.13151041666666666
0 0.291015625 0.5377604166666666 0.08984375 0.13020833333333334
0 0.20947265625 0.5377604166666666 0.0927734375 0.13020833333333334
0 0.69384765625 0.18815104166666666 0.0986328125 0.08723958333333333
0 0.73388671875 0.671875 0.1103515625 0.14322916666666666
0 0.37451171875 0.537109375 0.0869140625 0.13151041666666666
0 0.3857421875 0.29296875 0.080078125 0.11197916666666667
0 0.63720703125 0.291015625 0.0810546875 0.11588541666666667
0 0.2333984375 0.2942708333333333 0.0859375 0.11197916666666667
0 0.48974609375 0.11588541666666667 0.0927734375 0.08333333333333333
0 0.5576171875 0.2890625 0.08203125 0.11458333333333333
0 0.591796875 0.10416666666666667 0.095703125 0.09114583333333333
0 0.5439453125 0.53515625 0.0859375 0.1328125
0 0.5947265625 0.19075520833333334 0.09765625 0.08984375
0 0.2216796875 0.412109375 0.087890625 0.12369791666666667
0 0.29931640625 0.4114583333333333 0.0869140625 0.11979166666666667
0 0.7138671875 0.2864583333333333 0.083984375 0.1171875
0 0.25390625 0.19856770833333334 0.1015625 0.08723958333333333
0 0.4814453125 0.193359375 0.10546875 0.08723958333333333
0 0.7392578125 0.8190104166666666 0.09765625 0.15364583333333334
0 0.38037109375 0.12239583333333333 0.0986328125 0.078125
0 0.4677734375 0.291015625 0.0859375 0.11067708333333333
0 0.6298828125 0.41015625 0.0859375 0.12239583333333333
0 0.35107421875 0.19856770833333334 0.0966796875 0.08463541666666667