0 0.310546875 0.2825520833333333 0.16015625 0.10416666666666667
0 0.4677734375 0.4876302083333333 0.173828125 0.11067708333333333
0 0.453125 0.685546875 0.17578125 0.11848958333333333
0 0.453125 0.884765625 0.17578125 0.11848958333333333
0 0.4609375 0.5865885416666666 0.17578125 0.11328125
0 0.6630859375 0.20377604166666666 0.173828125 0.10286458333333333
0 0.44970703125 0.78515625 0.1728515625 0.11979166666666667
0 0.642578125 0.6061197916666666 0.1796875 0.11328125
0 0.6357421875 0.9069010416666666 0.177734375 0.11588541666666667
0 0.63720703125 0.7063802083333334 0.1806640625 0.11328125
0 0.279296875 0.7643229166666666 0.1640625 0.11458333333333333
0 0.48583984375 0.2942708333333333 0.1728515625 0.109375
0 0.3134765625 0.185546875 0.16796875 0.10807291666666667
0 0.48388671875 0.193359375 0.1767578125 0.11067708333333333
0 0.47802734375 0.3912760416666667 0.1728515625 0.11067708333333333
0 0.28466796875 0.66796875 0.1669921875 0.11197916666666667
0 0.6318359375 0.8059895833333334 0.181640625 0.11197916666666667
0 0.29345703125 0.5729166666666666 0.1630859375 0.11197916666666667
0 0.30322265625 0.37890625 0.1630859375 0.109375
0 0.66015625 0.30078125 0.1796875 0.109375
0 0.65625 0.404296875 0.1796875 0.11328125
0 0.298828125 0.474609375 0.1640625 0.10807291666666667
0 0.64599609375 0.505859375 0.1826171875 0.11328125
0 0.2783203125 0.8606770833333334 0.1640625 0.11197916666666667