0 0.341796875 0.8040364583333334 0.06640625 0.09765625
0 0.3955078125 0.9049479166666666 0.064453125 0.1015625
0 0.27783203125 0.8046875 0.0673828125 0.09895833333333333
0 0.21728515625 0.8033854166666666 0.0673828125 0.09895833333333333
0 0.20947265625 0.904296875 0.0673828125 0.10286458333333333
0 0.33447265625 0.904296875 0.0634765625 0.10286458333333333
0 0.716796875 0.9095052083333334 0.072265625 0.08463541666666667
0 0.2421875 0.5266927083333334 0.060546875 0.08203125
0 0.34423828125 0.7063802083333334 0.0615234375 0.09244791666666667
0 0.64306640625 0.8307291666666666 0.0712890625 0.08072916666666667
0 0.63671875 0.6783854166666666 0.068359375 0.07291666666666667
0 0.302734375 0.451171875 0.056640625 0.07942708333333333
0 0.51611328125 0.32421875 0.0615234375 0.057291666666666664
0 0.40185546875 0.8053385416666666 0.0615234375 0.09505208333333333
0 0.40576171875 0.6184895833333334 0.0556640625 0.0859375
0 0.7060546875 0.7486979166666666 0.068359375 0.07552083333333333
0 0.69677734375 0.6048177083333334 0.0634765625 0.06901041666666667
0 0.52099609375 0.806640625 0.0595703125 0.09505208333333333
0 0.64013671875 0.7513020833333334 0.0712890625 0.078125
0 0.701171875 0.6744791666666666 0.06640625 0.0703125
0 0.404296875 0.7102864583333334 0.060546875 0.09505208333333333
0 0.71142578125 0.8248697916666666 0.0693359375 0.07942708333333333
0 0.63330078125 0.6061197916666666 0.0673828125 0.06901041666666667
0 0.462890625 0.7115885416666666 0.05859375 0.09244791666666667
0 0.478515625 0.2669270833333333 0.060546875 0.0546875
0 0.45556640625 0.318359375 0.0595703125 0.061197916666666664
0 0.3486328125 0.2610677083333333 0.060546875 0.055989583333333336
0 0.35302734375 0.5345052083333334 0.0576171875 0.08203125
0 0.41455078125 0.2630208333333333 0.0615234375 0.0546875
0 0.517578125 0.5384114583333334 0.0546875 0.08203125
0 0.55517578125 0.2740885416666667 0.0595703125 0.05078125
0 0.234375 0.6119791666666666 0.064453125 0.08854166666666667
0 0.517578125 0.6236979166666666 0.0546875 0.08854166666666667
0 0.28759765625 0.2610677083333333 0.0634765625 0.053385416666666664
0 0.57763671875 0.3294270833333333 0.0595703125 0.057291666666666664
0 0.6337890625 0.349609375 0.05078125 0.07421875
0 0.69384765625 0.537109375 0.0654296875 0.06380208333333333
0 0.5205078125 0.712890625 0.056640625 0.09244791666666667
0 0.63134765625 0.5377604166666666 0.0634765625 0.06770833333333333
0 0.4140625 0.380859375 0.052734375 0.06901041666666667
0 0.2978515625 0.53125 0.05859375 0.08333333333333333
0 0.28515625 0.7057291666666666 0.0625 0.09375
0 0.34912109375 0.6178385416666666 0.0576171875 0.08723958333333333
0 0.46142578125 0.8059895833333334 0.0576171875 0.09375
0 0.46142578125 0.4563802083333333 0.0537109375 0.07682291666666667
0 0.46142578125 0.6197916666666666 0.0576171875 0.0859375
0 0.39501953125 0.3177083333333333 0.0595703125 0.057291666666666664
0 0.3564453125 0.455078125 0.0546875 0.07682291666666667
0 0.408203125 0.5358072916666666 0.0546875 0.08203125
0 0.291015625 0.6139322916666666 0.060546875 0.08984375
0 0.572265625 0.5416666666666666 0.0546875 0.08072916666666667
0 0.68212890625 0.35546875 0.0478515625 0.0703125
0 0.4638671875 0.537109375 0.0546875 0.08203125
0 0.310546875 0.3763020833333333 0.0546875 0.07291666666666667
0 0.51611328125 0.4622395833333333 0.0517578125 0.07552083333333333
0 0.36181640625 0.3815104166666667 0.0537109375 0.07291666666666667
0 0.62548828125 0.474609375 0.0634765625 0.06380208333333333
0 0.27197265625 0.904296875 0.0634765625 0.10026041666666667
0 0.56787109375 0.462890625 0.0517578125 0.07682291666666667
0 0.6865234375 0.474609375 0.060546875 0.061197916666666664
0 0.248046875 0.44921875 0.05859375 0.07552083333333333
0 0.25634765625 0.375 0.0556640625 0.0703125
0 0.40966796875 0.455078125 0.0537109375 0.07682291666666667
0 0.5146484375 0.388671875 0.05078125 0.07161458333333333
0 0.5732421875 0.623046875 0.0546875 0.08723958333333333
0 0.4638671875 0.3821614583333333 0.052734375 0.07161458333333333
0 0.6796875 0.41796875 0.05859375 0.057291666666666664
0 0.6728515625 0.291015625 0.048828125 0.06640625
0 0.623046875 0.4134114583333333 0.060546875 0.061197916666666664
0 0.576171875 0.7115885416666666 0.0546875 0.08723958333333333
0 0.56640625 0.3873697916666667 0.052734375 0.07421875
0 0.3330078125 0.3157552083333333 0.0625 0.055989583333333336
0 0.27099609375 0.3125 0.0615234375 0.0546875
0 0.62255859375 0.2766927083333333 0.0595703125 0.07421875
0 0.5205078125 0.9055989583333334 0.060546875 0.10026041666666667
0 0.22509765625 0.7057291666666666 0.0654296875 0.09375
0 0.6455078125 0.912109375 0.072265625 0.08203125
0 0.45849609375 0.9049479166666666 0.0615234375 0.09895833333333333
0 0.58056640625 0.9049479166666666 0.0595703125 0.09895833333333333
0 0.580009765625 0.8061458333333333 0.058466796875 0.1015234375