0 0.6000582298136646 0.9085144927536232 0.10811335403726709 0.11775362318840579
0 0.37771739130434784 0.6834886128364389 0.10947204968944099 0.11853002070393374
0 0.26979813664596275 0.23149585921325053 0.10986024844720498 0.11568322981366459
0 0.7953222049689441 0.5958850931677019 0.09413819875776397 0.1425983436853002
0 0.27445652173913043 0.9228778467908902 0.10791925465838509 0.11180124223602485
0 0.4909743788819876 0.9157608695652174 0.11083074534161491 0.11982401656314699
0 0.265819099378882 0.34679089026915116 0.11121894409937888 0.11490683229813664
0 0.38189052795031053 0.9166666666666666 0.10850155279503106 0.11801242236024845
0 0.2684394409937888 0.5749223602484472 0.10791925465838509 0.1182712215320911
0 0.5971467391304348 0.7960662525879917 0.10927795031055901 0.11801242236024845
0 0.26882763975155277 0.6907349896480331 0.10830745341614907 0.11853002070393374
0 0.5534743788819876 0.08876811594202899 0.10656055900621118 0.11697722567287784
0 0.48922748447204967 0.8003364389233955 0.10888975155279502 0.1187888198757764
0 0.4559394409937888 0.09148550724637682 0.08656832298136646 0.13535196687370601
0 0.5861801242236024 0.4421583850931677 0.10986024844720498 0.1213768115942029
0 0.5758928571428571 0.2071687370600414 0.09277950310559006 0.1337991718426501
0 0.3796583850931677 0.8004658385093167 0.11024844720496894 0.11697722567287784
0 0.7064246894409938 0.7840320910973085 0.11315993788819875 0.1291407867494824
0 0.5822981366459627 0.327639751552795 0.1063664596273292 0.11956521739130435
0 0.7767857142857143 0.32000517598343686 0.09549689440993789 0.1327639751552795
0 0.6711956521739131 0.2009575569358178 0.10442546583850931 0.1187888198757764
0 0.27270962732919257 0.8075828157349897 0.10714285714285714 0.1224120082815735
0 0.7535908385093167 0.0847567287784679 0.10229037267080746 0.1162008281573499
0 0.37412655279503104 0.45367494824016563 0.11199534161490683 0.11490683229813664
0 0.4777756211180124 0.3319099378881988 0.10656055900621118 0.12396480331262939
0 0.484083850931677 0.5650879917184265 0.10520186335403726 0.1167184265010352
0 0.6542119565217391 0.08592132505175984 0.10461956521739131 0.11697722567287784
0 0.592876552795031 0.6770186335403726 0.1077251552795031 0.12370600414078675
0 0.35685170807453415 0.10248447204968944 0.10850155279503106 0.13250517598343686
0 0.5905473602484472 0.5570652173913043 0.10888975155279502 0.11982401656314699
0 0.7671777950310559 0.19927536231884058 0.10073757763975155 0.11076604554865424
0 0.47554347826086957 0.21570910973084886 0.10753105590062112 0.1151656314699793
0 0.3759704968944099 0.5679347826086957 0.1125776397515528 0.11775362318840579
0 0.7892080745341615 0.4557453416149068 0.09239130434782608 0.14130434782608695
0 0.6922554347826086 0.42223084886128365 0.11044254658385093 0.1172360248447205
0 0.26649844720496896 0.46001552795031053 0.10559006211180125 0.114648033126294
0 0.3737383540372671 0.22412008281573498 0.09258540372670808 0.13043478260869565
0 0.6971079192546584 0.540243271221532 0.10500776397515528 0.1187888198757764
0 0.6821622670807453 0.31120600414078675 0.10694875776397515 0.1151656314699793
0 0.4813664596273292 0.4495341614906832 0.10520186335403726 0.11490683229813664
0 0.6991459627329193 0.662396480331263 0.10791925465838509 0.1255175983436853
0 0.37393245341614906 0.3427795031055901 0.10656055900621118 0.11206004140786749
0 0.2564052795031056 0.10300207039337474 0.08618012422360248 0.14026915113871635
0 0.4856366459627329 0.6820652173913043 0.10597826086956522 0.11982401656314699
0 0.8014363354037267 0.7355072463768116 0.09277950310559006 0.14751552795031056
0 0.8075504658385093 0.8826501035196688 0.09413819875776397 0.14308229813664597
0 0.7073951863354038 0.9051501035196687 0.10656055900621118 0.1110248447204969