0 0.4287109375 0.87890625 0.107421875 0.15104166666666666
0 0.2373046875 0.28125 0.10546875 0.1484375
0 0.330078125 0.580078125 0.10546875 0.14973958333333334
0 0.65869140625 0.353515625 0.1181640625 0.14192708333333334
0 0.7607421875 0.8997395833333334 0.115234375 0.13802083333333334
0 0.53466796875 0.8828125 0.1044921875 0.1484375
0 0.64453125 0.8971354166666666 0.1171875 0.13802083333333334
0 0.2197265625 0.8671875 0.103515625 0.15104166666666666
0 0.4423828125 0.291015625 0.103515625 0.14453125
0 0.77099609375 0.21809895833333334 0.1123046875 0.13671875
0 0.4384765625 0.4375 0.107421875 0.15104166666666666
0 0.5380859375 0.591796875 0.109375 0.15234375
0 0.767578125 0.4908854166666667 0.11328125 0.13802083333333334
0 0.341796875 0.291015625 0.103515625 0.14713541666666666
0 0.5439453125 0.4427083333333333 0.107421875 0.15625
0 0.7626953125 0.7630208333333334 0.115234375 0.13802083333333334
0 0.2275390625 0.5735677083333334 0.10546875 0.14973958333333334
0 0.22265625 0.7200520833333334 0.103515625 0.15104166666666666
0 0.248046875 0.14322916666666666 0.099609375 0.14322916666666666
0 0.53173828125 0.7376302083333334 0.1103515625 0.15494791666666666
0 0.64599609375 0.7610677083333334 0.1162109375 0.13932291666666666
0 0.6474609375 0.6256510416666666 0.1171875 0.14192708333333334
0 0.34521484375 0.1484375 0.1025390625 0.14583333333333334
0 0.23193359375 0.4283854166666667 0.1044921875 0.1484375
0 0.66357421875 0.07682291666666667 0.1025390625 0.14583333333333334
0 0.44677734375 0.14778645833333334 0.1064453125 0.14973958333333334
0 0.3359375 0.4329427083333333 0.10546875 0.14973958333333334
0 0.32470703125 0.8723958333333334 0.1044921875 0.15104166666666666
0 0.42724609375 0.7311197916666666 0.1064453125 0.15494791666666666
0 0.43359375 0.5826822916666666 0.107421875 0.15234375
0 0.65869140625 0.21809895833333334 0.1142578125 0.13671875
0 0.544921875 0.2975260416666667 0.103515625 0.15234375
0 0.77099609375 0.3548177083333333 0.1123046875 0.13671875
0 0.3251953125 0.724609375 0.103515625 0.14973958333333334
0 0.6513671875 0.4889322916666667 0.1171875 0.13932291666666666
0 0.5498046875 0.15104166666666666 0.107421875 0.15104166666666666
0 0.76806640625 0.08138020833333333 0.1025390625 0.13932291666666666
0 0.766240234375 0.6290104166666667 0.118896484375 0.1362890625