0 0.49853515625 0.83203125 0.1162109375 0.125
0 0.73974609375 0.4453125 0.1240234375 0.1328125
0 0.6142578125 0.8391927083333334 0.119140625 0.12109375
0 0.751953125 0.5852864583333334 0.1015625 0.15234375
0 0.5205078125 0.57421875 0.119140625 0.125
0 0.6416015625 0.5748697916666666 0.123046875 0.12630208333333334
0 0.75048828125 0.2994791666666667 0.1005859375 0.16145833333333334
0 0.31103515625 0.3098958333333333 0.1103515625 0.12239583333333333
0 0.42919921875 0.7037760416666666 0.1162109375 0.12890625
0 0.611328125 0.16276041666666666 0.123046875 0.14322916666666666
0 0.6171875 0.44921875 0.123046875 0.13020833333333334
0 0.4130859375 0.443359375 0.09375 0.14973958333333334
0 0.73828125 0.72265625 0.123046875 0.125
0 0.40478515625 0.580078125 0.1142578125 0.12630208333333334
0 0.5068359375 0.4420572916666667 0.095703125 0.14192708333333334
0 0.734375 0.15755208333333334 0.12109375 0.13541666666666666
0 0.40673828125 0.166015625 0.0947265625 0.15755208333333334
0 0.3134765625 0.4375 0.109375 0.13802083333333334
0 0.50048828125 0.15950520833333334 0.0966796875 0.16015625
0 0.3974609375 0.8203125 0.0859375 0.1328125
0 0.73681640625 0.8424479166666666 0.1220703125 0.11979166666666667
0 0.53271484375 0.705078125 0.0966796875 0.14453125
0 0.62841796875 0.70703125 0.0966796875 0.1484375
0 0.31689453125 0.6920572916666666 0.1083984375 0.11848958333333333
0 0.314453125 0.17317708333333334 0.095703125 0.15104166666666666
0 0.423828125 0.3053385416666667 0.1171875 0.13151041666666666
0 0.3037109375 0.5602213541666666 0.08984375 0.14516927083333334
0 0.54248046875 0.3040364583333333 0.1240234375 0.13411458333333334
0 0.65283203125 0.3053385416666667 0.0986328125 0.15755208333333334
0 0.31494140625 0.8138020833333334 0.0830078125 0.12760416666666666