0 0.55810546875 0.134765625 0.0595703125 0.11588541666666667
0 0.484375 0.4557291666666667 0.060546875 0.10677083333333333
0 0.31591796875 0.4622395833333333 0.0556640625 0.1015625
0 0.5390625 0.24739583333333334 0.05859375 0.10677083333333333
0 0.72265625 0.4075520833333333 0.08203125 0.078125
0 0.3671875 0.2552083333333333 0.05859375 0.10416666666666667
0 0.71923828125 0.7740885416666666 0.0771484375 0.06901041666666667
0 0.62060546875 0.13020833333333334 0.0634765625 0.11979166666666667
0 0.33056640625 0.14778645833333334 0.0576171875 0.10807291666666667
0 0.7216796875 0.482421875 0.080078125 0.07682291666666667
0 0.654296875 0.3509114583333333 0.05859375 0.10546875
0 0.72509765625 0.3326822916666667 0.0830078125 0.07682291666666667
0 0.6533203125 0.6608072916666666 0.0546875 0.10026041666666667
0 0.7197265625 0.7037760416666666 0.078125 0.07161458333333333
0 0.48046875 0.3541666666666667 0.056640625 0.10416666666666667
0 0.72021484375 0.630859375 0.0791015625 0.07421875
0 0.71923828125 0.556640625 0.0791015625 0.07421875
0 0.3876953125 0.14518229166666666 0.056640625 0.10807291666666667
0 0.427734375 0.5618489583333334 0.056640625 0.10026041666666667
0 0.72216796875 0.2571614583333333 0.0810546875 0.07682291666666667
0 0.73681640625 0.162109375 0.0595703125 0.11328125
0 0.48095703125 0.24934895833333334 0.0576171875 0.10546875
0 0.59423828125 0.3541666666666667 0.0576171875 0.10416666666666667
0 0.68310546875 0.12955729166666666 0.0615234375 0.11848958333333333
0 0.65283203125 0.45703125 0.0576171875 0.10416666666666667
0 0.654296875 0.24479166666666666 0.05859375 0.10677083333333333
0 0.443359375 0.14388020833333334 0.056640625 0.10807291666666667
0 0.48388671875 0.7578125 0.0556640625 0.09895833333333333
0 0.595703125 0.759765625 0.0546875 0.09765625
0 0.484375 0.6608072916666666 0.0546875 0.10026041666666667
0 0.5947265625 0.5598958333333334 0.056640625 0.1015625
0 0.37353515625 0.5625 0.0537109375 0.09895833333333333
0 0.5966796875 0.6608072916666666 0.056640625 0.09765625
0 0.322265625 0.7610677083333334 0.0546875 0.09765625
0 0.48388671875 0.560546875 0.0556640625 0.10026041666666667
0 0.5390625 0.5598958333333334 0.0546875 0.09895833333333333
0 0.53955078125 0.759765625 0.0556640625 0.09765625
0 0.37548828125 0.7610677083333334 0.0537109375 0.09765625
0 0.375 0.6614583333333334 0.0546875 0.09895833333333333
0 0.5380859375 0.4557291666666667 0.0546875 0.1015625
0 0.59716796875 0.24869791666666666 0.0576171875 0.10677083333333333
0 0.3134765625 0.3606770833333333 0.056640625 0.10416666666666667
0 0.3203125 0.662109375 0.0546875 0.09505208333333333
0 0.5380859375 0.353515625 0.056640625 0.10286458333333333
0 0.49853515625 0.13932291666666666 0.0576171875 0.109375
0 0.42578125 0.4602864583333333 0.0546875 0.10026041666666667
0 0.31103515625 0.255859375 0.0576171875 0.10546875
0 0.423828125 0.2506510416666667 0.05859375 0.10546875
0 0.4296875 0.6614583333333334 0.0546875 0.09895833333333333
0 0.59423828125 0.4563802083333333 0.0576171875 0.10026041666666667
0 0.53955078125 0.66015625 0.0556640625 0.09895833333333333
0 0.43017578125 0.7610677083333334 0.0556640625 0.09765625
0 0.319423828125 0.5645052083333334 0.05646484375 0.10106770833333334
0 0.37029296875 0.359296875 0.0569921875 0.10733072916666668
0 0.42515625 0.35610677083333336 0.056640625 0.10803385416666667
0 0.37126953125 0.46296875 0.057177734375 0.10158854166666666
0 0.65216796875 0.5594140625 0.057880859375 0.09799479166666668
0 0.651630859375 0.7609505208333333 0.05681640625 0.10096354166666667