0 0.6513975155279503 0.5245859213250518 0.15372670807453417 0.13457556935817805
0 0.6681871118012422 0.22347308488612835 0.11121894409937888 0.20212215320910973
0 0.782123447204969 0.6937111801242236 0.11044254658385093 0.20781573498964803
0 0.3380240683229814 0.656055900621118 0.15663819875776397 0.13716356107660455
0 0.3374417701863354 0.7930900621118012 0.15625 0.1389751552795031
0 0.4981560559006211 0.5236801242236024 0.15353260869565216 0.1343167701863354
0 0.3358889751552795 0.9307712215320911 0.15896739130434784 0.1374223602484472
0 0.4942740683229814 0.6570910973084886 0.1515916149068323 0.13509316770186336
0 0.44351708074534163 0.21933229813664595 0.10326086956521739 0.20471014492753623
0 0.34142080745341613 0.5218685300207039 0.15838509316770186 0.13535196687370601
0 0.49417701863354035 0.9312888198757764 0.15760869565217392 0.1374223602484472
0 0.5657026397515528 0.22088509316770186 0.10267857142857142 0.20522774327122154
0 0.780958850931677 0.48757763975155277 0.1077251552795031 0.20238095238095238
0 0.6502329192546584 0.3910455486542443 0.15333850931677018 0.13302277432712215
0 0.6498447204968945 0.6589026915113871 0.1595496894409938 0.13612836438923395
0 0.4937888198757764 0.7939958592132506 0.15760869565217392 0.13923395445134576
0 0.6505240683229814 0.7951604554865425 0.15586180124223603 0.1374223602484472
0 0.49631211180124224 0.390916149068323 0.1529503105590062 0.1343167701863354
0 0.34132375776397517 0.3883281573498965 0.15819099378881987 0.1374223602484472
0 0.6530473602484472 0.9311594202898551 0.16013198757763975 0.13768115942028986
0 0.3263781055900621 0.2210144927536232 0.11781832298136646 0.1972049689440994
0 0.7761063664596274 0.2833928571428571 0.10888975155279502 0.20081262939958594
0 0.7857142857142857 0.8980331262939959 0.10986024844720498 0.2039337474120083