0 0.1005859375 0.8971354166666666 0.142578125 0.203125
0 0.58935546875 0.3815104166666667 0.1123046875 0.13541666666666666
0 0.23388671875 0.8932291666666666 0.1337890625 0.20572916666666666
0 0.24462890625 0.7057291666666666 0.1279296875 0.1875
0 0.1376953125 0.5416666666666666 0.126953125 0.15885416666666666
0 0.62548828125 0.8671875 0.1318359375 0.20052083333333334
0 0.1201171875 0.7076822916666666 0.130859375 0.17838541666666666
0 0.7109375 0.5227864583333334 0.12109375 0.15234375
0 0.578125 0.2532552083333333 0.10546875 0.12890625
0 0.7255859375 0.6809895833333334 0.125 0.16927083333333334
0 0.3662109375 0.8854166666666666 0.1328125 0.20572916666666666
0 0.498046875 0.87890625 0.12890625 0.19791666666666666
0 0.4921875 0.693359375 0.12109375 0.17578125
0 0.267578125 0.24544270833333334 0.107421875 0.12890625
0 0.36962890625 0.6953125 0.1220703125 0.18229166666666666
0 0.25927734375 0.3815104166666667 0.1142578125 0.14322916666666666
0 0.60302734375 0.5247395833333334 0.1201171875 0.15625
0 0.6103515625 0.6868489583333334 0.123046875 0.16796875
0 0.69189453125 0.3763020833333333 0.1162109375 0.13802083333333334
0 0.75048828125 0.8561197916666666 0.1337890625 0.19401041666666666
0 0.373046875 0.2421875 0.103515625 0.13541666666666666
0 0.419921875 0.119140625 0.111328125 0.11328125
0 0.4794921875 0.24348958333333334 0.109375 0.13802083333333334
0 0.1484375 0.388671875 0.123046875 0.14713541666666666
0 0.4833984375 0.380859375 0.111328125 0.14453125
0 0.373046875 0.525390625 0.1171875 0.16015625
0 0.67724609375 0.248046875 0.1142578125 0.12630208333333334
0 0.48681640625 0.5299479166666666 0.1142578125 0.15625
0 0.1884765625 0.138671875 0.109375 0.09505208333333333
0 0.25341796875 0.5345052083333334 0.1201171875 0.16536458333333334
0 0.16015625 0.25 0.1171875 0.13020833333333334
0 0.37060546875 0.3795572916666667 0.1103515625 0.13932291666666666
0 0.29931640625 0.13151041666666666 0.1123046875 0.1015625
0 0.53076171875 0.14713541666666666 0.1064453125 0.08854166666666667
0 0.642578125 0.150390625 0.111328125 0.08203125