0 0.58642578125 0.5052083333333334 0.1123046875 0.10677083333333333
0 0.591796875 0.732421875 0.11328125 0.11848958333333333
0 0.59912109375 0.853515625 0.1181640625 0.12109375
0 0.4423828125 0.08138020833333333 0.095703125 0.06380208333333333
0 0.79052734375 0.6165364583333334 0.1064453125 0.10807291666666667
0 0.251953125 0.08854166666666667 0.09765625 0.059895833333333336
0 0.7841796875 0.51171875 0.099609375 0.1015625
0 0.6923828125 0.6178385416666666 0.1015625 0.11067708333333333
0 0.80224609375 0.724609375 0.1103515625 0.11328125
0 0.49853515625 0.5442708333333334 0.0595703125 0.13802083333333334
0 0.70361328125 0.8430989583333334 0.1044921875 0.11848958333333333
0 0.43798828125 0.5436197916666666 0.0576171875 0.13671875
0 0.77490234375 0.4114583333333333 0.1005859375 0.09895833333333333
0 0.69921875 0.7291666666666666 0.1015625 0.11458333333333333
0 0.80810546875 0.8391927083333334 0.1103515625 0.11848958333333333
0 0.6826171875 0.4114583333333333 0.09375 0.09895833333333333
0 0.74853515625 0.12825520833333334 0.0986328125 0.09505208333333333
0 0.6728515625 0.3157552083333333 0.095703125 0.09505208333333333
0 0.7666015625 0.3131510416666667 0.103515625 0.09765625
0 0.31884765625 0.4173177083333333 0.0595703125 0.12630208333333334
0 0.50341796875 0.6881510416666666 0.0595703125 0.14713541666666666
0 0.75927734375 0.21940104166666666 0.1005859375 0.09244791666666667
0 0.38037109375 0.6920572916666666 0.0615234375 0.14713541666666666
0 0.3798828125 0.8430989583333334 0.060546875 0.15494791666666666
0 0.37744140625 0.548828125 0.0615234375 0.13932291666666666
0 0.2138671875 0.2923177083333333 0.056640625 0.11848958333333333
0 0.58935546875 0.6139322916666666 0.1123046875 0.11848958333333333
0 0.6669921875 0.224609375 0.091796875 0.09244791666666667
0 0.66015625 0.1328125 0.09375 0.09375
0 0.5087890625 0.837890625 0.0625 0.15234375
0 0.26806640625 0.2936197916666667 0.0595703125 0.11848958333333333
0 0.68896484375 0.5123697916666666 0.0966796875 0.10546875
0 0.4921875 0.4108072916666667 0.05859375 0.12890625
0 0.34765625 0.08854166666666667 0.095703125 0.0625
0 0.3173828125 0.693359375 0.064453125 0.14453125
0 0.18896484375 0.693359375 0.0712890625 0.14973958333333334
0 0.4443359375 0.8391927083333334 0.0625 0.15494791666666666
0 0.44287109375 0.6875 0.0615234375 0.14583333333333334
0 0.32470703125 0.17903645833333334 0.0556640625 0.11328125
0 0.37841796875 0.4127604166666667 0.0556640625 0.13020833333333334
0 0.25537109375 0.6927083333333334 0.0673828125 0.1484375
0 0.18017578125 0.8470052083333334 0.0693359375 0.15234375
0 0.20263671875 0.4166666666666667 0.0615234375 0.12760416666666666
0 0.24609375 0.8444010416666666 0.0703125 0.15234375
0 0.55029296875 0.3880208333333333 0.0576171875 0.12760416666666666
0 0.31591796875 0.5501302083333334 0.0615234375 0.13671875
0 0.27099609375 0.17643229166666666 0.0537109375 0.11328125
0 0.48974609375 0.2864583333333333 0.0556640625 0.11979166666666667
0 0.26025390625 0.4173177083333333 0.0595703125 0.12890625
0 0.21923828125 0.17513020833333334 0.0556640625 0.11328125
0 0.53662109375 0.0625 0.0986328125 0.07291666666666667
0 0.43359375 0.4108072916666667 0.0546875 0.12890625
0 0.31298828125 0.8430989583333334 0.0673828125 0.14973958333333334
0 0.25830078125 0.5494791666666666 0.0615234375 0.13802083333333334
0 0.48974609375 0.16861979166666666 0.0498046875 0.11328125
0 0.60791015625 0.38671875 0.0576171875 0.125
0 0.1943359375 0.5494791666666666 0.064453125 0.13802083333333334
0 0.3798828125 0.17513020833333334 0.052734375 0.11328125
0 0.43505859375 0.16927083333333334 0.056640625 0.11458333333333333
0 0.43603515625 0.2864583333333333 0.0537109375 0.11979166666666667
0 0.59326171875 0.14973958333333334 0.0498046875 0.11197916666666667
0 0.3251953125 0.2936197916666667 0.056640625 0.11848958333333333
0 0.54345703125 0.2682291666666667 0.0537109375 0.11979166666666667
0 0.38134765625 0.2890625 0.0537109375 0.11979166666666667
0 0.59765625 0.2669270833333333 0.0546875 0.11979166666666667
0 0.54296875 0.15104166666666666 0.05078125 0.109375