0 0.31591796875 0.3541666666666667 0.1162109375 0.140625
0 0.68896484375 0.8671875 0.1416015625 0.20833333333333334
0 0.416015625 0.67578125 0.130859375 0.1875
0 0.41259765625 0.8704427083333334 0.1376953125 0.20442708333333334
0 0.166015625 0.6744791666666666 0.142578125 0.18229166666666666
0 0.79052734375 0.4921875 0.1337890625 0.16145833333333334
0 0.65625 0.3444010416666667 0.1171875 0.13411458333333334
0 0.76953125 0.3391927083333333 0.126953125 0.14453125
0 0.2763671875 0.8678385416666666 0.14453125 0.20703125
0 0.66845703125 0.494140625 0.1259765625 0.16796875
0 0.54296875 0.3489583333333333 0.11328125 0.14583333333333334
0 0.1455078125 0.8671875 0.150390625 0.203125
0 0.20751953125 0.359375 0.1220703125 0.140625
0 0.5498046875 0.8678385416666666 0.13671875 0.21223958333333334
0 0.80517578125 0.6634114583333334 0.1416015625 0.18359375
0 0.54345703125 0.5006510416666666 0.1220703125 0.16536458333333334
0 0.642578125 0.21809895833333334 0.107421875 0.12369791666666667
0 0.54638671875 0.673828125 0.1259765625 0.18619791666666666
0 0.42724609375 0.3548177083333333 0.1142578125 0.14453125
0 0.82470703125 0.8606770833333334 0.1630859375 0.21354166666666666
0 0.74951171875 0.21028645833333334 0.1142578125 0.12630208333333334
0 0.67578125 0.6686197916666666 0.138671875 0.18880208333333334
0 0.32763671875 0.22330729166666666 0.1103515625 0.12630208333333334
0 0.185546875 0.5065104166666666 0.130859375 0.16145833333333334
0 0.53759765625 0.216796875 0.1044921875 0.12369791666666667
0 0.2236328125 0.22526041666666666 0.115234375 0.13020833333333334
0 0.37451171875 0.12955729166666666 0.1064453125 0.06640625
0 0.49267578125 0.11783854166666667 0.1083984375 0.07682291666666667
0 0.30224609375 0.5052083333333334 0.1279296875 0.1640625
0 0.7177734375 0.11653645833333333 0.1171875 0.08463541666666667
0 0.43212890625 0.21744791666666666 0.1083984375 0.1328125
0 0.603515625 0.12434895833333333 0.10546875 0.06901041666666667
0 0.26416015625 0.134765625 0.1103515625 0.061197916666666664
0 0.42138671875 0.505859375 0.1240234375 0.16276041666666666
0 0.290771484375 0.6759244791666666 0.139482421875 0.18171875