0 0.32763671875 0.3665364583333333 0.1181640625 0.20442708333333334
0 0.80712890625 0.5690104166666666 0.1416015625 0.23697916666666666
0 0.44091796875 0.3619791666666667 0.1162109375 0.20572916666666666
0 0.21923828125 0.3684895833333333 0.1240234375 0.20052083333333334
0 0.77978515625 0.3509114583333333 0.1318359375 0.20182291666666666
0 0.5576171875 0.3600260416666667 0.1171875 0.20442708333333334
0 0.66845703125 0.3567708333333333 0.1240234375 0.203125
0 0.75634765625 0.16796875 0.1201171875 0.16927083333333334
0 0.28076171875 0.11197916666666667 0.1630859375 0.10677083333333333
0 0.572265625 0.8372395833333334 0.138671875 0.2864583333333333
0 0.26904296875 0.21223958333333334 0.1767578125 0.11979166666666667
0 0.83642578125 0.8307291666666666 0.1552734375 0.2864583333333333
0 0.4423828125 0.099609375 0.158203125 0.11328125
0 0.31640625 0.5865885416666666 0.12890625 0.23828125
0 0.447265625 0.20572916666666666 0.1640625 0.11979166666666667
0 0.61865234375 0.09830729166666667 0.1572265625 0.10807291666666667
0 0.56494140625 0.5755208333333334 0.1259765625 0.2421875
0 0.30224609375 0.8450520833333334 0.1396484375 0.28125
0 0.197265625 0.5872395833333334 0.134765625 0.23697916666666666
0 0.173828125 0.8450520833333334 0.1484375 0.2838541666666667
0 0.623046875 0.20377604166666666 0.166015625 0.11848958333333333
0 0.435546875 0.8424479166666666 0.134765625 0.2864583333333333
0 0.703125 0.8352864583333334 0.142578125 0.2825520833333333
0 0.44140625 0.580078125 0.125 0.24348958333333334
0 0.68408203125 0.576171875 0.1318359375 0.23567708333333334