0 0.791015625 0.705078125 0.1171875 0.13151041666666666
0 0.5888671875 0.275390625 0.126953125 0.14192708333333334
0 0.47412109375 0.7115885416666666 0.1298828125 0.12630208333333334
0 0.66552734375 0.4303385416666667 0.1220703125 0.13151041666666666
0 0.447265625 0.5807291666666666 0.12890625 0.13802083333333334
0 0.33056640625 0.275390625 0.1259765625 0.14192708333333334
0 0.42822265625 0.119140625 0.1123046875 0.17578125
0 0.33642578125 0.4134114583333333 0.1318359375 0.13932291666666666
0 0.6943359375 0.5572916666666666 0.126953125 0.1328125
0 0.53466796875 0.11848958333333333 0.1025390625 0.17447916666666666
0 0.43994140625 0.8483072916666666 0.1005859375 0.15755208333333334
0 0.34619140625 0.712890625 0.1298828125 0.13151041666666666
0 0.33837890625 0.8548177083333334 0.1044921875 0.15755208333333334
0 0.79248046875 0.2799479166666667 0.0986328125 0.16145833333333334
0 0.58740234375 0.7057291666666666 0.1005859375 0.16145833333333334
0 0.68603515625 0.6998697916666666 0.0966796875 0.15755208333333334
0 0.673828125 0.837890625 0.12109375 0.13151041666666666
0 0.7861328125 0.4231770833333333 0.12109375 0.1328125
0 0.55517578125 0.423828125 0.1005859375 0.16015625
0 0.5517578125 0.8483072916666666 0.12109375 0.13151041666666666
0 0.80322265625 0.5625 0.0927734375 0.15625
0 0.31884765625 0.12239583333333333 0.1083984375 0.171875
0 0.338134765625 0.5631640625 0.12548828125 0.16795572916666668
0 0.64892578125 0.13802083333333334 0.1220703125 0.140625
0 0.7705078125 0.13736979166666666 0.115234375 0.13151041666666666
0 0.45556640625 0.2760416666666667 0.1298828125 0.140625
0 0.455078125 0.4303385416666667 0.10546875 0.16796875
0 0.697265625 0.2864583333333333 0.09375 0.15625
0 0.572265625 0.56640625 0.123046875 0.1328125
0 0.7939453125 0.8255208333333334 0.12109375 0.12239583333333333