0 0.73095703125 0.611328125 0.0732421875 0.11328125
0 0.51513671875 0.736328125 0.0751953125 0.11328125
0 0.609375 0.224609375 0.142578125 0.21223958333333334
0 0.73681640625 0.8346354166666666 0.0732421875 0.11197916666666667
0 0.591796875 0.8430989583333334 0.07421875 0.11328125
0 0.37060546875 0.857421875 0.0751953125 0.11328125
0 0.75537109375 0.21744791666666666 0.1455078125 0.21614583333333334
0 0.44140625 0.7421875 0.076171875 0.11458333333333333
0 0.43701171875 0.62890625 0.0751953125 0.11458333333333333
0 0.5107421875 0.6236979166666666 0.076171875 0.1171875
0 0.66015625 0.728515625 0.07421875 0.11328125
0 0.73388671875 0.724609375 0.0732421875 0.11328125
0 0.4443359375 0.853515625 0.076171875 0.11328125
0 0.5849609375 0.619140625 0.076171875 0.11328125
0 0.4296875 0.3990885416666667 0.076171875 0.11848958333333333
0 0.42578125 0.2819010416666667 0.078125 0.11848958333333333
0 0.517578125 0.8489583333333334 0.076171875 0.11458333333333333
0 0.7294921875 0.4986979166666667 0.072265625 0.1171875
0 0.6640625 0.837890625 0.072265625 0.11328125
0 0.3671875 0.7447916666666666 0.076171875 0.11458333333333333
0 0.35888671875 0.5169270833333334 0.0771484375 0.1171875
0 0.587890625 0.7311197916666666 0.076171875 0.11328125
0 0.65625 0.5013020833333334 0.076171875 0.1171875
0 0.36328125 0.630859375 0.076171875 0.11328125
0 0.509765625 0.5078125 0.076171875 0.1171875
0 0.35498046875 0.3997395833333333 0.0771484375 0.1171875
0 0.58349609375 0.5045572916666666 0.0751953125 0.11588541666666667
0 0.43505859375 0.513671875 0.0771484375 0.11588541666666667
0 0.35009765625 0.2845052083333333 0.0771484375 0.11588541666666667
0 0.79931640625 0.3802083333333333 0.0732421875 0.1171875
0 0.65869140625 0.6158854166666666 0.0751953125 0.11458333333333333
0 0.80224609375 0.494140625 0.0732421875 0.11328125
0 0.80517578125 0.7180989583333334 0.0732421875 0.11328125
0 0.46728515625 0.16731770833333334 0.0986328125 0.11067708333333333
0 0.80322265625 0.6067708333333334 0.0732421875 0.11458333333333333
0 0.373046875 0.17252604166666666 0.08984375 0.10546875
0 0.50537109375 0.3932291666666667 0.0751953125 0.11979166666666667
0 0.580078125 0.3880208333333333 0.076171875 0.1171875
0 0.7275390625 0.3828125 0.07421875 0.1171875
0 0.50048828125 0.275390625 0.0791015625 0.11848958333333333
0 0.654296875 0.38671875 0.076171875 0.1171875
0 0.80810546875 0.8287760416666666 0.0712890625 0.11067708333333333