0 0.4921875 0.21549479166666666 0.05859375 0.11067708333333333
0 0.73291015625 0.646484375 0.0849609375 0.07682291666666667
0 0.373046875 0.84375 0.0546875 0.10416666666666667
0 0.54296875 0.8509114583333334 0.056640625 0.10546875
0 0.658203125 0.537109375 0.060546875 0.11067708333333333
0 0.60791015625 0.2109375 0.0595703125 0.109375
0 0.55078125 0.21614583333333334 0.05859375 0.109375
0 0.60107421875 0.8522135416666666 0.0595703125 0.10546875
0 0.3203125 0.228515625 0.0546875 0.10286458333333333
0 0.54248046875 0.74609375 0.0576171875 0.10677083333333333
0 0.48583984375 0.7434895833333334 0.0556640625 0.10416666666666667
0 0.43603515625 0.220703125 0.0576171875 0.10807291666666667
0 0.48291015625 0.5358072916666666 0.0556640625 0.10546875
0 0.5400390625 0.53515625 0.05859375 0.109375
0 0.66162109375 0.85546875 0.0595703125 0.10677083333333333
0 0.66015625 0.7486979166666666 0.060546875 0.10677083333333333
0 0.5986328125 0.642578125 0.05859375 0.10546875
0 0.5986328125 0.4283854166666667 0.05859375 0.10677083333333333
0 0.7451171875 0.3190104166666667 0.060546875 0.109375
0 0.3193359375 0.8430989583333334 0.052734375 0.10026041666666667
0 0.3193359375 0.5384114583333334 0.0546875 0.10286458333333333
0 0.37353515625 0.5377604166666666 0.0537109375 0.10416666666666667
0 0.73291015625 0.7981770833333334 0.0830078125 0.07552083333333333
0 0.482421875 0.4303385416666667 0.056640625 0.10546875
0 0.59912109375 0.5358072916666666 0.0595703125 0.10807291666666667
0 0.56591796875 0.3216145833333333 0.0595703125 0.10677083333333333
0 0.42822265625 0.6393229166666666 0.0537109375 0.10416666666666667
0 0.31787109375 0.435546875 0.0537109375 0.10286458333333333
0 0.3193359375 0.6399739583333334 0.0546875 0.10286458333333333
0 0.734375 0.4127604166666667 0.083984375 0.078125
0 0.37353515625 0.6399739583333334 0.0556640625 0.10286458333333333
0 0.3720703125 0.43359375 0.0546875 0.10416666666666667
0 0.377685546875 0.3287760416666667 0.06591796875 0.10546875
0 0.5400390625 0.4303385416666667 0.05859375 0.10546875
0 0.3740234375 0.7415364583333334 0.0546875 0.10286458333333333
0 0.6005859375 0.748046875 0.05859375 0.10807291666666667
0 0.73291015625 0.4915364583333333 0.0849609375 0.07942708333333333
0 0.4296875 0.7428385416666666 0.0546875 0.10286458333333333
0 0.318359375 0.3307291666666667 0.056640625 0.10416666666666667
0 0.4404296875 0.326171875 0.05859375 0.10807291666666667
0 0.42724609375 0.4329427083333333 0.0556640625 0.10546875
0 0.48388671875 0.6399739583333334 0.0556640625 0.10546875
0 0.658203125 0.6438802083333334 0.060546875 0.10807291666666667
0 0.73388671875 0.7239583333333334 0.0849609375 0.078125
0 0.54150390625 0.6419270833333334 0.0576171875 0.10416666666666667
0 0.3798828125 0.22265625 0.05859375 0.10677083333333333
0 0.31982421875 0.7415364583333334 0.0537109375 0.10286458333333333
0 0.427734375 0.537109375 0.056640625 0.10286458333333333
0 0.6591796875 0.4283854166666667 0.060546875 0.109375
0 0.73388671875 0.5696614583333334 0.0830078125 0.07682291666666667
0 0.6845703125 0.3196614583333333 0.060546875 0.10807291666666667
0 0.734375 0.8743489583333334 0.083984375 0.07682291666666667
0 0.67919921875 0.2109375 0.0595703125 0.109375
0 0.73974609375 0.208984375 0.0615234375 0.11067708333333333
0 0.501953125 0.32421875 0.06640625 0.10677083333333333
0 0.48583984375 0.8483072916666666 0.0556640625 0.10546875
0 0.625 0.3196614583333333 0.05859375 0.10807291666666667
0 0.4287109375 0.8463541666666666 0.056640625 0.10416666666666667