0 0.3134765625 0.2936197916666667 0.19921875 0.09505208333333333
0 0.5185546875 0.193359375 0.193359375 0.10026041666666667
0 0.28369140625 0.6126302083333334 0.2314453125 0.12630208333333334
0 0.51806640625 0.2845052083333333 0.2021484375 0.10546875
0 0.322265625 0.20572916666666666 0.193359375 0.09375
0 0.51806640625 0.607421875 0.2294921875 0.13151041666666666
0 0.5234375 0.7350260416666666 0.2421875 0.13932291666666666
0 0.3330078125 0.11848958333333333 0.189453125 0.08854166666666667
0 0.77490234375 0.736328125 0.2548828125 0.13932291666666666
0 0.5244140625 0.10611979166666667 0.1875 0.08723958333333333
0 0.7548828125 0.48828125 0.232421875 0.12760416666666666
0 0.3017578125 0.3880208333333333 0.21484375 0.10416666666666667
0 0.2626953125 0.873046875 0.244140625 0.14973958333333334
0 0.7333984375 0.28125 0.212890625 0.1015625
0 0.52685546875 0.48828125 0.2216796875 0.125
0 0.51171875 0.8756510416666666 0.25 0.14973958333333334
0 0.52001953125 0.3828125 0.2099609375 0.11197916666666667
0 0.29638671875 0.4947916666666667 0.2294921875 0.11979166666666667
0 0.75927734375 0.6061197916666666 0.2548828125 0.13151041666666666
0 0.72265625 0.1875 0.201171875 0.09895833333333333
0 0.74853515625 0.380859375 0.2197265625 0.11067708333333333
0 0.77685546875 0.8763020833333334 0.2646484375 0.15104166666666666
0 0.71826171875 0.10416666666666667 0.1943359375 0.0859375
0 0.27978515625 0.7369791666666666 0.2431640625 0.13802083333333334