0 0.5178571428571429 0.43788819875776397 0.07608695652173914 0.13405797101449277
0 0.6786684782608695 0.6045548654244306 0.10500776397515528 0.09679089026915114
0 0.30376552795031053 0.6881469979296067 0.06909937888198758 0.12629399585921325
0 0.6803183229813664 0.8350155279503105 0.09976708074534162 0.1105072463768116
0 0.30929736024844723 0.8115942028985508 0.0859860248447205 0.12318840579710146
0 0.4454580745341615 0.30240683229813664 0.07531055900621118 0.1322463768115942
0 0.29745729813664595 0.3002070393374741 0.07705745341614907 0.13146997929606624
0 0.3941187888198758 0.8153467908902692 0.0859860248447205 0.1224120082815735
0 0.483889751552795 0.8203933747412008 0.09316770186335403 0.12422360248447205
0 0.3718944099378882 0.30395962732919257 0.07336956521739131 0.1306935817805383
0 0.47379658385093165 0.16770186335403728 0.08035714285714286 0.13664596273291926
0 0.6842003105590062 0.41252587991718426 0.10054347826086957 0.09782608695652174
0 0.4440993788819876 0.5657349896480331 0.0749223602484472 0.12991718426501034
0 0.22903726708074534 0.6863354037267081 0.08462732919254658 0.12163561076604555
0 0.5486218944099379 0.17067805383022774 0.07861024844720498 0.1400103519668737
0 0.6851708074534162 0.3161231884057971 0.10209627329192547 0.09912008281573499
0 0.6943905279503105 0.7167443064182195 0.07628105590062112 0.1265527950310559
0 0.22864906832298137 0.8060300207039337 0.08035714285714286 0.11982401656314699
0 0.37082686335403725 0.5652173913043478 0.0751164596273292 0.13250517598343686
0 0.6842003105590062 0.5087991718426501 0.10326086956521739 0.09782608695652174
0 0.4440993788819876 0.43413561076604557 0.07414596273291925 0.13121118012422361
0 0.46535326086956524 0.6965579710144928 0.07822204968944099 0.13121118012422361
0 0.38354037267080743 0.6929347826086957 0.09277950310559006 0.1255175983436853
0 0.578513198757764 0.8303571428571429 0.09802018633540373 0.1151656314699793
0 0.2251552795031056 0.3048654244306418 0.0749223602484472 0.13198757763975155
0 0.5898680124223602 0.5775103519668737 0.07608695652173914 0.13690476190476192
0 0.593555900621118 0.4435817805383023 0.07763975155279502 0.13664596273291926
0 0.37179736024844723 0.4346532091097309 0.07278726708074534 0.1306935817805383
0 0.5378493788819876 0.703416149068323 0.07919254658385093 0.13561076604554864
0 0.624708850931677 0.17572463768115942 0.08093944099378882 0.14026915113871635
0 0.5170807453416149 0.5697463768115942 0.07414596273291925 0.1327639751552795
0 0.5204774844720497 0.30460662525879917 0.07861024844720498 0.13354037267080746
0 0.2236995341614907 0.5615942028985508 0.07084627329192547 0.12681159420289856
0 0.6161684782608695 0.7122153209109731 0.0813276397515528 0.13095238095238096
0 0.3096855590062112 0.1678312629399586 0.08482142857142858 0.1343167701863354
0 0.6992430124223602 0.19616977225672877 0.08055124223602485 0.14130434782608695
0 0.29774844720496896 0.5595238095238095 0.07841614906832298 0.13043478260869565
0 0.23476319875776397 0.1766304347826087 0.07434006211180125 0.1296583850931677
0 0.39169254658385094 0.17300724637681159 0.0749223602484472 0.1317287784679089
0 0.5956909937888198 0.3090062111801242 0.07763975155279502 0.13612836438923395
0 0.2980395962732919 0.4297360248447205 0.07822204968944099 0.1296583850931677
0 0.2250582298136646 0.43504140786749484 0.07162267080745342 0.13043478260869565