0 0.7099609375 0.2109375 0.080078125 0.125
0 0.31787109375 0.630859375 0.0673828125 0.11328125
0 0.58642578125 0.8990885416666666 0.0771484375 0.13151041666666666
0 0.6142578125 0.294921875 0.080078125 0.12109375
0 0.69921875 0.3248697916666667 0.09375 0.10546875
0 0.5126953125 0.8880208333333334 0.076171875 0.13020833333333334
0 0.3134765625 0.7434895833333334 0.06640625 0.1171875
0 0.5234375 0.650390625 0.076171875 0.12369791666666667
0 0.62548828125 0.18619791666666666 0.0947265625 0.10416666666666667
0 0.31884765625 0.5182291666666666 0.0673828125 0.1171875
0 0.68603515625 0.5247395833333334 0.0966796875 0.09895833333333333
0 0.5380859375 0.2936197916666667 0.078125 0.11848958333333333
0 0.51904296875 0.7682291666666666 0.0771484375 0.125
0 0.53173828125 0.4114583333333333 0.0791015625 0.11979166666666667
0 0.45263671875 0.6432291666666666 0.0712890625 0.11979166666666667
0 0.39501953125 0.29296875 0.0712890625 0.11197916666666667
0 0.60009765625 0.537109375 0.0751953125 0.12369791666666667
0 0.4638671875 0.2936197916666667 0.07421875 0.11848958333333333
0 0.60595703125 0.4166666666666667 0.0771484375 0.125
0 0.67138671875 0.919921875 0.0966796875 0.10807291666666667
0 0.43798828125 0.18619791666666666 0.0908203125 0.09895833333333333
0 0.3896484375 0.40625 0.0703125 0.1171875
0 0.68408203125 0.6236979166666666 0.0947265625 0.10677083333333333
0 0.37890625 0.7513020833333334 0.0703125 0.11979166666666667
0 0.384765625 0.6373697916666666 0.0703125 0.11848958333333333
0 0.455078125 0.5299479166666666 0.07421875 0.1171875
0 0.52978515625 0.185546875 0.0966796875 0.10026041666666667
0 0.45849609375 0.412109375 0.0732421875 0.12369791666666667
0 0.67626953125 0.8196614583333334 0.0966796875 0.10546875
0 0.3857421875 0.5240885416666666 0.072265625 0.11848958333333333
0 0.52685546875 0.5305989583333334 0.0751953125 0.12369791666666667
0 0.353515625 0.18684895833333334 0.083984375 0.09505208333333333
0 0.6923828125 0.42578125 0.095703125 0.1015625
0 0.25927734375 0.2890625 0.0693359375 0.11458333333333333
0 0.3271484375 0.2923177083333333 0.0703125 0.11328125
0 0.44873046875 0.7610677083333334 0.0732421875 0.12109375
0 0.26806640625 0.18489583333333334 0.0849609375 0.09895833333333333
0 0.591796875 0.7799479166666666 0.076171875 0.12760416666666666
0 0.2548828125 0.5162760416666666 0.064453125 0.11328125
0 0.43994140625 0.875 0.0751953125 0.125
0 0.2509765625 0.7369791666666666 0.0625 0.11197916666666667
0 0.322265625 0.404296875 0.068359375 0.11588541666666667
0 0.37255859375 0.8671875 0.0673828125 0.11979166666666667
0 0.6796875 0.7233072916666666 0.095703125 0.10546875
0 0.25390625 0.62890625 0.064453125 0.11458333333333333
0 0.25634765625 0.404296875 0.0654296875 0.11328125
0 0.3076171875 0.85546875 0.068359375 0.1171875
0 0.59619140625 0.6569010416666666 0.0751953125 0.12369791666666667
0 0.24560546875 0.8430989583333334 0.0615234375 0.11067708333333333