0 0.46030667701863354 0.13250517598343686 0.0890916149068323 0.09420289855072464
0 0.6825504658385093 0.35778985507246375 0.06657608695652174 0.125
0 0.6832298136645962 0.4831780538302277 0.06677018633540373 0.12784679089026915
0 0.6158773291925466 0.735248447204969 0.06482919254658386 0.12267080745341614
0 0.7472826086956522 0.6086956521739131 0.06677018633540373 0.12629399585921325
0 0.7415566770186336 0.8585662525879917 0.06657608695652174 0.12396480331262939
0 0.42624223602484473 0.4856366459627329 0.06482919254658386 0.1224120082815735
0 0.4896156832298137 0.23434265010351968 0.06385869565217392 0.1265527950310559
0 0.6171389751552795 0.6121894409937888 0.06657608695652174 0.12396480331262939
0 0.4891304347826087 0.6108954451345756 0.06521739130434782 0.1234472049689441
0 0.48942158385093165 0.4865424430641822 0.06385869565217392 0.12474120082815734
0 0.6179153726708074 0.23473084886128365 0.06696428571428571 0.13198757763975155
0 0.7514557453416149 0.22282608695652173 0.07045807453416149 0.13302277432712215
0 0.3654891304347826 0.8409679089026915 0.06017080745341615 0.1193064182194617
0 0.6174301242236024 0.3627070393374741 0.06599378881987578 0.125
0 0.36626552795031053 0.7254140786749482 0.059782608695652176 0.11645962732919254
0 0.6793478260869565 0.7353778467908902 0.06521739130434782 0.1224120082815735
0 0.6819681677018633 0.6106366459627329 0.06502329192546584 0.12707039337474121
0 0.5526979813664596 0.23408385093167702 0.06502329192546584 0.1275879917184265
0 0.4881599378881988 0.3615424430641822 0.06444099378881987 0.12681159420289856
0 0.5563858695652174 0.12370600414078675 0.09607919254658386 0.09368530020703934
0 0.6121894409937888 0.8561076604554866 0.06444099378881987 0.11904761904761904
0 0.42556288819875776 0.8453674948240165 0.06114130434782609 0.11775362318840579
0 0.5522127329192547 0.36089544513457555 0.06521739130434782 0.1260351966873706
0 0.5490100931677019 0.8533902691511387 0.06269409937888198 0.1193064182194617
0 0.6172360248447205 0.4879658385093168 0.06677018633540373 0.12707039337474121
0 0.24873835403726707 0.48278985507246375 0.061529503105590064 0.11775362318840579
0 0.3697593167701863 0.2432712215320911 0.06133540372670807 0.12163561076604555
0 0.749708850931677 0.353907867494824 0.06812888198757763 0.12707039337474121
0 0.4253687888198758 0.7283902691511387 0.06347049689440994 0.11982401656314699
0 0.3652950310559006 0.6059782608695652 0.06444099378881987 0.1213768115942029
0 0.36422748447204967 0.48537784679089024 0.06347049689440994 0.11982401656314699
0 0.250097049689441 0.8310041407867494 0.05881211180124224 0.11542443064182195
0 0.25077639751552794 0.24508281573498966 0.06017080745341615 0.11853002070393374
0 0.4872864906832298 0.7322722567287785 0.06579968944099379 0.1187888198757764
0 0.42915372670807456 0.24055383022774326 0.06017080745341615 0.12396480331262939
0 0.5530861801242236 0.6128364389233955 0.06657608695652174 0.12267080745341614
0 0.48641304347826086 0.8496376811594203 0.0625 0.11801242236024845
0 0.24970885093167702 0.7182971014492754 0.060364906832298136 0.11413043478260869
0 0.30648291925465837 0.6052018633540373 0.06172360248447205 0.1208592132505176
0 0.6761451863354038 0.8568840579710145 0.06424689440993789 0.12060041407867494
0 0.4261451863354037 0.6072722567287785 0.06502329192546584 0.12189440993788819
0 0.6841032608695652 0.22955486542443065 0.06774068322981366 0.13302277432712215
0 0.6652756211180124 0.1187888198757764 0.11121894409937888 0.09886128364389234
0 0.30764751552795033 0.7224378881987578 0.06055900621118013 0.11361283643892339
0 0.5513392857142857 0.7342132505175983 0.06541149068322981 0.12008281573498965
0 0.4253687888198758 0.3630952380952381 0.06308229813664597 0.12267080745341614
0 0.30997670807453415 0.24624741200828157 0.06055900621118013 0.1193064182194617
0 0.5526979813664596 0.4879658385093168 0.06657608695652174 0.1296583850931677
0 0.24747670807453417 0.6018374741200828 0.06017080745341615 0.1203416149068323
0 0.3059006211180124 0.48473084886128365 0.057065217391304345 0.11956521739130435
0 0.749902950310559 0.4814958592132505 0.06774068322981366 0.1275879917184265
0 0.3830551242236025 0.12008281573498965 0.07666925465838509 0.12370600414078675
0 0.25892857142857145 0.12823498964803312 0.05822981366459627 0.1172360248447205
0 0.31948757763975155 0.125 0.0593944099378882 0.12163561076604555
0 0.24883540372670807 0.3641304347826087 0.059782608695652176 0.11749482401656315
0 0.3061917701863354 0.3641304347826087 0.05764751552795031 0.11956521739130435
0 0.7448563664596274 0.7329192546583851 0.06579968944099379 0.12318840579710146
0 0.3072593167701863 0.8352743271221532 0.057841614906832296 0.1187888198757764
0 0.36587732919254656 0.3666304347826087 0.05822981366459627 0.12197722567287785