0 0.6628493788819876 0.28467908902691513 0.08385093167701864 0.12732919254658384
0 0.7045807453416149 0.8902691511387164 0.10209627329192547 0.18633540372670807
0 0.8538431677018633 0.5423136645962733 0.09899068322981366 0.15916149068322982
0 0.7976513975155279 0.8889751552795031 0.10656055900621118 0.18892339544513456
0 0.782608695652174 0.7100155279503105 0.09937888198757763 0.17417184265010352
0 0.1701281055900621 0.897256728778468 0.09763198757763975 0.18012422360248448
0 0.5204774844720497 0.894927536231884 0.09180900621118013 0.18322981366459629
0 0.6053959627329193 0.7172619047619048 0.09200310559006211 0.1736542443064182
0 0.890819099378882 0.884963768115942 0.11121894409937888 0.19228778467908902
0 0.6120923913043478 0.8950569358178054 0.09802018633540373 0.18452380952380953
0 0.25533773291925466 0.8958333333333334 0.09724378881987578 0.1834886128364389
0 0.3003687888198758 0.3078416149068323 0.07666925465838509 0.12189440993788819
0 0.7533967391304348 0.40877329192546585 0.0921972049689441 0.13949275362318841
0 0.34142080745341613 0.8975155279503105 0.09394409937888198 0.18167701863354038
0 0.1875 0.7260610766045549 0.09355590062111802 0.16330227743271222
0 0.43051242236024845 0.8954451345755694 0.09083850931677019 0.18271221532091098
0 0.38062888198757766 0.19099378881987578 0.06987577639751552 0.11542443064182195
0 0.6941964285714286 0.7144151138716356 0.09375 0.17003105590062112
0 0.20516304347826086 0.5742753623188406 0.08346273291925466 0.14906832298136646
0 0.3511257763975155 0.7251552795031055 0.08618012422360248 0.16718426501035197
0 0.516207298136646 0.29438405797101447 0.07744565217391304 0.1244824016563147
0 0.7703804347826086 0.5490424430641822 0.09588509316770186 0.15916149068322982
0 0.8333656832298136 0.39751552795031053 0.09491459627329192 0.14130434782608695
0 0.5187305900621118 0.7207556935817805 0.08831521739130435 0.16925465838509315
0 0.5891886645962733 0.2919254658385093 0.0813276397515528 0.12267080745341614
0 0.2701863354037267 0.7247670807453416 0.08618012422360248 0.16640786749482403
0 0.6754658385093167 0.411231884057971 0.0888975155279503 0.13819875776397517
0 0.37276785714285715 0.3053804347826087 0.07201086956521739 0.1211231884057971
0 0.4359472049689441 0.7221790890269151 0.08579192546583851 0.16899585921325053
0 0.5163043478260869 0.1745600414078675 0.07336956521739131 0.1213768115942029
0 0.7382569875776398 0.2805383022774327 0.0890916149068323 0.12629399585921325
0 0.23185170807453417 0.3105590062111801 0.07899844720496894 0.12318840579710146
0 0.5862771739130435 0.17650103519668736 0.07472826086956522 0.11697722567287784
0 0.8692740683229814 0.7063923395445134 0.10034937888198758 0.17417184265010352
0 0.5977290372670807 0.41459627329192544 0.08792701863354037 0.13457556935817805
0 0.656152950310559 0.16744306418219462 0.07899844720496894 0.11904761904761904
0 0.3636451863354037 0.5716873706004141 0.08288043478260869 0.15269151138716355
0 0.2914402173913043 0.43245341614906835 0.07899844720496894 0.13302277432712215
0 0.7244759316770186 0.1636904761904762 0.0797748447204969 0.1172360248447205
0 0.4483695652173913 0.1792184265010352 0.07104037267080746 0.11361283643892339
0 0.22010869565217392 0.4360766045548654 0.08229813664596274 0.13457556935817805
0 0.7937694099378882 0.16058488612836438 0.08249223602484472 0.1151656314699793
0 0.6868206521739131 0.5548654244306418 0.09375 0.15527950310559005
0 0.8152173913043478 0.2731625258799172 0.08190993788819875 0.1244824016563147
0 0.4434200310559006 0.5653467908902692 0.08482142857142858 0.15502070393374742
0 0.4434200310559006 0.421972049689441 0.08210403726708075 0.1389751552795031
0 0.36519798136645965 0.42999482401656314 0.08249223602484472 0.1389751552795031
0 0.24796195652173914 0.19849896480331264 0.07006987577639752 0.10817805383022774
0 0.6046195652173914 0.5575828157349897 0.09161490683229814 0.15605590062111802
0 0.312985248447205 0.19358178053830227 0.07162267080745342 0.11283643892339544
0 0.5207686335403726 0.41796066252587993 0.08346273291925466 0.13664596273291926
0 0.28183229813664595 0.5734989648033126 0.08618012422360248 0.14906832298136646
0 0.4442546583850932 0.29472049689440993 0.07329192546583851 0.12774068322981366
0 0.5214809782608696 0.5615269151138715 0.0789343944099379 0.15479813664596273