0 0.296875 0.4791666666666667 0.0703125 0.0859375
0 0.498046875 0.21809895833333334 0.06640625 0.09505208333333333
0 0.56005859375 0.5748697916666666 0.0673828125 0.07942708333333333
0 0.35986328125 0.21744791666666666 0.0732421875 0.08854166666666667
0 0.5009765625 0.3079427083333333 0.072265625 0.08984375
0 0.69482421875 0.3990885416666667 0.0654296875 0.09244791666666667
0 0.69140625 0.572265625 0.06640625 0.08723958333333333
0 0.55908203125 0.8118489583333334 0.0673828125 0.08203125
0 0.75634765625 0.5657552083333334 0.0654296875 0.08463541666666667
0 0.56005859375 0.12044270833333333 0.0791015625 0.10546875
0 0.49609375 0.81640625 0.0625 0.08333333333333333
0 0.560546875 0.6549479166666666 0.06640625 0.08072916666666667
0 0.4853515625 0.12369791666666667 0.06640625 0.09635416666666667
0 0.75634765625 0.724609375 0.0634765625 0.08203125
0 0.36328125 0.3919270833333333 0.0703125 0.0859375
0 0.6259765625 0.654296875 0.06640625 0.07942708333333333
0 0.7568359375 0.4811197916666667 0.060546875 0.09244791666666667
0 0.43017578125 0.306640625 0.0712890625 0.08723958333333333
0 0.69140625 0.7298177083333334 0.064453125 0.07682291666666667
0 0.62353515625 0.8072916666666666 0.0654296875 0.078125
0 0.3525390625 0.12369791666666667 0.068359375 0.09895833333333333
0 0.68994140625 0.8053385416666666 0.0673828125 0.07682291666666667
0 0.6259765625 0.57421875 0.06640625 0.08072916666666667
0 0.69140625 0.6516927083333334 0.064453125 0.08463541666666667
0 0.50244140625 0.3938802083333333 0.0693359375 0.08203125
0 0.560546875 0.7350260416666666 0.064453125 0.07942708333333333
0 0.37060546875 0.7356770833333334 0.0634765625 0.0859375
0 0.6259765625 0.7311197916666666 0.064453125 0.07682291666666667
0 0.755859375 0.6438802083333334 0.0625 0.08203125
0 0.43310546875 0.732421875 0.0634765625 0.08463541666666667
0 0.4970703125 0.7311197916666666 0.064453125 0.08723958333333333
0 0.49365234375 0.5625 0.0634765625 0.08333333333333333
0 0.306640625 0.73828125 0.064453125 0.08072916666666667
0 0.3720703125 0.8190104166666666 0.064453125 0.0859375
0 0.4345703125 0.818359375 0.060546875 0.08723958333333333
0 0.43212890625 0.6497395833333334 0.0654296875 0.08854166666666667
0 0.6318359375 0.3997395833333333 0.064453125 0.09375
0 0.43359375 0.3932291666666667 0.0703125 0.0859375
0 0.697265625 0.486328125 0.0625 0.09244791666666667
0 0.75341796875 0.8001302083333334 0.0634765625 0.07682291666666667
0 0.4951171875 0.6490885416666666 0.0625 0.08723958333333333
0 0.4296875 0.5625 0.064453125 0.08854166666666667
0 0.3662109375 0.4765625 0.0703125 0.0859375
0 0.7578125 0.392578125 0.060546875 0.09244791666666667
0 0.697265625 0.306640625 0.0625 0.09244791666666667
0 0.630859375 0.216796875 0.068359375 0.09505208333333333
0 0.7587890625 0.3040364583333333 0.0625 0.09244791666666667
0 0.2880859375 0.21744791666666666 0.072265625 0.08854166666666667
0 0.36767578125 0.6510416666666666 0.0654296875 0.08854166666666667
0 0.4189453125 0.12434895833333333 0.068359375 0.09505208333333333
0 0.50341796875 0.478515625 0.0693359375 0.08463541666666667
0 0.5693359375 0.404296875 0.064453125 0.09244791666666667
0 0.310546875 0.8229166666666666 0.0625 0.0859375
0 0.36474609375 0.5638020833333334 0.0654296875 0.08854166666666667
0 0.634765625 0.48828125 0.064453125 0.09114583333333333
0 0.75634765625 0.21223958333333334 0.0615234375 0.09375
0 0.3017578125 0.6549479166666666 0.06640625 0.09114583333333333
0 0.69384765625 0.21419270833333334 0.0634765625 0.09244791666666667
0 0.361328125 0.3053385416666667 0.0703125 0.08723958333333333
0 0.56298828125 0.22200520833333334 0.0673828125 0.09505208333333333
0 0.634765625 0.3072916666666667 0.06640625 0.09375
0 0.2978515625 0.56640625 0.06640625 0.0859375
0 0.572265625 0.4921875 0.06640625 0.08854166666666667
0 0.4296875 0.21875 0.068359375 0.09375
0 0.28759765625 0.12565104166666666 0.0673828125 0.09244791666666667
0 0.43603515625 0.478515625 0.0693359375 0.08463541666666667
0 0.29052734375 0.3059895833333333 0.0732421875 0.08854166666666667
0 0.62890625 0.12044270833333333 0.0625 0.09505208333333333
0 0.75341796875 0.119140625 0.0634765625 0.09244791666666667
0 0.57046875 0.31265625 0.06671875 0.09597656249999999
0 0.294150390625 0.3936979166666667 0.073291015625 0.08674479166666667
0 0.692431640625 0.12294270833333333 0.06291015625 0.08934895833333334