0 0.5744371118012422 0.8082298136645962 0.08947981366459627 0.09420289855072464
0 0.4750582298136646 0.11089544513457557 0.08249223602484472 0.1291407867494824
0 0.3886840062111801 0.5309265010351967 0.09336180124223603 0.09808488612836438
0 0.7434006211180124 0.31689958592132506 0.07841614906832298 0.1193064182194617
0 0.6467391304347826 0.1105072463768116 0.08190993788819875 0.13250517598343686
0 0.30337732919254656 0.8130175983436853 0.08812111801242237 0.09135610766045549
0 0.6644992236024845 0.8099120082815735 0.09103260869565218 0.09239130434782608
0 0.48476319875776397 0.722955486542443 0.09142080745341614 0.09239130434782608
0 0.5551242236024845 0.2138975155279503 0.08618012422360248 0.1296583850931677
0 0.7455357142857143 0.4355590062111801 0.07453416149068323 0.12163561076604555
0 0.30221273291925466 0.71972049689441 0.09083850931677019 0.09575569358178054
0 0.29939829192546585 0.6218944099378882 0.09180900621118013 0.09730848861283643
0 0.5761840062111802 0.6178830227743272 0.09336180124223603 0.0965320910973085
0 0.6662461180124224 0.5283385093167702 0.09180900621118013 0.09756728778467909
0 0.38062888198757766 0.2180383022774327 0.08152173913043478 0.1286231884057971
0 0.4672942546583851 0.22541407867494825 0.09607919254658386 0.10973084886128365
0 0.7484472049689441 0.6731366459627329 0.07298136645962733 0.12111801242236025
0 0.484180900621118 0.8134057971014492 0.09142080745341614 0.09213250517598344
0 0.5763781055900621 0.7132505175983437 0.09142080745341614 0.09575569358178054
0 0.6454774844720497 0.22968426501035197 0.09413819875776397 0.1063664596273292
0 0.5742430124223602 0.5225155279503105 0.09375 0.09782608695652174
0 0.5612383540372671 0.10080227743271221 0.09413819875776397 0.10947204968944099
0 0.29464285714285715 0.3190993788819876 0.09277950310559006 0.10662525879917184
0 0.3921777950310559 0.8156055900621118 0.09180900621118013 0.09290890269151139
0 0.47855201863354035 0.327639751552795 0.09375 0.10041407867494824
0 0.73534549689441 0.10390786749482402 0.09336180124223603 0.10947204968944099
0 0.7378687888198758 0.20898033126293997 0.09180900621118013 0.10222567287784678
0 0.7465062111801242 0.5551242236024845 0.07104037267080746 0.11904761904761904
0 0.6665372670807453 0.7184265010351967 0.09277950310559006 0.09420289855072464
0 0.5698757763975155 0.32634575569358176 0.09277950310559006 0.10248447204968944
0 0.297069099378882 0.5226449275362319 0.09180900621118013 0.09912008281573499
0 0.38577251552795033 0.10429606625258799 0.09569099378881987 0.12318840579710146
0 0.3915954968944099 0.6259057971014492 0.0921972049689441 0.09446169772256728
0 0.48049301242236025 0.5319616977225673 0.09607919254658386 0.10222567287784678
0 0.296875 0.42326604554865427 0.09336180124223603 0.10170807453416149
0 0.29279891304347827 0.21247412008281574 0.09413819875776397 0.10921325051759834
0 0.38693711180124224 0.3307453416149068 0.09375 0.10041407867494824
0 0.6599378881987578 0.33294513457556935 0.09277950310559006 0.10119047619047619
0 0.4813664596273292 0.4311594202898551 0.09355590062111802 0.11076604554865424
0 0.5720108695652174 0.42481884057971014 0.09083850931677019 0.10170807453416149
0 0.29153726708074534 0.10287267080745342 0.09433229813664597 0.10740165631469979
0 0.38955745341614906 0.4314182194616977 0.09588509316770186 0.10351966873706005
0 0.39334239130434784 0.7212732919254659 0.09142080745341614 0.09730848861283643
0 0.6670225155279503 0.6237060041407867 0.09142080745341614 0.09627329192546584
0 0.6622670807453416 0.432324016563147 0.09239130434782608 0.10015527950310558
0 0.7447593167701864 0.7895962732919255 0.07065217391304347 0.11542443064182195
0 0.48359860248447206 0.630175983436853 0.09297360248447205 0.09834368530020704