0 0.76806640625 0.8567708333333334 0.0810546875 0.09114583333333333
0 0.4892578125 0.8606770833333334 0.068359375 0.11458333333333333
0 0.6904296875 0.861328125 0.080078125 0.09244791666666667
0 0.41650390625 0.6419270833333334 0.0654296875 0.10416666666666667
0 0.61474609375 0.744140625 0.0693359375 0.11067708333333333
0 0.41845703125 0.7493489583333334 0.0673828125 0.11067708333333333
0 0.5439453125 0.6412760416666666 0.064453125 0.10286458333333333
0 0.5556640625 0.859375 0.068359375 0.11197916666666667
0 0.2138671875 0.6451822916666666 0.0703125 0.10807291666666667
0 0.35009765625 0.8678385416666666 0.0712890625 0.11328125
0 0.48486328125 0.748046875 0.0634765625 0.11067708333333333
0 0.2880859375 0.541015625 0.068359375 0.09765625
0 0.419921875 0.86328125 0.0703125 0.1171875
0 0.7626953125 0.7682291666666666 0.080078125 0.08854166666666667
0 0.35009765625 0.642578125 0.0673828125 0.10807291666666667
0 0.22119140625 0.5390625 0.0751953125 0.10416666666666667
0 0.68798828125 0.7740885416666666 0.0830078125 0.08723958333333333
0 0.28076171875 0.75390625 0.0732421875 0.11458333333333333
0 0.47802734375 0.541015625 0.0634765625 0.09505208333333333
0 0.54931640625 0.748046875 0.0654296875 0.11067708333333333
0 0.35400390625 0.5416666666666666 0.0654296875 0.09635416666666667
0 0.21142578125 0.755859375 0.0732421875 0.11328125
0 0.35009765625 0.7532552083333334 0.0693359375 0.11328125
0 0.2060546875 0.8736979166666666 0.076171875 0.11979166666666667
0 0.5029296875 0.15625 0.068359375 0.0625
0 0.2822265625 0.642578125 0.0703125 0.10807291666666667
0 0.296875 0.4440104166666667 0.064453125 0.09114583333333333
0 0.46728515625 0.21744791666666666 0.0673828125 0.06510416666666667
0 0.478515625 0.361328125 0.05859375 0.08203125
0 0.27978515625 0.869140625 0.0712890625 0.11848958333333333
0 0.3046875 0.2786458333333333 0.060546875 0.078125
0 0.4814453125 0.6412760416666666 0.064453125 0.10286458333333333
0 0.6484375 0.3352864583333333 0.0703125 0.06640625
0 0.6611328125 0.4641927083333333 0.0703125 0.06640625
0 0.65576171875 0.2662760416666667 0.0556640625 0.07942708333333333
0 0.72802734375 0.4680989583333333 0.0712890625 0.06901041666666667
0 0.74267578125 0.6119791666666666 0.0732421875 0.07552083333333333
0 0.59423828125 0.23111979166666666 0.0654296875 0.06901041666666667
0 0.34716796875 0.15169270833333334 0.0654296875 0.05859375
0 0.421875 0.447265625 0.060546875 0.08984375
0 0.66552734375 0.5364583333333334 0.0751953125 0.07552083333333333
0 0.5322265625 0.21940104166666666 0.0625 0.06640625
0 0.58056640625 0.17252604166666666 0.0693359375 0.061197916666666664
0 0.359375 0.4446614583333333 0.0625 0.09244791666666667
0 0.60595703125 0.6373697916666666 0.0654296875 0.10026041666666667
0 0.5361328125 0.3678385416666667 0.05859375 0.08203125
0 0.619140625 0.8548177083333334 0.0703125 0.11328125
0 0.236328125 0.3561197916666667 0.0625 0.08723958333333333
0 0.3603515625 0.359375 0.060546875 0.08072916666666667
0 0.4814453125 0.4485677083333333 0.05859375 0.08984375
0 0.23095703125 0.443359375 0.0673828125 0.09244791666666667
0 0.6796875 0.6907552083333334 0.078125 0.08203125
0 0.42578125 0.15559895833333334 0.0703125 0.055989583333333336
0 0.4765625 0.2825520833333333 0.0546875 0.07291666666666667
0 0.671875 0.6119791666666666 0.076171875 0.07552083333333333
0 0.259765625 0.205078125 0.07421875 0.06901041666666667
0 0.53125 0.2884114583333333 0.0546875 0.07682291666666667
0 0.7197265625 0.4036458333333333 0.064453125 0.0625
0 0.42138671875 0.28125 0.0576171875 0.07552083333333333
0 0.65478515625 0.3990885416666667 0.0712890625 0.06901041666666667
0 0.3984375 0.21223958333333334 0.068359375 0.0625
0 0.541015625 0.4498697916666667 0.05859375 0.08723958333333333
0 0.59228515625 0.3697916666666667 0.0576171875 0.08072916666666667
0 0.2978515625 0.3567708333333333 0.064453125 0.08333333333333333
0 0.42138671875 0.361328125 0.0576171875 0.08203125
0 0.5859375 0.2936197916666667 0.0546875 0.07682291666666667
0 0.36279296875 0.2799479166666667 0.0576171875 0.07552083333333333
0 0.59716796875 0.4518229166666667 0.0615234375 0.0859375
0 0.70751953125 0.2727864583333333 0.0537109375 0.07682291666666667
0 0.60009765625 0.541015625 0.0654296875 0.08984375
0 0.33056640625 0.2109375 0.0693359375 0.06510416666666667
0 0.27880859375 0.138671875 0.0732421875 0.06901041666666667
0 0.54052734375 0.541015625 0.0595703125 0.09505208333333333
0 0.2451171875 0.2747395833333333 0.0625 0.08072916666666667
0 0.701171875 0.20442708333333334 0.046875 0.0703125
0 0.71142578125 0.3391927083333333 0.0595703125 0.061197916666666664
0 0.7509765625 0.6907552083333334 0.078125 0.07942708333333333
0 0.736328125 0.5377604166666666 0.0703125 0.0703125
0 0.6484375 0.18489583333333334 0.06640625 0.08333333333333333
0 0.41650390625 0.5390625 0.0595703125 0.09635416666666667