0 0.30322265625 0.6106770833333334 0.0732421875 0.11197916666666667
0 0.64306640625 0.8483072916666666 0.0791015625 0.08984375
0 0.373046875 0.6126302083333334 0.0703125 0.11067708333333333
0 0.2314453125 0.607421875 0.076171875 0.11067708333333333
0 0.4384765625 0.724609375 0.068359375 0.11328125
0 0.22802734375 0.72265625 0.0771484375 0.1171875
0 0.3759765625 0.5110677083333334 0.0625 0.10026041666666667
0 0.4384765625 0.6171875 0.06640625 0.10677083333333333
0 0.43994140625 0.8385416666666666 0.0693359375 0.11458333333333333
0 0.37060546875 0.7239583333333334 0.0712890625 0.11197916666666667
0 0.36865234375 0.8411458333333334 0.0732421875 0.11979166666666667
0 0.5693359375 0.7252604166666666 0.06640625 0.11197916666666667
0 0.30078125 0.7239583333333334 0.076171875 0.1171875
0 0.564453125 0.6184895833333334 0.064453125 0.1015625
0 0.22216796875 0.8424479166666666 0.0771484375 0.11979166666666667
0 0.29541015625 0.8424479166666666 0.0771484375 0.1171875
0 0.50390625 0.7265625 0.064453125 0.11197916666666667
0 0.15283203125 0.72265625 0.0810546875 0.1171875
0 0.31103515625 0.505859375 0.0712890625 0.10026041666666667
0 0.71923828125 0.8450520833333334 0.0771484375 0.08854166666666667
0 0.50341796875 0.6184895833333334 0.0634765625 0.10677083333333333
0 0.7080078125 0.6764322916666666 0.07421875 0.07682291666666667
0 0.43798828125 0.5130208333333334 0.0673828125 0.1015625
0 0.16015625 0.6061197916666666 0.078125 0.11328125
0 0.18505859375 0.3990885416666667 0.0732421875 0.09505208333333333
0 0.2412109375 0.5006510416666666 0.072265625 0.10546875
0 0.560546875 0.51953125 0.0625 0.09375
0 0.69140625 0.4563802083333333 0.068359375 0.07421875
0 0.25634765625 0.3157552083333333 0.0673828125 0.08723958333333333
0 0.62744140625 0.5201822916666666 0.0732421875 0.07942708333333333
0 0.4755859375 0.12565104166666666 0.06640625 0.06380208333333333
0 0.322265625 0.322265625 0.064453125 0.08723958333333333
0 0.19140625 0.3079427083333333 0.0703125 0.09244791666666667
0 0.5009765625 0.3424479166666667 0.05859375 0.0859375
0 0.6298828125 0.5983072916666666 0.076171875 0.07942708333333333
0 0.70068359375 0.599609375 0.0732421875 0.08203125
0 0.1708984375 0.4973958333333333 0.080078125 0.11197916666666667
0 0.55029296875 0.1484375 0.0732421875 0.06770833333333333
0 0.62548828125 0.4498697916666667 0.0673828125 0.06901041666666667
0 0.3251953125 0.24088541666666666 0.064453125 0.08072916666666667
0 0.6162109375 0.3177083333333333 0.06640625 0.0703125
0 0.63623046875 0.6751302083333334 0.0771484375 0.08203125
0 0.3134765625 0.109375 0.0703125 0.06510416666666667
0 0.62060546875 0.384765625 0.0693359375 0.07161458333333333
0 0.4990234375 0.2630208333333333 0.0546875 0.08072916666666667
0 0.50048828125 0.517578125 0.0595703125 0.09765625
0 0.38427734375 0.3287760416666667 0.0615234375 0.08723958333333333
0 0.39453125 0.11979166666666667 0.06640625 0.059895833333333336
0 0.4443359375 0.2552083333333333 0.0546875 0.08333333333333333
0 0.6416015625 0.7604166666666666 0.078125 0.0859375
0 0.44384765625 0.419921875 0.0615234375 0.09244791666666667
0 0.29541015625 0.166015625 0.0732421875 0.06901041666666667
0 0.5068359375 0.8391927083333334 0.064453125 0.11067708333333333
0 0.67724609375 0.3287760416666667 0.0576171875 0.06380208333333333
0 0.36669921875 0.17447916666666666 0.0712890625 0.06770833333333333
0 0.56201171875 0.4329427083333333 0.0576171875 0.08723958333333333
0 0.55517578125 0.2701822916666667 0.0576171875 0.08203125
0 0.20556640625 0.22526041666666666 0.0634765625 0.08333333333333333
0 0.6845703125 0.388671875 0.064453125 0.06380208333333333
0 0.6953125 0.5247395833333334 0.06640625 0.0703125
0 0.2646484375 0.234375 0.06640625 0.08072916666666667
0 0.50341796875 0.4251302083333333 0.0595703125 0.09244791666666667
0 0.4443359375 0.3346354166666667 0.05859375 0.0859375
0 0.22216796875 0.15625 0.0791015625 0.0703125
0 0.14453125 0.8424479166666666 0.080078125 0.12239583333333333
0 0.67138671875 0.19205729166666666 0.0458984375 0.07161458333333333
0 0.38623046875 0.24544270833333334 0.0576171875 0.08203125
0 0.5703125 0.8372395833333334 0.0703125 0.11197916666666667
0 0.6748046875 0.2610677083333333 0.05078125 0.07682291666666667
0 0.501953125 0.193359375 0.064453125 0.06901041666666667
0 0.5634765625 0.21028645833333334 0.06640625 0.07161458333333333
0 0.4365234375 0.18294270833333334 0.0703125 0.06640625
0 0.3818359375 0.4140625 0.064453125 0.09114583333333333
0 0.5576171875 0.3515625 0.056640625 0.08854166666666667
0 0.619140625 0.16666666666666666 0.060546875 0.0859375
0 0.62451171875 0.24934895833333334 0.0517578125 0.08203125
0 0.25341796875 0.4055989583333333 0.0693359375 0.09505208333333333
0 0.24267578125 0.08723958333333333 0.0791015625 0.07552083333333333
0 0.31787109375 0.41015625 0.0673828125 0.09635416666666667
0 0.719140625 0.75890625 0.07890625 0.09020833333333333