0 0.623046875 0.8268229166666666 0.154296875 0.08854166666666667
0 0.4609375 0.4765625 0.15625 0.09114583333333333
0 0.30517578125 0.20182291666666666 0.1611328125 0.09635416666666667
0 0.62744140625 0.6510416666666666 0.1552734375 0.08854166666666667
0 0.62744140625 0.2109375 0.1552734375 0.09114583333333333
0 0.30224609375 0.3828125 0.1572265625 0.09114583333333333
0 0.62548828125 0.3001302083333333 0.1533203125 0.09244791666666667
0 0.4638671875 0.3873697916666667 0.158203125 0.09244791666666667
0 0.46240234375 0.6536458333333334 0.1572265625 0.09114583333333333
0 0.62841796875 0.3880208333333333 0.1533203125 0.08854166666666667
0 0.4638671875 0.5657552083333334 0.15625 0.08984375
0 0.46484375 0.20638020833333334 0.15625 0.09244791666666667
0 0.462890625 0.8229166666666666 0.154296875 0.08854166666666667
0 0.30224609375 0.8196614583333334 0.1552734375 0.08984375
0 0.6240234375 0.73828125 0.154296875 0.08854166666666667
0 0.29931640625 0.7350260416666666 0.1533203125 0.09244791666666667
0 0.3017578125 0.5618489583333334 0.15625 0.09244791666666667
0 0.30224609375 0.4733072916666667 0.1552734375 0.09244791666666667
0 0.3017578125 0.6490885416666666 0.154296875 0.09244791666666667
0 0.4609375 0.2975260416666667 0.158203125 0.09244791666666667
0 0.62890625 0.5657552083333334 0.16015625 0.08984375
0 0.29833984375 0.29296875 0.1533203125 0.09375
0 0.46240234375 0.7376302083333334 0.1552734375 0.08723958333333333
0 0.62060546875 0.4752604166666667 0.1552734375 0.09114583333333333