0 0.7532996894409938 0.2531055900621118 0.10170807453416149 0.12267080745341614
0 0.7378687888198758 0.6112836438923396 0.10229037267080746 0.12008281573498965
0 0.2998835403726708 0.7753623188405797 0.07375776397515528 0.11749482401656315
0 0.45069875776397517 0.7982660455486542 0.0811335403726708 0.1229296066252588
0 0.5359083850931677 0.8161231884057971 0.09277950310559006 0.1167184265010352
0 0.39101319875776397 0.19759316770186336 0.08326863354037267 0.1229296066252588
0 0.7411684782608695 0.4939182194616977 0.10229037267080746 0.1224120082815735
0 0.640527950310559 0.6026138716356108 0.09899068322981366 0.1208592132505176
0 0.6550854037267081 0.2531055900621118 0.09937888198757763 0.11904761904761904
0 0.7559200310559007 0.1251293995859213 0.0953027950310559 0.1358695652173913
0 0.6295613354037267 0.8264751552795031 0.09607919254658386 0.11982401656314699
0 0.6349961180124224 0.7159679089026915 0.09879658385093168 0.1213768115942029
0 0.75 0.37435300207039335 0.10209627329192547 0.1224120082815735
0 0.545516304347826 0.5965320910973085 0.09413819875776397 0.11749482401656315
0 0.6513975155279503 0.3703416149068323 0.09899068322981366 0.11956521739130435
0 0.5596855590062112 0.2514233954451346 0.09491459627329192 0.1162008281573499
0 0.6555706521739131 0.12694099378881987 0.09375 0.1348343685300207
0 0.3738354037267081 0.787008281573499 0.07763975155279502 0.11853002070393374
0 0.3023097826086957 0.5504658385093167 0.07666925465838509 0.11904761904761904
0 0.6432453416149069 0.4879658385093168 0.09899068322981366 0.11982401656314699
0 0.37897903726708076 0.5570652173913043 0.08055124223602485 0.1213768115942029
0 0.3079386645962733 0.3161231884057971 0.07861024844720498 0.1193064182194617
0 0.5592973602484472 0.12836438923395446 0.08831521739130435 0.13095238095238096
0 0.38625776397515527 0.31845238095238093 0.08346273291925466 0.1224120082815735
0 0.5491071428571429 0.48266045548654246 0.09472049689440994 0.11594202898550725
0 0.7319487577639752 0.7276138716356108 0.10326086956521739 0.125
0 0.375 0.6733954451345756 0.08152173913043478 0.12370600414078675
0 0.45516304347826086 0.682712215320911 0.08229813664596274 0.12629399585921325
0 0.3049301242236025 0.43413561076604557 0.07763975155279502 0.1187888198757764
0 0.46273291925465837 0.44306418219461696 0.08423913043478261 0.12422360248447205
0 0.5559976708074534 0.3681418219461698 0.09452639751552795 0.1172360248447205
0 0.38179347826086957 0.43814699792960665 0.08229813664596274 0.12111801242236025
0 0.4592391304347826 0.5635351966873706 0.08423913043478261 0.1255175983436853
0 0.47214673913043476 0.19694616977225674 0.08637422360248448 0.12784679089026915
0 0.5408579192546584 0.708203933747412 0.09375 0.1167184265010352
0 0.30104813664596275 0.6639492753623188 0.07531055900621118 0.1162008281573499
0 0.7263198757763976 0.8388975155279503 0.10054347826086957 0.1193064182194617
0 0.46816770186335405 0.3198757763975155 0.08618012422360248 0.12474120082815734
0 0.3098796583850932 0.19759316770186336 0.08443322981366459 0.1213768115942029