0 0.5236801242236024 0.9512163561076604 0.10015527950310558 0.09756728778467909
0 0.20496894409937888 0.7298136645962733 0.11607142857142858 0.16407867494824016
0 0.6059782608695652 0.5843685300207039 0.09510869565217392 0.12888198757763975
0 0.312208850931677 0.5696169772256728 0.10811335403726709 0.15372670807453417
0 0.20040760869565216 0.5742753623188406 0.11898291925465838 0.16149068322981366
0 0.19739906832298137 0.41498447204968947 0.11645962732919254 0.15916149068322982
0 0.3156055900621118 0.7184265010351967 0.10791925465838509 0.15683229813664595
0 0.30522127329192544 0.26811594202898553 0.10656055900621118 0.15527950310559005
0 0.3075504658385093 0.4180900621118012 0.1077251552795031 0.1539855072463768
0 0.6037461180124224 0.21143892339544512 0.08093944099378882 0.13561076604554864
0 0.19409937888198758 0.25854037267080743 0.1172360248447205 0.15683229813664595
0 0.4152756211180124 0.5639233954451346 0.0999611801242236 0.14648033126293997
0 0.5118400621118012 0.5872153209109731 0.09588509316770186 0.14492753623188406
0 0.3204580745341615 0.8669772256728778 0.10714285714285714 0.16252587991718426
0 0.6932259316770186 0.5764751552795031 0.08365683229813664 0.1224120082815735
0 0.5170807453416149 0.719332298136646 0.10131987577639752 0.13690476190476192
0 0.4185753105590062 0.7079451345755694 0.09879658385093168 0.1513975155279503
0 0.6901203416149069 0.45962732919254656 0.08365683229813664 0.11853002070393374
0 0.4247864906832298 0.9588509316770186 0.10073757763975155 0.08229813664596274
0 0.2096273291925466 0.8837991718426501 0.11645962732919254 0.16925465838509315
0 0.6048136645962733 0.4616977225672878 0.09277950310559006 0.12474120082815734
0 0.686917701863354 0.34148550724637683 0.08618012422360248 0.1172360248447205
0 0.4232336956521739 0.8514492753623188 0.10034937888198758 0.15320910973084886
0 0.6182065217391305 0.9408643892339544 0.09083850931677019 0.11775362318840579
0 0.6004464285714286 0.3376035196687371 0.0921972049689441 0.12189440993788819
0 0.40945263975155277 0.41912525879917184 0.0999611801242236 0.14518633540372672
0 0.6139363354037267 0.827639751552795 0.09045031055900621 0.13509316770186336
0 0.3217197204968944 0.9653209109730849 0.10656055900621118 0.06935817805383022
0 0.5053377329192547 0.3268633540372671 0.10034937888198758 0.13198757763975155
0 0.5095108695652174 0.4561335403726708 0.10209627329192547 0.12707039337474121
0 0.6115100931677019 0.7058747412008282 0.0921972049689441 0.13121118012422361
0 0.5221273291925466 0.8467908902691511 0.09976708074534162 0.14130434782608695
0 0.6814829192546584 0.21816770186335405 0.07958074534161491 0.13095238095238096
0 0.702736801242236 0.9329710144927537 0.08326863354037267 0.11956521739130435
0 0.7009899068322981 0.8113354037267081 0.0875388198757764 0.12939958592132506
0 0.6984666149068323 0.6933229813664596 0.08637422360248448 0.12732919254658384
0 0.21166537267080746 0.9767080745341615 0.11587732919254658 0.046583850931677016
0 0.40702639751552794 0.2745859213250518 0.0986024844720497 0.15113871635610765
0 0.5076669254658385 0.19177018633540371 0.11898291925465838 0.14492753623188406