0 0.39134837962962965 0.4447337962962963 0.20515046296296297 0.16030092592592593
0 0.5745081018518519 0.6213831018518519 0.2230902777777778 0.19762731481481483
0 0.5862268518518519 0.44068287037037035 0.19212962962962962 0.1730324074074074
0 0.3862847222222222 0.2894965277777778 0.171875 0.15711805555555555
0 0.15769675925925927 0.6283275462962963 0.22916666666666666 0.20283564814814814
0 0.5642361111111112 0.2845775462962963 0.171875 0.15711805555555555
0 0.20471643518518517 0.2863136574074074 0.1987847222222222 0.15885416666666666
0 0.7876157407407407 0.6174768518518519 0.23726851851851852 0.19386574074074073
0 0.7436342592592593 0.2860243055555556 0.203125 0.15596064814814814
0 0.3599537037037037 0.6248553240740741 0.20775462962962962 0.20457175925925927
0 0.18894675925925927 0.44516782407407407 0.21643518518518517 0.1605902777777778
0 0.14091435185185186 0.8370949074074074 0.2482638888888889 0.22280092592592593
0 0.37181712962962965 0.8359375 0.23900462962962962 0.22569444444444445
0 0.7677951388888888 0.43677662037037035 0.21325231481481483 0.1791087962962963
0 0.6027922453703703 0.8272453703703704 0.2261284722222222 0.24216724537037035
0 0.8174189814814815 0.82796875 0.25752314814814814 0.2407204861111111