0 0.7566964285714286 0.6578674948240165 0.10966614906832298 0.10662525879917184
0 0.5714285714285714 0.5605590062111802 0.08190993788819875 0.14337474120082816
0 0.42265139751552794 0.8476966873706004 0.08288043478260869 0.1379399585921325
0 0.25650232919254656 0.4320652173913043 0.09413819875776397 0.13949275362318841
0 0.44613742236024845 0.2859730848861284 0.0984083850931677 0.14233954451345757
0 0.44351708074534163 0.42339544513457555 0.09899068322981366 0.14182194616977226
0 0.5418284161490683 0.42080745341614906 0.10073757763975155 0.13975155279503104
0 0.7607725155279503 0.8585662525879917 0.10733695652173914 0.1006728778467909
0 0.7578610248447205 0.7589285714285714 0.10888975155279502 0.10377846790890269
0 0.7558229813664596 0.3347567287784679 0.10597826086956522 0.1286231884057971
0 0.5846273291925466 0.8422619047619048 0.08190993788819875 0.1379399585921325
0 0.6534355590062112 0.5600414078674948 0.08365683229813664 0.14285714285714285
0 0.546875 0.14376293995859213 0.0953027950310559 0.1415631469979296
0 0.2625194099378882 0.8500258799171843 0.08093944099378882 0.13535196687370601
0 0.7552406832298136 0.4494047619047619 0.10908385093167702 0.1089544513457557
0 0.34937888198757766 0.2911490683229814 0.09704968944099379 0.13768115942028986
0 0.6464479813664596 0.4254658385093168 0.10927795031055901 0.12681159420289856
0 0.3486995341614907 0.4292184265010352 0.0953027950310559 0.1420807453416149
0 0.3427795031055901 0.8500258799171843 0.08346273291925466 0.1374223602484472
0 0.3307453416149068 0.5714285714285714 0.08423913043478261 0.14285714285714285
0 0.44662267080745344 0.14855072463768115 0.09666149068322981 0.14130434782608695
0 0.5442546583850931 0.2815734989648033 0.09899068322981366 0.13871635610766045
0 0.33695652173913043 0.7120859213250518 0.08229813664596274 0.1415631469979296
0 0.5040760869565217 0.8445910973084886 0.08190993788819875 0.13690476190476192
0 0.41129658385093165 0.5671583850931677 0.08423913043478261 0.1441511387163561
0 0.6655667701863354 0.8410973084886129 0.07996894409937888 0.13871635610766045
0 0.7546583850931677 0.5538302277432712 0.11141304347826086 0.10869565217391304
0 0.25436723602484473 0.2939958592132505 0.09763198757763975 0.14026915113871635
0 0.7523291925465838 0.20949792960662525 0.10714285714285714 0.1306935817805383
0 0.6490683229813664 0.3005952380952381 0.10675465838509317 0.1275879917184265
0 0.4919448757763975 0.5617236024844721 0.08093944099378882 0.1415631469979296
0 0.2576669254658385 0.712991718426501 0.0797748447204969 0.13871635610766045
0 0.25232919254658387 0.5723343685300207 0.08074534161490683 0.1420807453416149
0 0.5770574534161491 0.7031573498964804 0.08190993788819875 0.14078674948240166
0 0.6490683229813664 0.16705486542443065 0.09743788819875776 0.1446687370600414
0 0.6592585403726708 0.7017339544513458 0.08210403726708075 0.1389751552795031
0 0.25698757763975155 0.1538561076604555 0.09976708074534162 0.14673913043478262
0 0.4971855590062112 0.7044513457556936 0.0813276397515528 0.14337474120082816
0 0.7408773291925466 0.07802795031055901 0.1203416149068323 0.1441511387163561
0 0.35093167701863354 0.1529503105590062 0.09704968944099379 0.14337474120082816
0 0.4156638198757764 0.7076138716356107 0.08482142857142858 0.1440036231884058