0 0.81298828125 0.806640625 0.1279296875 0.17317708333333334
0 0.1884765625 0.83203125 0.13671875 0.17447916666666666
0 0.6796875 0.6497395833333334 0.12109375 0.15625
0 0.2080078125 0.3704427083333333 0.115234375 0.13411458333333334
0 0.79638671875 0.642578125 0.1279296875 0.16276041666666666
0 0.201171875 0.51171875 0.12109375 0.1484375
0 0.7822265625 0.48828125 0.119140625 0.1484375
0 0.68994140625 0.8125 0.1259765625 0.17447916666666666
0 0.42919921875 0.3678385416666667 0.1083984375 0.13671875
0 0.18798828125 0.666015625 0.1240234375 0.16276041666666666
0 0.3076171875 0.6627604166666666 0.123046875 0.16145833333333334
0 0.21533203125 0.24348958333333334 0.1064453125 0.125
0 0.3193359375 0.3723958333333333 0.109375 0.1328125
0 0.75341796875 0.22591145833333334 0.1123046875 0.12369791666666667
0 0.5380859375 0.236328125 0.107421875 0.12890625
0 0.42724609375 0.6608072916666666 0.1181640625 0.16015625
0 0.4287109375 0.5078125 0.111328125 0.1484375
0 0.42724609375 0.23828125 0.1064453125 0.12760416666666666
0 0.22216796875 0.12369791666666667 0.1044921875 0.12239583333333333
0 0.6572265625 0.3567708333333333 0.111328125 0.140625
0 0.3193359375 0.24348958333333334 0.103515625 0.125
0 0.31396484375 0.5110677083333334 0.1142578125 0.14713541666666666
0 0.669921875 0.4986979166666667 0.1171875 0.1484375
0 0.6396484375 0.111328125 0.10546875 0.12109375
0 0.5478515625 0.3626302083333333 0.109375 0.13671875
0 0.54638671875 0.5032552083333334 0.1162109375 0.14973958333333334
0 0.423828125 0.1171875 0.1015625 0.11979166666666667
0 0.76708984375 0.3541666666666667 0.1142578125 0.1328125
0 0.322265625 0.123046875 0.099609375 0.12109375
0 0.52392578125 0.11197916666666667 0.1025390625 0.125
0 0.44677734375 0.8248697916666666 0.1220703125 0.17057291666666666
0 0.56689453125 0.818359375 0.1220703125 0.17317708333333334
0 0.5556640625 0.6555989583333334 0.119140625 0.15755208333333334
0 0.740234375 0.10677083333333333 0.10546875 0.11979166666666667
0 0.64990234375 0.23111979166666666 0.1103515625 0.12369791666666667
0 0.3196875 0.8300520833333334 0.12486328125 0.17460937499999998