0 0.35302734375 0.3951822916666667 0.1435546875 0.16015625
0 0.3515625 0.869140625 0.138671875 0.15494791666666666
0 0.62646484375 0.8626302083333334 0.1337890625 0.15494791666666666
0 0.4921875 0.7161458333333334 0.138671875 0.15625
0 0.4892578125 0.8684895833333334 0.138671875 0.15104166666666666
0 0.35302734375 0.712890625 0.1396484375 0.15755208333333334
0 0.634765625 0.5540364583333334 0.13671875 0.15755208333333334
0 0.49658203125 0.3990885416666667 0.1396484375 0.16276041666666666
0 0.75341796875 0.37890625 0.1318359375 0.15104166666666666
0 0.62841796875 0.7076822916666666 0.1318359375 0.15494791666666666
0 0.4931640625 0.5572916666666666 0.142578125 0.15885416666666666
0 0.75927734375 0.6998697916666666 0.1279296875 0.15755208333333334
0 0.61572265625 0.21354166666666666 0.1455078125 0.16666666666666666
0 0.751953125 0.22395833333333334 0.126953125 0.15625
0 0.75927734375 0.5377604166666666 0.1162109375 0.1796875
0 0.62548828125 0.3873697916666667 0.1240234375 0.18098958333333334
0 0.47607421875 0.22200520833333334 0.1279296875 0.20182291666666666
0 0.34765625 0.22265625 0.123046875 0.1875
0 0.3515625 0.5553385416666666 0.140625 0.15755208333333334
0 0.75732421875 0.85546875 0.1279296875 0.15625