0 0.4404296875 0.7174479166666666 0.142578125 0.12239583333333333
0 0.59033203125 0.7135416666666666 0.1455078125 0.125
0 0.15673828125 0.7194010416666666 0.1416015625 0.12109375
0 0.52001953125 0.6139322916666666 0.0966796875 0.08463541666666667
0 0.296875 0.7194010416666666 0.14453125 0.12369791666666667
0 0.5234375 0.3138020833333333 0.078125 0.0703125
0 0.14306640625 0.619140625 0.0927734375 0.08203125
0 0.421875 0.6158854166666666 0.09765625 0.0859375
0 0.61767578125 0.6119791666666666 0.1005859375 0.08854166666666667
0 0.5009765625 0.5358072916666666 0.0625 0.07682291666666667
0 0.4384765625 0.5358072916666666 0.0625 0.07682291666666667
0 0.4384765625 0.3854166666666667 0.0625 0.07291666666666667
0 0.501953125 0.3828125 0.060546875 0.07291666666666667
0 0.444150390625 0.3138020833333333 0.06603515625 0.07291666666666667
0 0.50341796875 0.4576822916666667 0.0634765625 0.07682291666666667
0 0.32763671875 0.6178385416666666 0.0947265625 0.08723958333333333
0 0.564453125 0.3854166666666667 0.064453125 0.07291666666666667
0 0.322265625 0.31640625 0.05859375 0.07552083333333333
0 0.56591796875 0.45703125 0.0634765625 0.07552083333333333
0 0.63134765625 0.5299479166666666 0.0634765625 0.07552083333333333
0 0.37890625 0.462890625 0.0625 0.07682291666666667
0 0.56640625 0.5325520833333334 0.064453125 0.07552083333333333
0 0.44140625 0.4596354166666667 0.0625 0.07552083333333333
0 0.6298828125 0.4544270833333333 0.060546875 0.07552083333333333
0 0.31884765625 0.4661458333333333 0.0615234375 0.07552083333333333
0 0.23388671875 0.6184895833333334 0.0927734375 0.0859375
0 0.25341796875 0.5423177083333334 0.0615234375 0.07421875
0 0.201171875 0.466796875 0.064453125 0.07421875
0 0.6259765625 0.380859375 0.05859375 0.07421875
0 0.3818359375 0.3157552083333333 0.060546875 0.07421875
0 0.20068359375 0.3287760416666667 0.0771484375 0.05859375
0 0.1396484375 0.466796875 0.064453125 0.07421875
0 0.26025390625 0.4641927083333333 0.0595703125 0.07942708333333333
0 0.314453125 0.3912760416666667 0.064453125 0.07421875
0 0.31298828125 0.5416666666666666 0.0595703125 0.07552083333333333
0 0.25634765625 0.388671875 0.0595703125 0.07421875
0 0.13623046875 0.54296875 0.0615234375 0.08072916666666667
0 0.1943359375 0.5423177083333334 0.060546875 0.07682291666666667
0 0.3740234375 0.3880208333333333 0.060546875 0.0703125
0 0.37451171875 0.5377604166666666 0.0634765625 0.07291666666666667
0 0.1455078125 0.392578125 0.05859375 0.07682291666666667
0 0.267578125 0.3248697916666667 0.060546875 0.055989583333333336
0 0.201845703125 0.39264322916666666 0.0635546875 0.07375
0 0.60216796875 0.308828125 0.081728515625 0.07640625