0 0.28173828125 0.775390625 0.0634765625 0.08463541666666667
0 0.2783203125 0.4264322916666667 0.0703125 0.09505208333333333
0 0.65673828125 0.4361979166666667 0.0615234375 0.08333333333333333
0 0.244140625 0.6979166666666666 0.06640625 0.0859375
0 0.2421875 0.5227864583333334 0.0703125 0.08984375
0 0.61767578125 0.6783854166666666 0.0576171875 0.078125
0 0.28173828125 0.607421875 0.0673828125 0.08984375
0 0.3759765625 0.6881510416666666 0.0625 0.08463541666666667
0 0.4130859375 0.603515625 0.064453125 0.08463541666666667
0 0.34716796875 0.4283854166666667 0.0673828125 0.09114583333333333
0 0.6201171875 0.5169270833333334 0.060546875 0.08333333333333333
0 0.53759765625 0.4303385416666667 0.0615234375 0.08723958333333333
0 0.44091796875 0.5169270833333334 0.0634765625 0.0859375
0 0.34912109375 0.60546875 0.0673828125 0.0859375
0 0.34765625 0.7727864583333334 0.064453125 0.08203125
0 0.64306640625 0.7532552083333334 0.0556640625 0.07682291666666667
0 0.3759765625 0.5182291666666666 0.064453125 0.08854166666666667
0 0.59423828125 0.5989583333333334 0.0595703125 0.08072916666666667
0 0.5322265625 0.7604166666666666 0.05859375 0.08072916666666667
0 0.4755859375 0.599609375 0.0625 0.08203125
0 0.310546875 0.6927083333333334 0.06640625 0.0859375
0 0.4384765625 0.6848958333333334 0.0625 0.08333333333333333
0 0.50048828125 0.681640625 0.0634765625 0.08203125
0 0.41162109375 0.4296875 0.0634765625 0.08854166666666667
0 0.4755859375 0.4296875 0.064453125 0.08854166666666667
0 0.56201171875 0.5143229166666666 0.0615234375 0.08333333333333333
0 0.47216796875 0.7630208333333334 0.0595703125 0.08072916666666667
0 0.560546875 0.6796875 0.05859375 0.08072916666666667
0 0.59765625 0.431640625 0.060546875 0.08463541666666667
0 0.65087890625 0.599609375 0.0595703125 0.08203125
0 0.412109375 0.7682291666666666 0.0625 0.08072916666666667
0 0.5869140625 0.755859375 0.056640625 0.07682291666666667
0 0.53466796875 0.5989583333333334 0.0615234375 0.08072916666666667
0 0.31103515625 0.5182291666666666 0.0673828125 0.08854166666666667
0 0.501953125 0.5162760416666666 0.060546875 0.08463541666666667