0 0.531735248447205 0.8326863354037267 0.07239906832298136 0.10222567287784678
0 0.4605007763975155 0.7318840579710145 0.07045807453416149 0.10144927536231885
0 0.18041537267080746 0.525491718426501 0.07628105590062112 0.09394409937888198
0 0.1578027950310559 0.8363095238095238 0.08695652173913043 0.11206004140786749
0 0.3220108695652174 0.5349378881987578 0.07181677018633541 0.09006211180124224
0 0.4633152173913043 0.9420289855072463 0.07569875776397515 0.11387163561076605
0 0.16517857142857142 0.7267080745341615 0.0826863354037267 0.10714285714285714
0 0.6046195652173914 0.9349120082815735 0.07104037267080746 0.10791925465838509
0 0.5356172360248447 0.9375 0.07278726708074534 0.1130952380952381
0 0.5227096273291926 0.6359989648033126 0.06793478260869565 0.09394409937888198
0 0.2423330745341615 0.7313664596273292 0.07938664596273291 0.10248447204968944
0 0.5280473602484472 0.7321428571428571 0.06929347826086957 0.10041407867494824
0 0.31783773291925466 0.6281055900621118 0.07239906832298136 0.10144927536231885
0 0.1734277950310559 0.6231884057971014 0.08016304347826086 0.10196687370600414
0 0.3892663043478261 0.7313664596273292 0.0735636645962733 0.10196687370600414
0 0.313179347826087 0.8372153209109731 0.08093944099378882 0.11076604554865424
0 0.3105590062111801 0.9457815734989649 0.07996894409937888 0.1084368530020704
0 0.6638198757763976 0.8244047619047619 0.06909937888198758 0.1006728778467909
0 0.4611801242236025 0.8356625258799172 0.07220496894409938 0.10559006211180125
0 0.3876164596273292 0.9448757763975155 0.07686335403726709 0.10973084886128365
0 0.2575698757763975 0.4497929606625259 0.07104037267080746 0.08488612836438923
0 0.1480978260869565 0.9462991718426501 0.08812111801242237 0.10740165631469979
0 0.6698369565217391 0.9280538302277432 0.0687111801242236 0.10869565217391304
0 0.3878105590062112 0.8352743271221532 0.0764751552795031 0.10998964803312629
0 0.2467973602484472 0.6295289855072463 0.07705745341614907 0.10222567287784678
0 0.31647903726708076 0.7304606625258799 0.07822204968944099 0.10429606625258799
0 0.5997670807453416 0.8307453416149069 0.06948757763975155 0.10610766045548654
0 0.7981366459627329 0.9252070393374742 0.0749223602484472 0.09472049689440994
0 0.23068711180124224 0.9468167701863354 0.08404503105590062 0.1063664596273292
0 0.33035714285714285 0.30098343685300205 0.0625 0.07453416149068323
0 0.7174883540372671 0.7252846790890269 0.06618788819875776 0.09756728778467909
0 0.23621894409937888 0.8377329192546584 0.08423913043478261 0.11231884057971014
0 0.641498447204969 0.5518892339544513 0.06288819875776397 0.08100414078674949
0 0.39149844720496896 0.37681159420289856 0.06172360248447205 0.07660455486542443
0 0.5076669254658385 0.1797360248447205 0.05493012422360249 0.07427536231884058
0 0.32424301242236025 0.45018115942028986 0.06657608695652174 0.08514492753623189
0 0.3888781055900621 0.4561335403726708 0.06541149068322981 0.08773291925465838
0 0.26970108695652173 0.2939958592132505 0.06579968944099379 0.07763975155279502
0 0.390430900621118 0.3047360248447205 0.05997670807453416 0.07220496894409938
0 0.33889751552795033 0.1627846790890269 0.05861801242236025 0.06832298136645963
0 0.281735248447205 0.15605590062111802 0.061529503105590064 0.06935817805383022
0 0.6154891304347826 0.3259575569358178 0.06017080745341615 0.07375776397515528
0 0.4567158385093168 0.5430900621118012 0.06560559006211181 0.08773291925465838
0 0.609666149068323 0.2573757763975155 0.059006211180124224 0.07116977225672878
0 0.4543866459627329 0.17585403726708074 0.05512422360248447 0.06909937888198758
0 0.39140139751552794 0.23511904761904762 0.057259316770186336 0.07531055900621118
0 0.656638198757764 0.7272256728778468 0.06560559006211181 0.09575569358178054
0 0.20681288819875776 0.2783385093167702 0.07006987577639752 0.07479296066252587
0 0.21603260869565216 0.20768633540372672 0.06909937888198758 0.07686335403726709
0 0.3335597826086957 0.23110766045548653 0.05920031055900621 0.07401656314699794
0 0.5060170807453416 0.31845238095238093 0.05745341614906832 0.07375776397515528
0 0.39023680124223603 0.5441252587991718 0.06812888198757763 0.09083850931677019
0 0.2234083850931677 0.1400103519668737 0.0640527950310559 0.06987577639751552
0 0.7066187888198758 0.6331521739130435 0.06308229813664597 0.08928571428571429
0 0.5690993788819876 0.3924689440993789 0.062111801242236024 0.07531055900621118
0 0.2638781055900621 0.3678830227743271 0.07006987577639752 0.08462732919254658
0 0.5599767080745341 0.18633540372670807 0.053959627329192544 0.07039337474120083
0 0.5026203416149069 0.24818840579710144 0.057259316770186336 0.07453416149068323
0 0.5569681677018633 0.25297619047619047 0.05803571428571429 0.06961697722567288
0 0.5125194099378882 0.463379917184265 0.06347049689440994 0.08307453416149069
0 0.5861801242236024 0.6367753623188406 0.06638198757763975 0.09342650103519669
0 0.6617818322981367 0.2620341614906832 0.05687111801242236 0.07065217391304347
0 0.4519604037267081 0.3823757763975155 0.06114130434782609 0.07789855072463768
0 0.6582880434782609 0.19746376811594202 0.052212732919254656 0.06469979296066253
0 0.39877717391304346 0.16705486542443065 0.05687111801242236 0.07272256728778467
0 0.6669254658385093 0.32983954451345754 0.05861801242236025 0.07220496894409938
0 0.328027950310559 0.3729296066252588 0.0671583850931677 0.07660455486542443
0 0.4517663043478261 0.4597567287784679 0.06308229813664597 0.08359213250517598
0 0.6484860248447205 0.6350931677018633 0.0671583850931677 0.08799171842650104
0 0.5720108695652174 0.4675207039337474 0.059782608695652176 0.08152173913043478
0 0.27523291925465837 0.22179089026915114 0.06327639751552795 0.07608695652173914
0 0.6306288819875776 0.4725672877846791 0.0625 0.07971014492753623
0 0.7908579192546584 0.8337215320910973 0.07201086956521739 0.09187370600414078
0 0.7399068322981367 0.44914596273291924 0.06327639751552795 0.06961697722567288
0 0.6971079192546584 0.5480072463768116 0.06347049689440994 0.08100414078674949
0 0.6106366459627329 0.1947463768115942 0.05201863354037267 0.06702898550724638
0 0.78027950310559 0.7470238095238095 0.06909937888198758 0.08876811594202899
0 0.5612383540372671 0.32155797101449274 0.05920031055900621 0.07065217391304347
0 0.5824922360248447 0.5490424430641822 0.06521739130434782 0.08359213250517598
0 0.7333074534161491 0.9252070393374742 0.06948757763975155 0.10507246376811594
0 0.625388198757764 0.3963509316770186 0.06017080745341615 0.07479296066252587
0 0.7263198757763976 0.8251811594202898 0.0671583850931677 0.10222567287784678
0 0.5117430124223602 0.38742236024844723 0.059588509316770184 0.07298136645962733
0 0.4473990683229814 0.2402950310559006 0.0562888198757764 0.07168737060041408
0 0.6780861801242236 0.39738612836438925 0.058423913043478264 0.07324016563146998
0 0.7280667701863354 0.3843167701863354 0.06017080745341615 0.06314699792960662
0 0.4495341614906832 0.30978260869565216 0.05822981366459627 0.07505175983436853
0 0.687402950310559 0.47075569358178054 0.06191770186335404 0.07608695652173914
0 0.7128299689440993 0.2639751552795031 0.057259316770186336 0.06469979296066253
0 0.7065217391304348 0.20341614906832298 0.04930124223602485 0.05848861283643892
0 0.45632763975155277 0.6330227743271222 0.06832298136645963 0.09679089026915114
0 0.719235248447205 0.32608695652173914 0.061529503105590064 0.06314699792960662
0 0.593555900621118 0.7307194616977226 0.06832298136645963 0.09601449275362318
0 0.5204774844720497 0.5460662525879917 0.0673524844720497 0.09006211180124224
0 0.7586374223602484 0.5897929606625258 0.06541149068322981 0.07503105590062112
0 0.19875776397515527 0.35429606625258797 0.07531055900621118 0.08436853002070394
0 0.750485248447205 0.519927536231884 0.06463509316770186 0.07039337474120083
0 0.7694099378881988 0.6639208074534161 0.0702639751552795 0.07994824016563147
0 0.1906055900621118 0.4372412008281574 0.0749223602484472 0.08928571428571429
0 0.25223214285714285 0.5344202898550725 0.07666925465838509 0.09109730848861283
0 0.38819875776397517 0.6344461697722568 0.07104037267080746 0.09239130434782608