0 0.609375 0.2799479166666667 0.08984375 0.13541666666666666
0 0.42724609375 0.279296875 0.0947265625 0.14192708333333334
0 0.7822265625 0.2799479166666667 0.091796875 0.1328125
0 0.451171875 0.15559895833333334 0.103515625 0.11328125
0 0.3359375 0.15559895833333334 0.1015625 0.11328125
0 0.435546875 0.6881510416666666 0.09375 0.13671875
0 0.4384765625 0.8235677083333334 0.09375 0.13671875
0 0.3427734375 0.693359375 0.091796875 0.13671875
0 0.791015625 0.671875 0.0859375 0.13020833333333334
0 0.79248046875 0.7994791666666666 0.0830078125 0.13020833333333334
0 0.6142578125 0.546875 0.08984375 0.13541666666666666
0 0.34619140625 0.826171875 0.0927734375 0.13671875
0 0.33544921875 0.4231770833333333 0.0966796875 0.140625
0 0.78857421875 0.541015625 0.0849609375 0.13411458333333334
0 0.5263671875 0.6829427083333334 0.08984375 0.13671875
0 0.33154296875 0.28125 0.0986328125 0.14322916666666666
0 0.7861328125 0.4108072916666667 0.083984375 0.13151041666666666
0 0.52978515625 0.81640625 0.0888671875 0.1328125
0 0.69970703125 0.412109375 0.0888671875 0.13151041666666666
0 0.65869140625 0.15950520833333334 0.0986328125 0.11328125
0 0.611328125 0.4127604166666667 0.08984375 0.1328125
0 0.52197265625 0.4173177083333333 0.0927734375 0.13671875
0 0.70263671875 0.673828125 0.0869140625 0.13151041666666666
0 0.4296875 0.41796875 0.09375 0.13802083333333334
0 0.7021484375 0.5436197916666666 0.0859375 0.13151041666666666
0 0.61865234375 0.8072916666666666 0.0869140625 0.1328125
0 0.615234375 0.6796875 0.087890625 0.1328125
0 0.51806640625 0.2799479166666667 0.0947265625 0.13802083333333334
0 0.52490234375 0.5501302083333334 0.0888671875 0.13671875
0 0.6943359375 0.2805989583333333 0.083984375 0.13151041666666666
0 0.759765625 0.16015625 0.1015625 0.11458333333333333
0 0.33984375 0.5579427083333334 0.09375 0.13671875
0 0.55615234375 0.15690104166666666 0.1005859375 0.11067708333333333
0 0.70654296875 0.8040364583333334 0.0869140625 0.13151041666666666
0 0.4326171875 0.5546875 0.091796875 0.13802083333333334