0 0.3984375 0.6295572916666666 0.1796875 0.10807291666666667
0 0.40234375 0.5305989583333334 0.173828125 0.10546875
0 0.392578125 0.7291666666666666 0.17578125 0.11458333333333333
0 0.2294921875 0.5240885416666666 0.166015625 0.11067708333333333
0 0.58203125 0.5377604166666666 0.1796875 0.11197916666666667
0 0.58984375 0.4375 0.1796875 0.11197916666666667
0 0.236328125 0.4303385416666667 0.1640625 0.10546875
0 0.59228515625 0.3385416666666667 0.1767578125 0.10416666666666667
0 0.21533203125 0.91015625 0.1689453125 0.11458333333333333
0 0.4140625 0.3352864583333333 0.171875 0.10286458333333333
0 0.24072265625 0.23763020833333334 0.1669921875 0.10026041666666667
0 0.57763671875 0.943359375 0.1826171875 0.11328125
0 0.40869140625 0.4322916666666667 0.1767578125 0.10416666666666667
0 0.5849609375 0.6380208333333334 0.1796875 0.11197916666666667
0 0.4140625 0.23502604166666666 0.171875 0.10286458333333333
0 0.58203125 0.7408854166666666 0.18359375 0.11458333333333333
0 0.24267578125 0.3359375 0.1591796875 0.1015625
0 0.22509765625 0.619140625 0.1689453125 0.11067708333333333
0 0.220703125 0.7161458333333334 0.169921875 0.11458333333333333
0 0.5732421875 0.8424479166666666 0.18359375 0.11197916666666667
0 0.21728515625 0.8125 0.1669921875 0.11197916666666667
0 0.59326171875 0.24088541666666666 0.1748046875 0.10416666666666667
0 0.38720703125 0.8268229166666666 0.1728515625 0.11458333333333333
0 0.3896484375 0.9283854166666666 0.177734375 0.1171875