0 0.3193359375 0.5859375 0.18359375 0.11197916666666667
0 0.31640625 0.8203125 0.1953125 0.12760416666666666
0 0.5107421875 0.822265625 0.19140625 0.13151041666666666
0 0.50146484375 0.5852864583333334 0.1787109375 0.11328125
0 0.68701171875 0.46875 0.1748046875 0.10677083333333333
0 0.70703125 0.818359375 0.197265625 0.13151041666666666
0 0.30224609375 0.69921875 0.1865234375 0.125
0 0.69677734375 0.6946614583333334 0.1943359375 0.12630208333333334
0 0.67431640625 0.279296875 0.1630859375 0.09505208333333333
0 0.6884765625 0.5787760416666666 0.185546875 0.12109375
0 0.49267578125 0.6985677083333334 0.1884765625 0.12369791666666667
0 0.46337890625 0.15625 0.0791015625 0.16927083333333334
0 0.32861328125 0.4811197916666667 0.1884765625 0.11067708333333333
0 0.50830078125 0.3763020833333333 0.1630859375 0.09895833333333333
0 0.6787109375 0.3723958333333333 0.169921875 0.09635416666666667
0 0.51220703125 0.4759114583333333 0.1708984375 0.11067708333333333
0 0.18701171875 0.53515625 0.1064453125 0.20833333333333334
0 0.20849609375 0.3411458333333333 0.0966796875 0.1796875
0 0.544921875 0.1484375 0.083984375 0.16927083333333334
0 0.16162109375 0.7604166666666666 0.1142578125 0.23958333333333334
0 0.5009765625 0.2864583333333333 0.16015625 0.09895833333333333
0 0.380615234375 0.15950520833333334 0.08642578125 0.17317708333333334
0 0.3359375 0.380859375 0.177734375 0.10026041666666667
0 0.3359375 0.2890625 0.16796875 0.09635416666666667
0 0.69775390625 0.15169270833333334 0.0908203125 0.16015625
0 0.6259765625 0.15169270833333334 0.08984375 0.16015625
0 0.3037109375 0.165703125 0.083330078125 0.16169270833333335
0 0.2294921875 0.17122395833333334 0.091142578125 0.16625