0 0.69677734375 0.7252604166666666 0.1630859375 0.09375
0 0.52490234375 0.3606770833333333 0.1689453125 0.1015625
0 0.701171875 0.3600260416666667 0.166015625 0.10286458333333333
0 0.52685546875 0.55078125 0.1650390625 0.09635416666666667
0 0.529296875 0.162109375 0.173828125 0.10546875
0 0.52685546875 0.4563802083333333 0.1669921875 0.09765625
0 0.52978515625 0.7311197916666666 0.1630859375 0.09244791666666667
0 0.53173828125 0.2623697916666667 0.1728515625 0.10546875
0 0.35693359375 0.5559895833333334 0.1669921875 0.09375
0 0.70263671875 0.16276041666666666 0.1669921875 0.10677083333333333
0 0.70166015625 0.4544270833333333 0.1669921875 0.1015625
0 0.3642578125 0.7350260416666666 0.1640625 0.08984375
0 0.7060546875 0.26171875 0.16796875 0.10677083333333333
0 0.35009765625 0.17252604166666666 0.1748046875 0.10286458333333333
0 0.3544921875 0.4635416666666667 0.169921875 0.09635416666666667
0 0.3447265625 0.06770833333333333 0.1796875 0.11197916666666667
0 0.5263671875 0.057942708333333336 0.173828125 0.11328125
0 0.7001953125 0.6373697916666666 0.1640625 0.09505208333333333
0 0.7001953125 0.055989583333333336 0.169921875 0.11197916666666667
0 0.35107421875 0.3684895833333333 0.1728515625 0.09895833333333333
0 0.35205078125 0.2734375 0.1767578125 0.1015625
0 0.52783203125 0.6419270833333334 0.1630859375 0.09375
0 0.697265625 0.5475260416666666 0.1640625 0.09765625
0 0.36083984375 0.6477864583333334 0.1669921875 0.09244791666666667