0 0.76220703125 0.673828125 0.1474609375 0.19401041666666666
0 0.60595703125 0.3255208333333333 0.1318359375 0.15885416666666666
0 0.47802734375 0.494140625 0.1376953125 0.18098958333333334
0 0.748046875 0.4928385416666667 0.140625 0.17317708333333334
0 0.2080078125 0.33203125 0.140625 0.1640625
0 0.62548828125 0.67578125 0.1474609375 0.19791666666666666
0 0.77880859375 0.875 0.1533203125 0.21354166666666666
0 0.33349609375 0.685546875 0.1474609375 0.20182291666666666
0 0.1845703125 0.693359375 0.158203125 0.20703125
0 0.634765625 0.8828125 0.154296875 0.22135416666666666
0 0.4814453125 0.6809895833333334 0.146484375 0.20052083333333334
0 0.728515625 0.3287760416666667 0.130859375 0.15755208333333334
0 0.33935546875 0.4973958333333333 0.1416015625 0.18229166666666666
0 0.48291015625 0.8880208333333334 0.1513671875 0.21875
0 0.47802734375 0.3255208333333333 0.1318359375 0.16145833333333334
0 0.61474609375 0.4921875 0.1396484375 0.17447916666666666
0 0.32763671875 0.8912760416666666 0.1572265625 0.21484375
0 0.3505859375 0.17643229166666666 0.126953125 0.14192708333333334
0 0.34619140625 0.3268229166666667 0.1357421875 0.1640625
0 0.59716796875 0.17643229166666666 0.1259765625 0.14192708333333334
0 0.22216796875 0.1796875 0.1298828125 0.14583333333333334
0 0.47509765625 0.17838541666666666 0.1240234375 0.140625
0 0.71435546875 0.1796875 0.1279296875 0.14322916666666666
0 0.19775390625 0.5045572916666666 0.1455078125 0.18359375
0 0.1689453125 0.89453125 0.16796875 0.20833333333333334