0 0.4912109375 0.7122395833333334 0.095703125 0.13802083333333334
0 0.7705078125 0.421875 0.091796875 0.140625
0 0.4951171875 0.8450520833333334 0.09375 0.1328125
0 0.29296875 0.4388020833333333 0.099609375 0.14322916666666666
0 0.681640625 0.837890625 0.091796875 0.13671875
0 0.58740234375 0.8424479166666666 0.0927734375 0.13541666666666666
0 0.39892578125 0.853515625 0.0966796875 0.13671875
0 0.58544921875 0.568359375 0.0966796875 0.14453125
0 0.28857421875 0.2936197916666667 0.1025390625 0.14453125
0 0.39599609375 0.7174479166666666 0.0966796875 0.13802083333333334
0 0.48486328125 0.2884114583333333 0.0986328125 0.14192708333333334
0 0.39013671875 0.4368489583333333 0.0986328125 0.14453125
0 0.7734375 0.69921875 0.091796875 0.13802083333333334
0 0.5830078125 0.4264322916666667 0.095703125 0.14192708333333334
0 0.48974609375 0.5729166666666666 0.0966796875 0.140625
0 0.3046875 0.162109375 0.109375 0.11848958333333333
0 0.30517578125 0.8561197916666666 0.0986328125 0.13671875
0 0.5810546875 0.2858072916666667 0.099609375 0.14453125
0 0.41552734375 0.162109375 0.1064453125 0.11848958333333333
0 0.7587890625 0.14973958333333334 0.099609375 0.125
0 0.30029296875 0.7194010416666666 0.0947265625 0.13932291666666666
0 0.38720703125 0.29296875 0.0986328125 0.14322916666666666
0 0.39306640625 0.5787760416666666 0.0966796875 0.14192708333333334
0 0.6767578125 0.28515625 0.091796875 0.14322916666666666
0 0.6787109375 0.5638020833333334 0.091796875 0.140625
0 0.6455078125 0.150390625 0.123046875 0.12630208333333334
0 0.76806640625 0.2819010416666667 0.0927734375 0.13932291666666666
0 0.7734375 0.8346354166666666 0.08984375 0.13541666666666666
0 0.48681640625 0.4309895833333333 0.0966796875 0.14322916666666666
0 0.296875 0.5813802083333334 0.099609375 0.13932291666666666
0 0.67724609375 0.4251302083333333 0.0927734375 0.13932291666666666
0 0.77099609375 0.5618489583333334 0.0927734375 0.13932291666666666
0 0.529296875 0.15364583333333334 0.11328125 0.12760416666666666
0 0.58642578125 0.7057291666666666 0.0947265625 0.13802083333333334
0 0.68017578125 0.7018229166666666 0.0927734375 0.13802083333333334