0 0.31298828125 0.6490885416666666 0.1220703125 0.23046875
0 0.42919921875 0.4290364583333333 0.1083984375 0.19661458333333334
0 0.56005859375 0.8723958333333334 0.1298828125 0.2526041666666667
0 0.4326171875 0.638671875 0.1171875 0.22786458333333334
0 0.6796875 0.8678385416666666 0.1328125 0.2565104166666667
0 0.73681640625 0.423828125 0.1162109375 0.18359375
0 0.18212890625 0.8828125 0.1357421875 0.22916666666666666
0 0.5361328125 0.42578125 0.111328125 0.19270833333333334
0 0.70849609375 0.24934895833333334 0.1142578125 0.16276041666666666
0 0.3173828125 0.435546875 0.115234375 0.19661458333333334
0 0.2080078125 0.4368489583333333 0.123046875 0.19921875
0 0.546875 0.6354166666666666 0.123046875 0.2265625
0 0.251953125 0.28515625 0.1640625 0.11197916666666667
0 0.4111328125 0.169921875 0.1484375 0.11067708333333333
0 0.41357421875 0.2786458333333333 0.1591796875 0.11979166666666667
0 0.2568359375 0.1796875 0.154296875 0.10677083333333333
0 0.794921875 0.86328125 0.134765625 0.2578125
0 0.6396484375 0.423828125 0.119140625 0.19401041666666666
0 0.30810546875 0.87890625 0.1279296875 0.23958333333333334
0 0.6572265625 0.6302083333333334 0.126953125 0.21875
0 0.43603515625 0.875 0.1279296875 0.25
0 0.1943359375 0.654296875 0.126953125 0.23567708333333334
0 0.57763671875 0.17643229166666666 0.1572265625 0.10546875
0 0.76513671875 0.6256510416666666 0.1298828125 0.21744791666666666
0 0.5830078125 0.279296875 0.158203125 0.10546875