0 0.228515625 0.4388020833333333 0.12890625 0.15885416666666666
0 0.5751953125 0.7428385416666666 0.10546875 0.14973958333333334
0 0.35791015625 0.4427083333333333 0.1142578125 0.15625
0 0.3505859375 0.5983072916666666 0.1171875 0.15494791666666666
0 0.3564453125 0.2877604166666667 0.1171875 0.15625
0 0.47412109375 0.4446614583333333 0.1103515625 0.14973958333333334
0 0.4736328125 0.294921875 0.111328125 0.15234375
0 0.46435546875 0.7486979166666666 0.1103515625 0.15625
0 0.578125 0.59375 0.10546875 0.1484375
0 0.6787109375 0.7376302083333334 0.09765625 0.14453125
0 0.68408203125 0.44921875 0.0986328125 0.14322916666666666
0 0.466796875 0.5950520833333334 0.11328125 0.15104166666666666
0 0.68505859375 0.3098958333333333 0.0986328125 0.14583333333333334
0 0.22265625 0.7610677083333334 0.125 0.16796875
0 0.58203125 0.447265625 0.103515625 0.14713541666666666
0 0.34716796875 0.7545572916666666 0.1181640625 0.16015625
0 0.22509765625 0.5989583333333334 0.1259765625 0.16145833333333334
0 0.68505859375 0.17317708333333334 0.0986328125 0.140625
0 0.58349609375 0.162109375 0.1064453125 0.14453125
0 0.3671875 0.13736979166666666 0.11328125 0.15494791666666666
0 0.58349609375 0.30078125 0.1044921875 0.14583333333333334
0 0.6826171875 0.5930989583333334 0.099609375 0.14453125
0 0.23193359375 0.2819010416666667 0.1259765625 0.15755208333333334
0 0.47802734375 0.15104166666666666 0.1103515625 0.14583333333333334
0 0.248046875 0.12890625 0.12109375 0.15885416666666666