0 0.33447265625 0.8951822916666666 0.1181640625 0.15234375
0 0.33349609375 0.7447916666666666 0.1181640625 0.15364583333333334
0 0.2138671875 0.744140625 0.119140625 0.15494791666666666
0 0.205078125 0.2688802083333333 0.123046875 0.16276041666666666
0 0.3330078125 0.5891927083333334 0.119140625 0.15755208333333334
0 0.451171875 0.7434895833333334 0.115234375 0.15104166666666666
0 0.44677734375 0.4348958333333333 0.1181640625 0.15885416666666666
0 0.44970703125 0.8932291666666666 0.1123046875 0.15104166666666666
0 0.56640625 0.7421875 0.115234375 0.15104166666666666
0 0.451171875 0.5891927083333334 0.115234375 0.15494791666666666
0 0.2109375 0.587890625 0.123046875 0.15755208333333334
0 0.68310546875 0.5924479166666666 0.1142578125 0.15104166666666666
0 0.56884765625 0.5911458333333334 0.1162109375 0.15364583333333334
0 0.791015625 0.7428385416666666 0.1171875 0.14973958333333334
0 0.326171875 0.2721354166666667 0.12109375 0.16145833333333334
0 0.2119140625 0.8984375 0.119140625 0.15104166666666666
0 0.6796875 0.7421875 0.111328125 0.1484375
0 0.78759765625 0.8893229166666666 0.1123046875 0.14322916666666666
0 0.6845703125 0.4381510416666667 0.1171875 0.15494791666666666
0 0.7978515625 0.5930989583333334 0.115234375 0.15494791666666666
0 0.56884765625 0.4368489583333333 0.1162109375 0.15494791666666666
0 0.322265625 0.11002604166666667 0.119140625 0.16536458333333334
0 0.56201171875 0.8912760416666666 0.1123046875 0.14713541666666666
0 0.80615234375 0.123046875 0.1181640625 0.16276041666666666
0 0.560546875 0.11653645833333333 0.1171875 0.16536458333333334
0 0.6767578125 0.8880208333333334 0.11328125 0.1484375
0 0.56884765625 0.2786458333333333 0.1181640625 0.16145833333333334
0 0.4462890625 0.2734375 0.119140625 0.16145833333333334
0 0.68359375 0.123046875 0.125 0.16536458333333334
0 0.32763671875 0.431640625 0.1181640625 0.15755208333333334
0 0.4423828125 0.11067708333333333 0.12109375 0.1640625
0 0.8017578125 0.4375 0.119140625 0.15625
0 0.6875 0.2819010416666667 0.1171875 0.15755208333333334
0 0.8046875 0.2819010416666667 0.115234375 0.15755208333333334
0 0.20263671875 0.10481770833333333 0.1240234375 0.16796875
0 0.20751953125 0.4309895833333333 0.1220703125 0.16145833333333334