0 0.25634765625 0.7864583333333334 0.2255859375 0.13020833333333334
0 0.2880859375 0.3033854166666667 0.177734375 0.0859375
0 0.28759765625 0.22526041666666666 0.1689453125 0.07552083333333333
0 0.4638671875 0.2936197916666667 0.171875 0.08723958333333333
0 0.4638671875 0.6614583333333334 0.201171875 0.1171875
0 0.666015625 0.55078125 0.193359375 0.10677083333333333
0 0.2626953125 0.5677083333333334 0.205078125 0.10677083333333333
0 0.2763671875 0.3828125 0.19140625 0.08854166666666667
0 0.47802734375 0.76953125 0.2119140625 0.13020833333333334
0 0.66015625 0.4602864583333333 0.181640625 0.09505208333333333
0 0.279296875 0.4694010416666667 0.1953125 0.09765625
0 0.4765625 0.462890625 0.185546875 0.09765625
0 0.6318359375 0.2975260416666667 0.169921875 0.08203125
0 0.46142578125 0.20572916666666666 0.1689453125 0.09375
0 0.46923828125 0.3782552083333333 0.1806640625 0.08723958333333333
0 0.69384765625 0.8658854166666666 0.2138671875 0.11979166666666667
0 0.466796875 0.5572916666666666 0.193359375 0.10677083333333333
0 0.689453125 0.7578125 0.205078125 0.125
0 0.25634765625 0.673828125 0.2080078125 0.11848958333333333
0 0.24853515625 0.8990885416666666 0.2275390625 0.11848958333333333
0 0.47509765625 0.8821614583333334 0.2158203125 0.11848958333333333
0 0.64892578125 0.3763020833333333 0.1806640625 0.08854166666666667
0 0.67431640625 0.6536458333333334 0.2001953125 0.11458333333333333
0 0.623046875 0.22330729166666666 0.158203125 0.07682291666666667