0 0.642578125 0.18815104166666666 0.0625 0.061197916666666664
0 0.3642578125 0.3177083333333333 0.05859375 0.08072916666666667
0 0.791015625 0.6953125 0.072265625 0.078125
0 0.71728515625 0.6204427083333334 0.0712890625 0.07682291666666667
0 0.4091796875 0.7682291666666666 0.0625 0.09375
0 0.41552734375 0.4856770833333333 0.0576171875 0.0859375
0 0.5888671875 0.4036458333333333 0.056640625 0.08072916666666667
0 0.357421875 0.4850260416666667 0.05859375 0.08723958333333333
0 0.77392578125 0.4759114583333333 0.0693359375 0.07421875
0 0.41845703125 0.3990885416666667 0.0576171875 0.08203125
0 0.51513671875 0.1796875 0.0615234375 0.057291666666666664
0 0.5322265625 0.4869791666666667 0.056640625 0.08854166666666667
0 0.654296875 0.671875 0.060546875 0.09375
0 0.5947265625 0.576171875 0.05859375 0.08984375
0 0.3046875 0.3951822916666667 0.060546875 0.08463541666666667
0 0.58935546875 0.4869791666666667 0.0576171875 0.08854166666666667
0 0.77978515625 0.548828125 0.0673828125 0.06901041666666667
0 0.36865234375 0.2421875 0.0556640625 0.0703125
0 0.55615234375 0.125 0.0673828125 0.057291666666666664
0 0.4521484375 0.1796875 0.0625 0.059895833333333336
0 0.701171875 0.21809895833333334 0.052734375 0.07421875
0 0.71240234375 0.5475260416666666 0.0693359375 0.07161458333333333
0 0.62548828125 0.13020833333333334 0.0634765625 0.057291666666666664
0 0.47509765625 0.5755208333333334 0.0595703125 0.09114583333333333
0 0.70263671875 0.4069010416666667 0.0654296875 0.06901041666666667
0 0.5341796875 0.671875 0.0625 0.09375
0 0.42138671875 0.3190104166666667 0.0556640625 0.07552083333333333
0 0.53515625 0.5787760416666666 0.060546875 0.09244791666666667
0 0.4765625 0.12239583333333333 0.064453125 0.057291666666666664
0 0.7197265625 0.697265625 0.072265625 0.07421875
0 0.34033203125 0.123046875 0.0732421875 0.053385416666666664
0 0.59423828125 0.669921875 0.0615234375 0.09505208333333333
0 0.41259765625 0.123046875 0.0634765625 0.055989583333333336
0 0.7080078125 0.4759114583333333 0.068359375 0.07161458333333333
0 0.58056640625 0.181640625 0.0634765625 0.055989583333333336
0 0.47705078125 0.244140625 0.0517578125 0.07161458333333333
0 0.31494140625 0.24153645833333334 0.0556640625 0.07421875
0 0.5322265625 0.4010416666666667 0.056640625 0.0859375
0 0.64306640625 0.404296875 0.0556640625 0.07682291666666667
0 0.64599609375 0.4869791666666667 0.0576171875 0.08854166666666667
0 0.4228515625 0.244140625 0.052734375 0.07161458333333333
0 0.4716796875 0.6692708333333334 0.0625 0.09635416666666667
0 0.7548828125 0.28515625 0.060546875 0.059895833333333336
0 0.298828125 0.4817708333333333 0.060546875 0.08854166666666667
0 0.79638671875 0.7727864583333334 0.0732421875 0.07421875
0 0.7451171875 0.15169270833333334 0.046875 0.06640625
0 0.310546875 0.3170572916666667 0.056640625 0.07682291666666667
0 0.69384765625 0.14453125 0.0576171875 0.07552083333333333
0 0.6943359375 0.2819010416666667 0.064453125 0.061197916666666664
0 0.34716796875 0.767578125 0.0634765625 0.09244791666666667
0 0.5322265625 0.3203125 0.056640625 0.078125
0 0.5859375 0.3248697916666667 0.052734375 0.07682291666666667
0 0.4736328125 0.4856770833333333 0.05859375 0.08854166666666667
0 0.4716796875 0.767578125 0.0625 0.09505208333333333
0 0.47509765625 0.3990885416666667 0.0556640625 0.08203125
0 0.78515625 0.6197916666666666 0.0703125 0.07552083333333333
0 0.2939453125 0.57421875 0.0625 0.09375
0 0.76220703125 0.3450520833333333 0.0673828125 0.06770833333333333
0 0.53076171875 0.24479166666666666 0.0556640625 0.07291666666666667
0 0.47509765625 0.3190104166666667 0.0537109375 0.07552083333333333
0 0.76806640625 0.41015625 0.0673828125 0.06510416666666667
0 0.697265625 0.3430989583333333 0.064453125 0.06901041666666667
0 0.75146484375 0.21875 0.0517578125 0.0703125
0 0.634765625 0.25 0.052734375 0.07552083333333333
0 0.39013671875 0.17903645833333334 0.0615234375 0.05859375
0 0.63818359375 0.3255208333333333 0.0517578125 0.078125
0 0.28759765625 0.669921875 0.0595703125 0.09505208333333333
0 0.65185546875 0.5794270833333334 0.0576171875 0.09114583333333333
0 0.28466796875 0.767578125 0.0615234375 0.09244791666666667
0 0.40966796875 0.6725260416666666 0.0634765625 0.09765625
0 0.32763671875 0.17643229166666666 0.0634765625 0.055989583333333336
0 0.361328125 0.3990885416666667 0.05859375 0.08203125
0 0.353515625 0.5748697916666666 0.0625 0.09244791666666667
0 0.58154296875 0.24739583333333334 0.0556640625 0.07552083333333333
0 0.65673828125 0.767578125 0.0634765625 0.09505208333333333
0 0.34912109375 0.671875 0.0634765625 0.09895833333333333
0 0.5947265625 0.7669270833333334 0.0625 0.09635416666666667
0 0.72509765625 0.7721354166666666 0.0751953125 0.08072916666666667
0 0.415556640625 0.5749088541666666 0.060283203125 0.09391927083333333
0 0.533525390625 0.7687630208333333 0.061845703125 0.10141927083333334