0 0.7138671875 0.357421875 0.107421875 0.13411458333333334
0 0.2705078125 0.7825520833333334 0.12890625 0.140625
0 0.4951171875 0.3561197916666667 0.11328125 0.13151041666666666
0 0.4921875 0.4947916666666667 0.111328125 0.14583333333333334
0 0.14404296875 0.79296875 0.1240234375 0.14322916666666666
0 0.265625 0.650390625 0.1171875 0.13671875
0 0.39306640625 0.76953125 0.1162109375 0.14322916666666666
0 0.15673828125 0.3938802083333333 0.1220703125 0.13671875
0 0.15234375 0.5260416666666666 0.1171875 0.13020833333333334
0 0.26904296875 0.5227864583333334 0.1142578125 0.12630208333333334
0 0.14892578125 0.6569010416666666 0.1201171875 0.13671875
0 0.38232421875 0.5032552083333334 0.1103515625 0.14973958333333334
0 0.3828125 0.6393229166666666 0.111328125 0.13541666666666666
0 0.49267578125 0.23177083333333334 0.1083984375 0.12239583333333333
0 0.611328125 0.361328125 0.1171875 0.13151041666666666
0 0.62890625 0.7486979166666666 0.1171875 0.13802083333333334
0 0.26806640625 0.2513020833333333 0.1064453125 0.1328125
0 0.72216796875 0.4915364583333333 0.1220703125 0.13411458333333334
0 0.49609375 0.6315104166666666 0.111328125 0.13020833333333334
0 0.5126953125 0.759765625 0.119140625 0.13932291666666666
0 0.609375 0.623046875 0.11328125 0.12890625
0 0.38134765625 0.22591145833333334 0.1103515625 0.12369791666666667
0 0.271484375 0.38671875 0.11328125 0.14322916666666666
0 0.720703125 0.6165364583333334 0.111328125 0.12369791666666667
0 0.6064453125 0.4947916666666667 0.1171875 0.13541666666666666
0 0.6962890625 0.22981770833333334 0.10546875 0.12630208333333334
0 0.60009765625 0.236328125 0.1083984375 0.12630208333333334
0 0.7392578125 0.7376302083333334 0.11328125 0.13151041666666666
0 0.3828125 0.3567708333333333 0.109375 0.140625
0 0.15966796875 0.259765625 0.1181640625 0.13411458333333334