0 0.28173828125 0.6692708333333334 0.1240234375 0.1640625
0 0.4013671875 0.6731770833333334 0.12109375 0.1640625
0 0.142578125 0.8470052083333334 0.138671875 0.18098958333333334
0 0.275390625 0.8430989583333334 0.138671875 0.18098958333333334
0 0.6708984375 0.8287760416666666 0.1328125 0.16536458333333334
0 0.173828125 0.5221354166666666 0.125 0.1484375
0 0.53076171875 0.5240885416666666 0.1201171875 0.14453125
0 0.5263671875 0.6692708333333334 0.126953125 0.16145833333333334
0 0.41162109375 0.517578125 0.1142578125 0.14973958333333334
0 0.64892578125 0.3763020833333333 0.1220703125 0.15364583333333334
0 0.408203125 0.8372395833333334 0.123046875 0.17447916666666666
0 0.76806640625 0.5221354166666666 0.1240234375 0.14322916666666666
0 0.2939453125 0.5143229166666666 0.119140625 0.15104166666666666
0 0.6552734375 0.673828125 0.126953125 0.15234375
0 0.41259765625 0.3639322916666667 0.1162109375 0.15494791666666666
0 0.54052734375 0.83203125 0.1396484375 0.17447916666666666
0 0.7822265625 0.6673177083333334 0.1328125 0.15234375
0 0.296875 0.36328125 0.119140625 0.15364583333333334
0 0.65185546875 0.5260416666666666 0.1220703125 0.14322916666666666
0 0.7568359375 0.3873697916666667 0.115234375 0.13151041666666666
0 0.31982421875 0.21744791666666666 0.1162109375 0.13802083333333334
0 0.4677734375 0.232421875 0.123046875 0.12369791666666667
0 0.61181640625 0.236328125 0.1220703125 0.13151041666666666
0 0.72509765625 0.244140625 0.1201171875 0.14192708333333334
0 0.2001953125 0.22200520833333334 0.119140625 0.14453125
0 0.15966796875 0.67578125 0.1298828125 0.1640625
0 0.5322265625 0.375 0.1171875 0.15625
0 0.79638671875 0.822265625 0.1298828125 0.1653515625
0 0.181396484375 0.3784375 0.12060546875 0.13772135416666667