0 0.8067129629629629 0.6475694444444444 0.21238425925925927 0.16087962962962962
0 0.4849537037037037 0.4001736111111111 0.14756944444444445 0.15625
0 0.6215277777777778 0.4097222222222222 0.1440972222222222 0.1527777777777778
0 0.29441550925925924 0.7449363425925926 0.18547453703703703 0.2097800925925926
0 0.4542824074074074 0.7552083333333334 0.17418981481481483 0.21296296296296297
0 0.4720775462962963 0.5645254629629629 0.1605902777777778 0.18229166666666666
0 0.3492476851851852 0.39091435185185186 0.15046296296296297 0.15856481481481483
0 0.6158854166666666 0.7675057870370371 0.1657986111111111 0.2144097222222222
0 0.62109375 0.5730613425925926 0.15538194444444445 0.18778935185185186
0 0.6372974537037037 0.26591435185185186 0.13744212962962962 0.14988425925925927
0 0.7983217592592593 0.5033275462962963 0.19618055555555555 0.1362847222222222
0 0.7848668981481481 0.1652199074074074 0.12760416666666666 0.10706018518518519
0 0.5044849537037037 0.26171875 0.13744212962962962 0.14380787037037038
0 0.8064236111111112 0.8055555555555556 0.21354166666666666 0.17592592592592593
0 0.7903645833333334 0.3794849537037037 0.19068287037037038 0.1189236111111111
0 0.6500289351851852 0.13599537037037038 0.12876157407407407 0.1394675925925926
0 0.7881944444444444 0.27025462962962965 0.16724537037037038 0.1099537037037037
0 0.12268518518518519 0.7430555555555556 0.21064814814814814 0.19386574074074073
0 0.22569444444444445 0.2894965277777778 0.16435185185185186 0.1316550925925926
0 0.4011863425925926 0.13512731481481483 0.12355324074074074 0.10474537037037036
0 0.5180844907407407 0.1316550925925926 0.13049768518518517 0.1244212962962963
0 0.3250868055555556 0.5542534722222222 0.16869212962962962 0.18547453703703703
0 0.19169560185185186 0.42158564814814814 0.18489583333333334 0.14930555555555555
0 0.25882523148148145 0.1740451388888889 0.1675347222222222 0.12123842592592593
0 0.3728298611111111 0.252505787037037 0.1478587962962963 0.14274305555555555
0 0.16280960648148146 0.5707696759259259 0.1992679398148148 0.17394965277777777