0 0.39314829192546585 0.4808488612836439 0.11354813664596274 0.18426501035196688
0 0.265430900621118 0.8733178053830227 0.13761645962732919 0.22489648033126294
0 0.6083074534161491 0.8687888198757764 0.10520186335403726 0.19616977225672877
0 0.1626552795031056 0.447851966873706 0.14091614906832298 0.20263975155279504
0 0.8097826086956522 0.8861283643892339 0.11451863354037267 0.13509316770186336
0 0.18051242236024845 0.2736801242236025 0.13159937888198758 0.17986542443064182
0 0.389945652173913 0.6651138716356108 0.11645962732919254 0.19668737060041408
0 0.12558229813664595 0.8742236024844721 0.15722049689440995 0.2365424430641822
0 0.29483695652173914 0.29516045548654246 0.12228260869565218 0.17624223602484473
0 0.1465450310559006 0.6489389233954451 0.14673913043478262 0.21765010351966874
0 0.28125 0.46622670807453415 0.125 0.19073498964803312
0 0.8014363354037267 0.755564182194617 0.12305900621118013 0.1281055900621118
0 0.19448757763975155 0.11218944099378882 0.12189440993788819 0.18400621118012422
0 0.7067158385093167 0.8663302277432712 0.09588509316770186 0.18659420289855072
0 0.4962150621118012 0.6728778467908902 0.10461956521739131 0.18892339544513456
0 0.30056288819875776 0.13664596273291926 0.11510093167701864 0.17701863354037267
0 0.2734860248447205 0.6579968944099379 0.13548136645962733 0.20833333333333334
0 0.5820069875776398 0.2122153209109731 0.0921972049689441 0.15372670807453417
0 0.6752717391304348 0.229296066252588 0.09277950310559006 0.14026915113871635
0 0.5964673913043478 0.6790890269151139 0.0986024844720497 0.18012422360248448
0 0.7694099378881988 0.3061594202898551 0.09743788819875776 0.10766045548654245
0 0.4982531055900621 0.4965062111801242 0.10131987577639752 0.1752070393374741
0 0.39712732919254656 0.3139233954451346 0.10364906832298136 0.16977225672877846
0 0.5945263975155279 0.3564958592132505 0.10559006211180125 0.1524327122153209
0 0.7935753105590062 0.5164337474120083 0.10656055900621118 0.1224120082815735
0 0.6977872670807453 0.5192805383022774 0.09239130434782608 0.1627846790890269
0 0.6885675465838509 0.3686594202898551 0.09336180124223603 0.15605590062111802
0 0.6910908385093167 0.6842650103519669 0.09142080745341614 0.17236024844720496
0 0.48951863354037267 0.18555900621118013 0.09316770186335403 0.15424430641821946
0 0.6011257763975155 0.5086697722567288 0.11180124223602485 0.17158385093167702
0 0.39877717391304346 0.1579968944099379 0.10073757763975155 0.15916149068322982
0 0.7589285714285714 0.20522774327122154 0.09588509316770186 0.11180124223602485
0 0.49446816770186336 0.33398033126293997 0.09802018633540373 0.16744306418219462
0 0.39149844720496896 0.8718944099378882 0.12383540372670808 0.21480331262939958
0 0.7996894409937888 0.6306935817805382 0.11180124223602485 0.12525879917184266
0 0.5043866459627329 0.8704632505175983 0.10427018633540373 0.20842132505175984
0 0.7813664596273292 0.4112991718426501 0.10077639751552796 0.11969979296066252
0 0.4542895962732919 0.061762422360248447 0.12635869565217392 0.12326863354037267