0 0.4130859375 0.57421875 0.125 0.14322916666666666
0 0.78369140625 0.6940104166666666 0.1181640625 0.1484375
0 0.66552734375 0.705078125 0.1220703125 0.14453125
0 0.416015625 0.71875 0.126953125 0.1484375
0 0.54296875 0.716796875 0.125 0.14453125
0 0.53857421875 0.5735677083333334 0.1279296875 0.14453125
0 0.41015625 0.4309895833333333 0.126953125 0.14322916666666666
0 0.66845703125 0.8470052083333334 0.1201171875 0.14453125
0 0.7705078125 0.400390625 0.119140625 0.13932291666666666
0 0.5439453125 0.85546875 0.125 0.13802083333333334
0 0.41845703125 0.861328125 0.1240234375 0.14453125
0 0.5185546875 0.2727864583333333 0.111328125 0.17317708333333334
0 0.7822265625 0.5442708333333334 0.1015625 0.1640625
0 0.7646484375 0.2630208333333333 0.11328125 0.140625
0 0.66845703125 0.5638020833333334 0.1240234375 0.14583333333333334
0 0.64599609375 0.2610677083333333 0.1259765625 0.14453125
0 0.53857421875 0.4309895833333333 0.1279296875 0.14322916666666666
0 0.654296875 0.4134114583333333 0.115234375 0.16536458333333334
0 0.7880859375 0.8359375 0.119140625 0.14583333333333334
0 0.4013671875 0.279296875 0.109375 0.16536458333333334