0 0.7042895962732919 0.6845238095238095 0.09258540372670808 0.10766045548654245
0 0.44312888198757766 0.7783385093167702 0.07996894409937888 0.1125776397515528
0 0.7013781055900621 0.7899844720496895 0.0921972049689441 0.10377846790890269
0 0.36354813664596275 0.7749741200828157 0.07996894409937888 0.1110248447204969
0 0.5238742236024845 0.7804089026915114 0.08190993788819875 0.1130952380952381
0 0.6125776397515528 0.5754399585921325 0.09239130434782608 0.1110248447204969
0 0.2864906832298137 0.7717391304347826 0.07569875776397515 0.10869565217391304
0 0.5227096273291926 0.6717132505175983 0.09045031055900621 0.1084368530020704
0 0.2794060559006211 0.5505952380952381 0.07783385093167702 0.11361283643892339
0 0.6106366459627329 0.7879140786749482 0.09122670807453416 0.10326086956521739
0 0.27212732919254656 0.1997929606625259 0.08229813664596274 0.12267080745341614
0 0.6124805900621118 0.35261387163561075 0.09336180124223603 0.11413043478260869
0 0.6118982919254659 0.11891821946169773 0.0875388198757764 0.1286231884057971
0 0.43711180124223603 0.5515010351966874 0.08152173913043478 0.11697722567287784
0 0.7049689440993789 0.5744047619047619 0.09355590062111802 0.1110248447204969
0 0.6109277950310559 0.46467391304347827 0.0921972049689441 0.11206004140786749
0 0.6116071428571429 0.23887163561076605 0.09472049689440994 0.11749482401656315
0 0.35704580745341613 0.5504658385093167 0.0813276397515528 0.11542443064182195
0 0.7052600931677019 0.23369565217391305 0.0953027950310559 0.11853002070393374
0 0.7041925465838509 0.4626035196687371 0.09549689440993789 0.1125776397515528
0 0.5211568322981367 0.453804347826087 0.09045031055900621 0.10998964803312629
0 0.5193128881987578 0.2308488612836439 0.09180900621118013 0.11645962732919254
0 0.3555900621118012 0.43426501035196685 0.08074534161490683 0.11749482401656315
0 0.7053571428571429 0.34950828157349895 0.09433229813664597 0.11413043478260869
0 0.437597049689441 0.665243271221532 0.0813276397515528 0.11361283643892339
0 0.5212538819875776 0.10960144927536232 0.09607919254658386 0.1306935817805383
0 0.2750388198757764 0.31948757763975155 0.07958074534161491 0.1193064182194617
0 0.3517080745341615 0.1968167701863354 0.08190993788819875 0.12189440993788819
0 0.4359472049689441 0.43361801242236025 0.08190993788819875 0.1193064182194617
0 0.5211568322981367 0.3434265010351967 0.09161490683229814 0.11438923395445134
0 0.5221273291925466 0.5635351966873706 0.09006211180124224 0.10998964803312629
0 0.28231754658385094 0.6627846790890269 0.07783385093167702 0.11076604554865424
0 0.4322593167701863 0.193064182194617 0.0826863354037267 0.12370600414078675
0 0.35879270186335405 0.6643374741200828 0.07938664596273291 0.11335403726708075
0 0.70409549689441 0.11658902691511387 0.09685559006211181 0.12189440993788819
0 0.35374611801242234 0.3162525879917184 0.08093944099378882 0.11956521739130435
0 0.4342003105590062 0.3136645962732919 0.08346273291925466 0.12215320910973085
0 0.6131599378881988 0.6838768115942029 0.09083850931677019 0.10740165631469979
0 0.2776591614906832 0.4363354037267081 0.07899844720496894 0.11490683229813664