0 0.66845703125 0.1328125 0.1005859375 0.12239583333333333
0 0.4814453125 0.28125 0.08984375 0.13802083333333334
0 0.30810546875 0.5579427083333334 0.0908203125 0.13411458333333334
0 0.654296875 0.255859375 0.0859375 0.12630208333333334
0 0.3935546875 0.4192708333333333 0.087890625 0.1328125
0 0.5693359375 0.4186197916666667 0.0859375 0.13671875
0 0.30517578125 0.287109375 0.0927734375 0.13671875
0 0.48291015625 0.142578125 0.0888671875 0.13932291666666666
0 0.30615234375 0.423828125 0.0888671875 0.13671875
0 0.4814453125 0.41796875 0.087890625 0.1328125
0 0.65771484375 0.8170572916666666 0.0966796875 0.10286458333333333
0 0.3134765625 0.6881510416666666 0.087890625 0.13151041666666666
0 0.76220703125 0.5950520833333334 0.0986328125 0.11197916666666667
0 0.7626953125 0.486328125 0.099609375 0.11328125
0 0.3046875 0.14713541666666666 0.091796875 0.140625
0 0.66259765625 0.3756510416666667 0.1005859375 0.11588541666666667
0 0.484375 0.8118489583333334 0.0859375 0.12630208333333334
0 0.572265625 0.14388020833333334 0.08984375 0.14192708333333334
0 0.75927734375 0.7044270833333334 0.0966796875 0.11197916666666667
0 0.39599609375 0.5546875 0.0888671875 0.1328125
0 0.484375 0.5533854166666666 0.0859375 0.1328125
0 0.484375 0.6848958333333334 0.0859375 0.13020833333333334
0 0.3984375 0.6861979166666666 0.087890625 0.13020833333333334
0 0.40087890625 0.8118489583333334 0.0849609375 0.12369791666666667
0 0.7626953125 0.3743489583333333 0.099609375 0.11848958333333333
0 0.39404296875 0.14778645833333334 0.0888671875 0.13932291666666666
0 0.6630859375 0.6002604166666666 0.099609375 0.11197916666666667
0 0.77099609375 0.13020833333333334 0.1044921875 0.14322916666666666
0 0.662109375 0.7109375 0.099609375 0.109375
0 0.75390625 0.2610677083333333 0.109375 0.11848958333333333
0 0.5712890625 0.5540364583333334 0.087890625 0.13411458333333334
0 0.5693359375 0.28125 0.087890625 0.13802083333333334
0 0.3935546875 0.2858072916666667 0.087890625 0.13411458333333334
0 0.75439453125 0.810546875 0.0966796875 0.11067708333333333
0 0.5693359375 0.6861979166666666 0.0859375 0.1328125
0 0.31689453125 0.8118489583333334 0.0849609375 0.11848958333333333
0 0.66259765625 0.4889322916666667 0.1005859375 0.11328125
0 0.5693359375 0.8118489583333334 0.083984375 0.12630208333333334