0 0.4560546875 0.73046875 0.107421875 0.11197916666666667
0 0.56640625 0.107421875 0.11328125 0.12369791666666667
0 0.5693359375 0.3743489583333333 0.115234375 0.12369791666666667
0 0.6767578125 0.6256510416666666 0.115234375 0.11848958333333333
0 0.69677734375 0.23893229166666666 0.0908203125 0.14973958333333334
0 0.48388671875 0.486328125 0.1123046875 0.11848958333333333
0 0.68408203125 0.3743489583333333 0.1123046875 0.11848958333333333
0 0.5947265625 0.4934895833333333 0.11328125 0.11979166666666667
0 0.57861328125 0.61328125 0.0927734375 0.140625
0 0.607421875 0.2421875 0.08984375 0.14583333333333334
0 0.68310546875 0.10546875 0.1123046875 0.125
0 0.67431640625 0.7376302083333334 0.1083984375 0.11328125
0 0.56591796875 0.7356770833333334 0.1083984375 0.109375
0 0.28515625 0.228515625 0.109375 0.12369791666666667
0 0.39306640625 0.6048177083333334 0.1083984375 0.11848958333333333
0 0.50439453125 0.236328125 0.1162109375 0.13151041666666666
0 0.36181640625 0.7161458333333334 0.0830078125 0.1328125
0 0.490234375 0.611328125 0.087890625 0.13932291666666666
0 0.4697265625 0.3600260416666667 0.091796875 0.13932291666666666
0 0.27978515625 0.0963671875 0.0888671875 0.14842447916666665
0 0.2880859375 0.5930989583333334 0.10546875 0.11328125
0 0.45849609375 0.09375 0.0927734375 0.15625
0 0.37353515625 0.48828125 0.1083984375 0.1171875
0 0.38134765625 0.36328125 0.0869140625 0.1484375
0 0.6943359375 0.4954427083333333 0.091796875 0.13151041666666666
0 0.279296875 0.7122395833333334 0.08203125 0.125
0 0.39306640625 0.23177083333333334 0.1083984375 0.11979166666666667
0 0.28759765625 0.3450520833333333 0.1064453125 0.11979166666666667
0 0.36767578125 0.09733072916666667 0.0888671875 0.14647135416666665
0 0.285400390625 0.470703125 0.10205078125 0.13670572916666665