0 0.74951171875 0.4075520833333333 0.0869140625 0.11458333333333333
0 0.66455078125 0.8307291666666666 0.0830078125 0.09895833333333333
0 0.29931640625 0.556640625 0.0888671875 0.11067708333333333
0 0.49462890625 0.8470052083333334 0.0830078125 0.09765625
0 0.74951171875 0.8203125 0.0810546875 0.1015625
0 0.47021484375 0.21223958333333334 0.0908203125 0.1171875
0 0.236328125 0.8626302083333334 0.087890625 0.09505208333333333
0 0.580078125 0.8365885416666666 0.08203125 0.10026041666666667
0 0.75244140625 0.5169270833333334 0.0830078125 0.11197916666666667
0 0.56494140625 0.3203125 0.0888671875 0.11458333333333333
0 0.22705078125 0.7682291666666666 0.0888671875 0.09895833333333333
0 0.56884765625 0.5384114583333334 0.0888671875 0.11067708333333333
0 0.3134765625 0.76171875 0.08984375 0.1015625
0 0.47265625 0.4361979166666667 0.08984375 0.11197916666666667
0 0.6572265625 0.3125 0.095703125 0.11979166666666667
0 0.748046875 0.18489583333333334 0.091796875 0.12239583333333333
0 0.3828125 0.4427083333333333 0.08984375 0.11197916666666667
0 0.197265625 0.341796875 0.09765625 0.11588541666666667
0 0.57470703125 0.6438802083333334 0.0869140625 0.10807291666666667
0 0.37890625 0.3313802083333333 0.08984375 0.11328125
0 0.21044921875 0.560546875 0.0908203125 0.11067708333333333
0 0.400390625 0.75390625 0.0859375 0.10416666666666667
0 0.39599609375 0.6516927083333334 0.0869140625 0.10286458333333333
0 0.2880859375 0.3372395833333333 0.091796875 0.11197916666666667
0 0.577880859375 0.7421875 0.08837890625 0.09895833333333333
0 0.28173828125 0.22395833333333334 0.0947265625 0.1171875
0 0.74951171875 0.2975260416666667 0.0888671875 0.11588541666666667
0 0.22119140625 0.66796875 0.0888671875 0.10677083333333333
0 0.4697265625 0.3255208333333333 0.08984375 0.11197916666666667
0 0.666015625 0.734375 0.0859375 0.10416666666666667
0 0.40625 0.8509114583333334 0.0859375 0.10026041666666667
0 0.659912109375 0.4251302083333333 0.09814453125 0.11328125
0 0.29052734375 0.4485677083333333 0.0947265625 0.11067708333333333
0 0.38720703125 0.5494791666666666 0.0908203125 0.10677083333333333
0 0.75048828125 0.623046875 0.0849609375 0.11067708333333333
0 0.48681640625 0.7493489583333334 0.0869140625 0.10026041666666667
0 0.75146484375 0.7252604166666666 0.0830078125 0.1015625
0 0.56298828125 0.20703125 0.0927734375 0.11979166666666667
0 0.30810546875 0.6614583333333334 0.0888671875 0.10677083333333333
0 0.48388671875 0.6484375 0.0869140625 0.1015625
0 0.6640625 0.6328125 0.0859375 0.109375
0 0.3759765625 0.21809895833333334 0.09375 0.11848958333333333
0 0.18798828125 0.2265625 0.0966796875 0.1171875
0 0.31982421875 0.859375 0.0849609375 0.09895833333333333
0 0.478515625 0.5436197916666666 0.087890625 0.10807291666666667
0 0.65576171875 0.197265625 0.0947265625 0.12630208333333334
0 0.20263671875 0.451171875 0.0966796875 0.11067708333333333
0 0.66357421875 0.5286458333333334 0.0908203125 0.11197916666666667
0 0.56298828125 0.431640625 0.0888671875 0.11067708333333333