0 0.71533203125 0.6321614583333334 0.2392578125 0.13151041666666666
0 0.259765625 0.5247395833333334 0.21875 0.1171875
0 0.47998046875 0.8984375 0.2451171875 0.1484375
0 0.67138671875 0.13736979166666666 0.1845703125 0.09244791666666667
0 0.48388671875 0.13802083333333334 0.1806640625 0.09375
0 0.478515625 0.76171875 0.236328125 0.13802083333333334
0 0.29638671875 0.14973958333333334 0.1826171875 0.09375
0 0.4794921875 0.63671875 0.2265625 0.125
0 0.24267578125 0.7643229166666666 0.2373046875 0.1328125
0 0.22802734375 0.900390625 0.2529296875 0.14453125
0 0.2705078125 0.4192708333333333 0.20703125 0.10416666666666667
0 0.74267578125 0.892578125 0.2705078125 0.15494791666666666
0 0.4814453125 0.5247395833333334 0.21484375 0.11979166666666667
0 0.4892578125 0.22981770833333334 0.189453125 0.09505208333333333
0 0.28173828125 0.3235677083333333 0.1982421875 0.09765625
0 0.25048828125 0.6393229166666666 0.2236328125 0.125
0 0.291015625 0.23567708333333334 0.189453125 0.08854166666666667
0 0.7255859375 0.7571614583333334 0.24609375 0.13932291666666666
0 0.482421875 0.322265625 0.1953125 0.10286458333333333
0 0.48095703125 0.4186197916666667 0.2060546875 0.11328125
0 0.6982421875 0.4134114583333333 0.2109375 0.10807291666666667
0 0.705078125 0.5182291666666666 0.22265625 0.11979166666666667
0 0.683427734375 0.24003906249999998 0.202802734375 0.11549479166666667
0 0.6884765625 0.330390625 0.208984375 0.12432291666666667