0 0.49116847826086957 0.7445652173913043 0.06424689440993789 0.12577639751552794
0 0.4317740683229814 0.35766045548654246 0.07006987577639752 0.13405797101449277
0 0.49301242236024845 0.4936594202898551 0.06909937888198758 0.12396480331262939
0 0.6142274844720497 0.7410714285714286 0.061529503105590064 0.11982401656314699
0 0.7910520186335404 0.4968944099378882 0.057259316770186336 0.11387163561076605
0 0.3797554347826087 0.08566252587991718 0.07434006211180125 0.14182194616977226
0 0.49417701863354035 0.6190476190476191 0.06677018633540373 0.12629399585921325
0 0.4874805900621118 0.8676242236024845 0.06657608695652174 0.1244824016563147
0 0.42789208074534163 0.619435817805383 0.06774068322981366 0.1275879917184265
0 0.5319293478260869 0.10986024844720498 0.07006987577639752 0.1363871635610766
0 0.49757375776397517 0.23563664596273293 0.0673524844720497 0.1348343685300207
0 0.359860248447205 0.749611801242236 0.06909937888198758 0.1327639751552795
0 0.28969332298136646 0.6182712215320911 0.07201086956521739 0.13509316770186336
0 0.6201475155279503 0.6216356107660456 0.06482919254658386 0.12163561076604555
0 0.797166149068323 0.3781055900621118 0.057841614906832296 0.12008281573498965
0 0.360054347826087 0.48874223602484473 0.07104037267080746 0.1327639751552795
0 0.2905667701863354 0.48589544513457555 0.07375776397515528 0.1337991718426501
0 0.6014169254658385 0.1193064182194617 0.06541149068322981 0.12836438923395446
0 0.4271156832298137 0.7476708074534162 0.06618788819875776 0.12836438923395446
0 0.35995729813664595 0.6193064182194618 0.06968167701863354 0.12939958592132506
0 0.562402950310559 0.3693064182194617 0.06618788819875776 0.12681159420289856
0 0.2894992236024845 0.7518115942028986 0.07201086956521739 0.13457556935817805
0 0.5533773291925466 0.7435300207039337 0.0625 0.12370600414078675
0 0.2878493788819876 0.8813405797101449 0.07181677018633541 0.1296583850931677
0 0.7936723602484472 0.1343167701863354 0.0625 0.12939958592132506
0 0.625097049689441 0.3730590062111801 0.06114130434782609 0.125
0 0.42294254658385094 0.8726708074534162 0.06909937888198758 0.12629399585921325
0 0.6233501552795031 0.24676501035196688 0.06347049689440994 0.1275879917184265
0 0.7411684782608695 0.3766821946169772 0.058423913043478264 0.12189440993788819
0 0.7415566770186336 0.2545289855072464 0.057259316770186336 0.1229296066252588
0 0.5605590062111802 0.244435817805383 0.0671583850931677 0.1322463768115942
0 0.35704580745341613 0.8765527950310559 0.07006987577639752 0.12836438923395446
0 0.36374223602484473 0.22308488612836438 0.07298136645962733 0.13923395445134576
0 0.5581327639751553 0.6190476190476191 0.06541149068322981 0.12525879917184266
0 0.42701863354037267 0.4902950310559006 0.07065217391304347 0.1327639751552795
0 0.7785326086956522 0.8396739130434783 0.057841614906832296 0.1162008281573499
0 0.7272903726708074 0.7312370600414079 0.055900621118012424 0.1167184265010352
0 0.4981560559006211 0.3652950310559006 0.06812888198757763 0.1348343685300207
0 0.7371894409937888 0.4971532091097309 0.057841614906832296 0.11853002070393374
0 0.6638198757763976 0.12318840579710146 0.06638198757763975 0.12991718426501034
0 0.4310947204968944 0.22606107660455488 0.07104037267080746 0.1374223602484472
0 0.7295225155279503 0.12836438923395446 0.06579968944099379 0.12939958592132506
0 0.6681871118012422 0.854296066252588 0.059588509316770184 0.11697722567287784
0 0.29318711180124224 0.3496376811594203 0.07472826086956522 0.13664596273291926
0 0.6786684782608695 0.6193064182194618 0.05881211180124224 0.12163561076604555
0 0.5579386645962733 0.49495341614906835 0.06696428571428571 0.125
0 0.6816770186335404 0.4983178053830228 0.06017080745341615 0.1213768115942029
0 0.2937694099378882 0.21570910973084886 0.07434006211180125 0.1389751552795031
0 0.7869759316770186 0.6114130434782609 0.057259316770186336 0.114648033126294
0 0.6838121118012422 0.37461180124223603 0.05861801242236025 0.12396480331262939
0 0.6842973602484472 0.2510351966873706 0.059588509316770184 0.12629399585921325
0 0.4651591614906832 0.10080227743271221 0.06579968944099379 0.1317287784679089
0 0.78125 0.7252846790890269 0.055900621118012424 0.1151656314699793
0 0.5496894409937888 0.8636128364389234 0.06366459627329192 0.12267080745341614
0 0.67284549689441 0.7379658385093167 0.05997670807453416 0.1193064182194617
0 0.30007763975155277 0.07621635610766045 0.07958074534161491 0.15087991718426502
0 0.7234083850931677 0.8456262939958592 0.05861801242236025 0.1172360248447205
0 0.7335986024844721 0.6151656314699793 0.055318322981366456 0.11749482401656315
0 0.36422748447204967 0.35520186335403725 0.07395186335403726 0.1327639751552795
0 0.6211180124223602 0.4962474120082816 0.06677018633540373 0.1260351966873706
0 0.796001552795031 0.2573757763975155 0.06017080745341615 0.1213768115942029
0 0.609860248447205 0.859083850931677 0.06172360248447205 0.1193064182194617