0 0.56689453125 0.70703125 0.0966796875 0.15885416666666666
0 0.7392578125 0.3515625 0.099609375 0.09114583333333333
0 0.36767578125 0.849609375 0.1103515625 0.16276041666666666
0 0.263671875 0.8424479166666666 0.1171875 0.1640625
0 0.46728515625 0.8561197916666666 0.1044921875 0.16276041666666666
0 0.376953125 0.693359375 0.107421875 0.15755208333333334
0 0.16162109375 0.8346354166666666 0.1201171875 0.1640625
0 0.47216796875 0.69921875 0.1005859375 0.15625
0 0.296875 0.13020833333333334 0.095703125 0.0703125
0 0.28125 0.6848958333333334 0.111328125 0.16145833333333334
0 0.5673828125 0.86328125 0.09765625 0.16145833333333334
0 0.66552734375 0.8697916666666666 0.0986328125 0.15885416666666666
0 0.47900390625 0.5533854166666666 0.0966796875 0.14583333333333334
0 0.56640625 0.5611979166666666 0.091796875 0.14583333333333334
0 0.388671875 0.5442708333333334 0.1015625 0.14322916666666666
0 0.29931640625 0.5377604166666666 0.1025390625 0.14322916666666666
0 0.66162109375 0.7135416666666666 0.0947265625 0.15885416666666666
0 0.18359375 0.6790364583333334 0.1171875 0.16015625
0 0.75390625 0.5377604166666666 0.11328125 0.10677083333333333
0 0.23095703125 0.4049479166666667 0.1005859375 0.125
0 0.76171875 0.6484375 0.119140625 0.11979166666666667
0 0.50341796875 0.13736979166666666 0.0947265625 0.07942708333333333
0 0.77001953125 0.7688802083333334 0.1220703125 0.13151041666666666
0 0.5693359375 0.4309895833333333 0.087890625 0.125
0 0.27392578125 0.19856770833333334 0.1025390625 0.08203125
0 0.48583984375 0.423828125 0.0908203125 0.12630208333333334
0 0.33154296875 0.2975260416666667 0.0927734375 0.11328125
0 0.2509765625 0.2877604166666667 0.095703125 0.1171875
0 0.56640625 0.21875 0.09765625 0.08854166666666667
0 0.2080078125 0.5319010416666666 0.107421875 0.14192708333333334
0 0.65576171875 0.568359375 0.0888671875 0.13932291666666666
0 0.65478515625 0.4407552083333333 0.0849609375 0.12109375
0 0.6103515625 0.14973958333333334 0.1015625 0.08072916666666667
0 0.7109375 0.16861979166666666 0.09765625 0.08203125
0 0.66015625 0.23697916666666666 0.09375 0.09375
0 0.4921875 0.306640625 0.0859375 0.12109375
0 0.572265625 0.318359375 0.08203125 0.11848958333333333
0 0.412109375 0.2994791666666667 0.087890625 0.1171875
0 0.748046875 0.4407552083333333 0.10546875 0.09765625
0 0.7763671875 0.8990885416666666 0.126953125 0.11848958333333333
0 0.3935546875 0.125 0.10546875 0.08072916666666667
0 0.65185546875 0.3268229166666667 0.0791015625 0.11458333333333333
0 0.4013671875 0.416015625 0.09375 0.12630208333333334
0 0.46826171875 0.20768229166666666 0.1005859375 0.08463541666666667
0 0.7421875 0.26171875 0.078125 0.10677083333333333
0 0.37158203125 0.20052083333333334 0.1044921875 0.0859375
0 0.31787109375 0.41032552083333335 0.09814453125 0.12924479166666666