0 0.5431871118012422 0.8854813664596274 0.09569099378881987 0.130175983436853
0 0.3061917701863354 0.8986801242236024 0.15819099378881987 0.1281055900621118
0 0.405958850931677 0.22230848861283645 0.0984083850931677 0.19047619047619047
0 0.7415566770186336 0.884963768115942 0.09569099378881987 0.1286231884057971
0 0.6420807453416149 0.8866459627329193 0.10054347826086957 0.12991718426501034
0 0.7382569875776398 0.6319875776397516 0.09569099378881987 0.12525879917184266
0 0.5260093167701864 0.22023809523809523 0.10093167701863354 0.19099378881987578
0 0.44642857142857145 0.7642339544513458 0.09782608695652174 0.12732919254658384
0 0.44778726708074534 0.6358695652173914 0.09510869565217392 0.12836438923395446
0 0.4391498447204969 0.8927277432712215 0.10034937888198758 0.1286231884057971
0 0.6434394409937888 0.6303053830227743 0.09588509316770186 0.1244824016563147
0 0.7364130434782609 0.3769409937888199 0.09666149068322981 0.1275879917184265
0 0.7364130434782609 0.5040113871635611 0.09743788819875776 0.1286231884057971
0 0.5452251552795031 0.759963768115942 0.09704968944099379 0.1265527950310559
0 0.6433423913043478 0.7575051759834368 0.09763198757763975 0.12681159420289856
0 0.6346079192546584 0.37836438923395443 0.09646739130434782 0.12681159420289856
0 0.31162655279503104 0.38030538302277433 0.15663819875776397 0.1332815734989648
0 0.640236801242236 0.5038819875776398 0.09802018633540373 0.12629399585921325
0 0.5441576086956522 0.5073757763975155 0.09802018633540373 0.1281055900621118
0 0.30386257763975155 0.509575569358178 0.15197981366459629 0.13095238095238096
0 0.5391110248447205 0.38030538302277433 0.09802018633540373 0.1281055900621118
0 0.5458074534161491 0.6323757763975155 0.10093167701863354 0.1265527950310559
0 0.43953804347826086 0.38574016563146996 0.10306677018633541 0.1327639751552795
0 0.30745341614906835 0.6391045548654244 0.15760869565217392 0.130175983436853
0 0.6316964285714286 0.21894409937888198 0.10034937888198758 0.19099378881987578
0 0.30667701863354035 0.7701863354037267 0.15760869565217392 0.13146997929606624
0 0.734277950310559 0.2179089026915114 0.10131987577639752 0.19047619047619047
0 0.30007763975155277 0.2179089026915114 0.10131987577639752 0.193064182194617
0 0.44186723602484473 0.5117753623188406 0.10694875776397515 0.1281055900621118
0 0.7396156832298136 0.7572463768115942 0.09607919254658386 0.12370600414078675