0 0.232421875 0.685546875 0.08984375 0.12109375
0 0.31640625 0.8053385416666666 0.087890625 0.11848958333333333
0 0.5107421875 0.3203125 0.091796875 0.13020833333333334
0 0.58984375 0.8098958333333334 0.0859375 0.1171875
0 0.2294921875 0.5625 0.08984375 0.125
0 0.5126953125 0.447265625 0.091796875 0.12369791666666667
0 0.68505859375 0.6907552083333334 0.0966796875 0.11848958333333333
0 0.689453125 0.5677083333333334 0.091796875 0.125
0 0.40576171875 0.8059895833333334 0.0888671875 0.11979166666666667
0 0.69287109375 0.44140625 0.0888671875 0.125
0 0.5908203125 0.6907552083333334 0.0859375 0.12109375
0 0.49609375 0.8079427083333334 0.0859375 0.11588541666666667
0 0.6064453125 0.18684895833333334 0.091796875 0.13151041666666666
0 0.51513671875 0.18880208333333334 0.0908203125 0.1328125
0 0.23095703125 0.8046875 0.0810546875 0.1171875
0 0.41015625 0.6868489583333334 0.08984375 0.11848958333333333
0 0.6943359375 0.3131510416666667 0.08984375 0.12890625
0 0.59716796875 0.5677083333333334 0.0888671875 0.125
0 0.40673828125 0.5677083333333334 0.0908203125 0.11979166666666667
0 0.41748046875 0.443359375 0.0986328125 0.12630208333333334
0 0.603515625 0.4420572916666667 0.08984375 0.12630208333333334
0 0.22607421875 0.3111979166666667 0.0908203125 0.12760416666666666
0 0.3212890625 0.6881510416666666 0.087890625 0.12369791666666667
0 0.31640625 0.5638020833333334 0.087890625 0.125
0 0.60302734375 0.3170572916666667 0.0908203125 0.13151041666666666
0 0.41259765625 0.3177083333333333 0.0986328125 0.13020833333333334
0 0.228515625 0.4381510416666667 0.08984375 0.12630208333333334
0 0.50390625 0.69140625 0.08984375 0.12239583333333333
0 0.32080078125 0.44140625 0.0927734375 0.13020833333333334
0 0.3203125 0.3131510416666667 0.095703125 0.12890625
0 0.41845703125 0.1875 0.0966796875 0.13020833333333334
0 0.50341796875 0.568359375 0.0966796875 0.12630208333333334
0 0.68017578125 0.810546875 0.0888671875 0.12109375
0 0.6943359375 0.185546875 0.08984375 0.13151041666666666
0 0.22802734375 0.181640625 0.0927734375 0.13151041666666666
0 0.31787109375 0.18229166666666666 0.0927734375 0.13541666666666666