0 0.6064453125 0.22591145833333334 0.115234375 0.12630208333333334
0 0.60888671875 0.9055989583333334 0.1025390625 0.10026041666666667
0 0.3837890625 0.3561197916666667 0.11328125 0.11848958333333333
0 0.498046875 0.474609375 0.11328125 0.11848958333333333
0 0.4921875 0.232421875 0.1171875 0.12890625
0 0.50244140625 0.8098958333333334 0.1064453125 0.109375
0 0.716796875 0.3424479166666667 0.111328125 0.12239583333333333
0 0.60595703125 0.3483072916666667 0.1123046875 0.12369791666666667
0 0.60791015625 0.4674479166666667 0.1103515625 0.11979166666666667
0 0.60888671875 0.8053385416666666 0.1064453125 0.11067708333333333
0 0.716796875 0.4609375 0.109375 0.11979166666666667
0 0.22216796875 0.916015625 0.0908203125 0.13151041666666666
0 0.505859375 0.9127604166666666 0.10546875 0.10677083333333333
0 0.4951171875 0.35546875 0.11328125 0.125
0 0.71728515625 0.576171875 0.1044921875 0.11588541666666667
0 0.50341796875 0.6998697916666666 0.1103515625 0.11067708333333333
0 0.71826171875 0.21809895833333334 0.1123046875 0.12630208333333334
0 0.71533203125 0.796875 0.1064453125 0.109375
0 0.38720703125 0.474609375 0.1123046875 0.11848958333333333
0 0.5009765625 0.5885416666666666 0.11328125 0.11458333333333333
0 0.40185546875 0.9173177083333334 0.1044921875 0.10546875
0 0.7158203125 0.6868489583333334 0.107421875 0.11328125
0 0.6103515625 0.6979166666666666 0.107421875 0.11197916666666667
0 0.6103515625 0.5859375 0.109375 0.1171875
0 0.3896484375 0.5930989583333334 0.111328125 0.11848958333333333
0 0.7138671875 0.09114583333333333 0.1171875 0.1328125
0 0.60009765625 0.09700520833333333 0.1162109375 0.13671875
0 0.09716796875 0.19075520833333334 0.0927734375 0.15494791666666666
0 0.71142578125 0.8990885416666666 0.1025390625 0.10026041666666667
0 0.28759765625 0.4889322916666667 0.0927734375 0.14973958333333334
0 0.1005859375 0.3444010416666667 0.09765625 0.15234375
0 0.39453125 0.7057291666666666 0.109375 0.11197916666666667
0 0.107421875 0.4954427083333333 0.09765625 0.14713541666666666
0 0.197265625 0.4947916666666667 0.095703125 0.1484375
0 0.19384765625 0.34375 0.0947265625 0.15104166666666666
0 0.3076171875 0.9095052083333334 0.087890625 0.13151041666666666
0 0.1259765625 0.7864583333333334 0.095703125 0.13802083333333334
0 0.13720703125 0.9186197916666666 0.0908203125 0.12630208333333334
0 0.2021484375 0.642578125 0.09765625 0.14192708333333334
0 0.185546875 0.18815104166666666 0.09765625 0.15755208333333334
0 0.1171875 0.6432291666666666 0.095703125 0.14322916666666666
0 0.37841796875 0.23567708333333334 0.1181640625 0.12760416666666666
0 0.2822265625 0.337890625 0.09375 0.15494791666666666
0 0.2138671875 0.7805989583333334 0.095703125 0.13671875
0 0.36865234375 0.10677083333333333 0.1240234375 0.13541666666666666
0 0.29345703125 0.6360677083333334 0.0927734375 0.14453125
0 0.298828125 0.7760416666666666 0.087890625 0.13802083333333334
0 0.4853515625 0.1015625 0.12109375 0.13541666666666666
0 0.3984375 0.8138020833333334 0.109375 0.11197916666666667
0 0.275 0.18444010416666667 0.096875 0.15740885416666667