0 0.3705357142857143 0.7840320910973085 0.06055900621118013 0.12396480331262939
0 0.546583850931677 0.16097308488612835 0.07569875776397515 0.14492753623188406
0 0.6998253105590062 0.5591356107660456 0.07239906832298136 0.13121118012422361
0 0.625 0.8088768115942029 0.06909937888198758 0.130175983436853
0 0.7024456521739131 0.2898550724637681 0.07220496894409938 0.13975155279503104
0 0.6977872670807453 0.6862060041407867 0.06987577639751552 0.1281055900621118
0 0.49398291925465837 0.796583850931677 0.06638198757763975 0.12318840579710146
0 0.49495341614906835 0.9173136645962733 0.06444099378881987 0.1224120082815735
0 0.6941964285714286 0.8127587991718427 0.07162267080745342 0.1296583850931677
0 0.6995341614906833 0.14699792960662525 0.07569875776397515 0.15062111801242237
0 0.6312111801242236 0.2907608695652174 0.07104037267080746 0.1374223602484472
0 0.34375 0.17417184265010352 0.06521739130434782 0.12629399585921325
0 0.5586180124223602 0.9236542443064182 0.0640527950310559 0.12370600414078675
0 0.49602096273291924 0.67675983436853 0.07006987577639752 0.12577639751552794
0 0.5635675465838509 0.6837474120082816 0.06541149068322981 0.11956521739130435
0 0.7013781055900621 0.42740683229813664 0.07084627329192547 0.1332815734989648
0 0.6315993788819876 0.42533643892339545 0.0702639751552795 0.1332815734989648
0 0.43148291925465837 0.7919254658385093 0.06172360248447205 0.12525879917184266
0 0.49514751552795033 0.5507246376811594 0.06638198757763975 0.12629399585921325
0 0.4309006211180124 0.6709368530020704 0.06366459627329192 0.1229296066252588
0 0.3707298136645963 0.900879917184265 0.059782608695652176 0.11956521739130435
0 0.43167701863354035 0.9103260869565217 0.0625 0.1224120082815735
0 0.20021350931677018 0.17895962732919254 0.059588509316770184 0.12396480331262939
0 0.3697593167701863 0.665243271221532 0.06172360248447205 0.1193064182194617
0 0.562402950310559 0.5597826086956522 0.06851708074534162 0.13250517598343686
0 0.2715450310559006 0.17559523809523808 0.08229813664596274 0.13121118012422361
0 0.6906055900621118 0.9373706004140787 0.06909937888198758 0.12318840579710146
0 0.6214091614906833 0.15527950310559005 0.07201086956521739 0.14337474120082816
0 0.40518245341614906 0.16964285714285715 0.057259316770186336 0.1296583850931677
0 0.562888198757764 0.2980072463768116 0.0687111801242236 0.1337991718426501
0 0.49582686335403725 0.2945134575569358 0.06812888198757763 0.12474120082815734
0 0.5598796583850931 0.8047360248447205 0.06579968944099379 0.12707039337474121
0 0.43167701863354035 0.5478778467908902 0.062111801242236024 0.12370600414078675
0 0.4952445652173913 0.4224896480331263 0.06579968944099379 0.130175983436853
0 0.2015722049689441 0.8760351966873706 0.05298913043478261 0.11231884057971014
0 0.19778726708074534 0.3007246376811594 0.05551242236024845 0.11749482401656315
0 0.3112383540372671 0.8945393374741201 0.05881211180124224 0.1182712215320911
0 0.2534937888198758 0.30240683229813664 0.0562888198757764 0.1224120082815735
0 0.3113354037267081 0.779891304347826 0.05861801242236025 0.1213768115942029
0 0.19866071428571427 0.7641045548654244 0.05454192546583851 0.1151656314699793
0 0.3109472049689441 0.6621376811594203 0.0593944099378882 0.11982401656314699
0 0.6230590062111802 0.9329710144927537 0.06832298136645963 0.12836438923395446
0 0.562597049689441 0.4297360248447205 0.07006987577639752 0.1296583850931677
0 0.19788431677018634 0.535843685300207 0.05298913043478261 0.1167184265010352
0 0.4322593167701863 0.422360248447205 0.06366459627329192 0.12784679089026915
0 0.2535908385093168 0.6598084886128365 0.057259316770186336 0.1224120082815735
0 0.47078804347826086 0.15993788819875776 0.08055124223602485 0.14285714285714285
0 0.25417313664596275 0.7716097308488613 0.057259316770186336 0.1151656314699793
0 0.31172360248447206 0.2990424430641822 0.06055900621118013 0.1229296066252588
0 0.25232919254658387 0.5408902691511387 0.057841614906832296 0.11749482401656315
0 0.19807841614906832 0.4183488612836439 0.055318322981366456 0.1172360248447205
0 0.2534937888198758 0.4218426501035197 0.057841614906832296 0.11853002070393374
0 0.4329386645962733 0.2959368530020704 0.06347049689440994 0.1255175983436853
0 0.6302406832298136 0.556935817805383 0.06987577639751552 0.12939958592132506
0 0.3107531055900621 0.5429606625258799 0.06055900621118013 0.12111801242236025
0 0.3714091614906832 0.29826604554865427 0.061529503105590064 0.1224120082815735
0 0.19924301242236025 0.652044513457557 0.054153726708074536 0.1151656314699793
0 0.3107531055900621 0.421195652173913 0.06172360248447205 0.1213768115942029
0 0.3714091614906832 0.42132505175983437 0.06541149068322981 0.12318840579710146
0 0.6292701863354038 0.682712215320911 0.06754658385093168 0.12318840579710146
0 0.2545613354037267 0.8836697722567288 0.05493012422360249 0.1172360248447205
0 0.3712150621118012 0.5445134575569358 0.06191770186335404 0.12215320910973085