0 0.5126953125 0.87890625 0.087890625 0.16666666666666666
0 0.51806640625 0.5501302083333334 0.0888671875 0.16796875
0 0.51513671875 0.7141927083333334 0.0888671875 0.16536458333333334
0 0.3447265625 0.5436197916666666 0.087890625 0.16796875
0 0.431640625 0.548828125 0.0859375 0.16796875
0 0.42431640625 0.8704427083333334 0.0869140625 0.16276041666666666
0 0.34716796875 0.380859375 0.0888671875 0.16796875
0 0.3388671875 0.8639322916666666 0.0859375 0.16276041666666666
0 0.341796875 0.7063802083333334 0.0859375 0.16276041666666666
0 0.25634765625 0.69921875 0.0849609375 0.1640625
0 0.73388671875 0.18294270833333334 0.1123046875 0.17578125
0 0.7080078125 0.91796875 0.130859375 0.11979166666666667
0 0.6064453125 0.5559895833333334 0.091796875 0.17447916666666666
0 0.60107421875 0.7220052083333334 0.0908203125 0.16796875
0 0.7138671875 0.6875 0.1328125 0.11979166666666667
0 0.4384765625 0.21744791666666666 0.087890625 0.16927083333333334
0 0.62548828125 0.19205729166666666 0.1044921875 0.20703125
0 0.52880859375 0.21354166666666666 0.0908203125 0.17447916666666666
0 0.2626953125 0.375 0.083984375 0.1640625
0 0.4267578125 0.7109375 0.087890625 0.1640625
0 0.716796875 0.5690104166666666 0.130859375 0.11979166666666667
0 0.72216796875 0.33203125 0.1318359375 0.12239583333333333
0 0.25830078125 0.5377604166666666 0.0869140625 0.1640625
0 0.52294921875 0.3860677083333333 0.0908203125 0.16796875
0 0.61083984375 0.3873697916666667 0.0908203125 0.17317708333333334
0 0.35302734375 0.21223958333333334 0.0888671875 0.16927083333333334
0 0.25244140625 0.8561197916666666 0.0869140625 0.16276041666666666
0 0.6005859375 0.884765625 0.087890625 0.16276041666666666
0 0.7197265625 0.4518229166666667 0.130859375 0.11979166666666667
0 0.43505859375 0.3828125 0.0888671875 0.16927083333333334
0 0.266357421875 0.21091145833333333 0.09033203125 0.1718229166666667
0 0.7119140625 0.8070833333333334 0.132158203125 0.11848958333333333