0 0.46292701863354035 0.3574016563146998 0.08540372670807453 0.12370600414078675
0 0.36820652173913043 0.8951863354037267 0.08734472049689442 0.15217391304347827
0 0.5397903726708074 0.8997153209109731 0.08229813664596274 0.1529503105590062
0 0.546875 0.6081780538302277 0.07899844720496894 0.14026915113871635
0 0.7048718944099379 0.48123706004140787 0.08093944099378882 0.1337991718426501
0 0.2796001552795031 0.8932453416149069 0.09918478260869565 0.15087991718426502
0 0.19633152173913043 0.7408126293995859 0.09802018633540373 0.1462215320910973
0 0.5405667701863354 0.7506469979296067 0.08190993788819875 0.145703933747412
0 0.45584239130434784 0.8981625258799172 0.0875388198757764 0.15191511387163562
0 0.6268439440993789 0.6083074534161491 0.08482142857142858 0.1400103519668737
0 0.19021739130434784 0.889751552795031 0.09472049689440994 0.15010351966873706
0 0.625097049689441 0.9006211180124224 0.08715062111801242 0.15217391304347827
0 0.7553377329192547 0.14182194616977226 0.09646739130434782 0.08488612836438923
0 0.2202057453416149 0.468944099378882 0.08288043478260869 0.13043478260869565
0 0.46438276397515527 0.6129658385093167 0.0875388198757764 0.1374223602484472
0 0.22729037267080746 0.34290890269151136 0.08035714285714286 0.12267080745341614
0 0.2848408385093168 0.7457298136645962 0.09258540372670808 0.145703933747412
0 0.6636257763975155 0.13949275362318841 0.09549689440993789 0.08850931677018634
0 0.6242236024844721 0.47593167701863354 0.08850931677018634 0.12836438923395446
0 0.5697787267080745 0.13677536231884058 0.09375 0.08980331262939958
0 0.6964285714285714 0.2391304347826087 0.08074534161490683 0.11283643892339544
0 0.45681288819875776 0.7506469979296067 0.08093944099378882 0.1431159420289855
0 0.37936723602484473 0.4748964803312629 0.08947981366459627 0.13198757763975155
0 0.4748641304347826 0.14272774327122154 0.09142080745341614 0.08359213250517598
0 0.37985248447204967 0.6076604554865425 0.09006211180124224 0.13664596273291926
0 0.20972437888198758 0.6001552795031055 0.09180900621118013 0.13768115942028986
0 0.469429347826087 0.23925983436853002 0.07822204968944099 0.1151656314699793
0 0.23621894409937888 0.22722567287784678 0.07725155279503106 0.11594202898550725
0 0.313179347826087 0.2324016563146998 0.07861024844720498 0.11335403726708075
0 0.5427989130434783 0.2391304347826087 0.0751164596273292 0.11749482401656315
0 0.8079386645962733 0.9029632505175984 0.09413819875776397 0.1490450310559006
0 0.62402950310559 0.7511645962732919 0.08501552795031056 0.1462215320910973
0 0.36209239130434784 0.14065734989648032 0.09375 0.08255693581780538
0 0.6186917701863354 0.2370600414078675 0.07861024844720498 0.11697722567287784
0 0.7751358695652174 0.23731884057971014 0.07899844720496894 0.11594202898550725
0 0.30337732919254656 0.34782608695652173 0.08190993788819875 0.12318840579710146
0 0.37179736024844723 0.7465062111801242 0.0859860248447205 0.14518633540372672
0 0.2672748447204969 0.13250517598343686 0.09899068322981366 0.08850931677018634
0 0.7119565217391305 0.6152950310559007 0.08540372670807453 0.140527950310559
0 0.4649650621118012 0.4814958592132505 0.08715062111801242 0.1296583850931677
0 0.2978454968944099 0.47502587991718426 0.08055124223602485 0.1291407867494824
0 0.7885287267080745 0.47813146997929606 0.08520962732919254 0.1286231884057971
0 0.7139945652173914 0.7554347826086957 0.09802018633540373 0.14751552795031056
0 0.5441576086956522 0.3564958592132505 0.08210403726708075 0.11982401656314699
0 0.6204386645962733 0.3544254658385093 0.07201086956521739 0.1208592132505176
0 0.7149650621118012 0.9029503105590062 0.09336180124223603 0.15010351966873706
0 0.3889751552795031 0.23680124223602483 0.0749223602484472 0.11283643892339544
0 0.78125 0.35455486542443065 0.07841614906832298 0.11853002070393374
0 0.3814052795031056 0.3504140786749482 0.0811335403726708 0.12111801242236025
0 0.7000194099378882 0.35546066252587993 0.0751164596273292 0.12189440993788819
0 0.8059006211180124 0.7528467908902692 0.08540372670807453 0.14751552795031056
0 0.5448369565217391 0.47593167701863354 0.07686335403726709 0.12836438923395446
0 0.795516304347826 0.6122722567287785 0.08870341614906832 0.13706780538302277
0 0.29085791925465837 0.6052173913043478 0.08792701863354037 0.13331262939958594