0 0.6183035714285714 0.9367236024844721 0.07899844720496894 0.1193064182194617
0 0.46952639751552794 0.6072722567287785 0.07220496894409938 0.10119047619047619
0 0.4677795031055901 0.7105331262939959 0.07220496894409938 0.10584886128364389
0 0.38363742236024845 0.9341356107660456 0.08288043478260869 0.1182712215320911
0 0.3996506211180124 0.6080486542443064 0.07298136645962733 0.09756728778467909
0 0.4625388198757764 0.9337474120082816 0.07880434782608696 0.12318840579710146
0 0.5398874223602484 0.609083850931677 0.07201086956521739 0.09963768115942029
0 0.3359860248447205 0.5063405797101449 0.07298136645962733 0.09601449275362318
0 0.672166149068323 0.5142339544513458 0.06987577639751552 0.09420289855072464
0 0.20234860248447206 0.4985766045548654 0.07705745341614907 0.09394409937888198
0 0.5404697204968945 0.9360766045548654 0.07861024844720498 0.11956521739130435
0 0.30434782608695654 0.931935817805383 0.08618012422360248 0.12111801242236025
0 0.4671972049689441 0.816899585921325 0.07841614906832298 0.1110248447204969
0 0.5427018633540373 0.8209109730848861 0.07569875776397515 0.11283643892339544
0 0.14431288819875776 0.9255952380952381 0.0921972049689441 0.1255175983436853
0 0.16343167701863354 0.8074534161490683 0.08423913043478261 0.11231884057971014
0 0.6945846273291926 0.9382763975155279 0.07861024844720498 0.11568322981366459
0 0.2686335403726708 0.5060817805383023 0.07375776397515528 0.09808488612836438
0 0.5413431677018633 0.5077639751552795 0.07531055900621118 0.10455486542443064
0 0.6129658385093167 0.7127329192546584 0.07453416149068323 0.10766045548654245
0 0.3151203416149068 0.8137939958592133 0.08326863354037267 0.1187888198757764
0 0.3292895962732919 0.6026138716356108 0.07434006211180125 0.09808488612836438
0 0.7699922360248447 0.9376293995859213 0.07958074534161491 0.12060041407867494
0 0.39120729813664595 0.8189699792960663 0.0797748447204969 0.1151656314699793
0 0.40353260869565216 0.5126811594202898 0.06909937888198758 0.09575569358178054
0 0.6793478260869565 0.6118012422360248 0.07336956521739131 0.10248447204968944
0 0.18973214285714285 0.5958850931677019 0.08093944099378882 0.10377846790890269
0 0.1766304347826087 0.6987577639751553 0.08346273291925466 0.10559006211180125
0 0.5403726708074534 0.7119565217391305 0.07336956521739131 0.10559006211180125
0 0.24970885093167702 0.7017339544513458 0.08249223602484472 0.10377846790890269
0 0.844138198757764 0.8387681159420289 0.08579192546583851 0.10351966873706005
0 0.6855590062111802 0.7151915113871635 0.07569875776397515 0.1048136645962733
0 0.39576863354037267 0.709756728778468 0.07531055900621118 0.1089544513457557
0 0.2592197204968944 0.6024844720496895 0.07822204968944099 0.09989648033126294
0 0.7358307453416149 0.5141045548654244 0.07181677018633541 0.09446169772256728
0 0.3226902173913043 0.7028985507246377 0.08016304347826086 0.10714285714285714
0 0.2892080745341615 0.3398033126293996 0.0687111801242236 0.07919254658385093
0 0.2392274844720497 0.8106884057971014 0.08520962732919254 0.1162008281573499
0 0.6646933229813664 0.4261128364389234 0.06774068322981366 0.08255693581780538
0 0.8342391304347826 0.7399068322981367 0.08152173913043478 0.09679089026915114
0 0.609277950310559 0.6083074534161491 0.07065217391304347 0.10222567287784678
0 0.3518051242236025 0.34265010351966874 0.06541149068322981 0.07660455486542443
0 0.4794254658385093 0.2056159420289855 0.05745341614906832 0.06858178053830227
0 0.6009316770186336 0.4255952380952381 0.06482919254658386 0.08514492753623189
0 0.27901785714285715 0.41770186335403725 0.07239906832298136 0.08385093167701864
0 0.7574728260869565 0.7151915113871635 0.07628105590062112 0.1068840579710145
0 0.7269992236024845 0.4277950310559006 0.06968167701863354 0.08022774327122154
0 0.2234083850931677 0.9284420289855072 0.0888975155279503 0.1229296066252588
0 0.7202057453416149 0.3496376811594203 0.06579968944099379 0.08022774327122154
0 0.5945263975155279 0.203027950310559 0.057841614906832296 0.07324016563146998
0 0.6546972049689441 0.27406832298136646 0.0625 0.07298136645962733
0 0.6496506211180124 0.13198757763975155 0.059782608695652176 0.06780538302277432
0 0.7666925465838509 0.20587474120082816 0.0671583850931677 0.06444099378881987
0 0.5387228260869565 0.34148550724637683 0.06579968944099379 0.07686335403726709
0 0.7076863354037267 0.20354554865424432 0.06172360248447205 0.07324016563146998
0 0.4734083850931677 0.42132505175983437 0.06444099378881987 0.08178053830227744
0 0.6504270186335404 0.2009575569358178 0.060947204968944096 0.07375776397515528
0 0.5364906832298136 0.4173136645962733 0.06638198757763975 0.08203933747412008
0 0.6184976708074534 0.822075569358178 0.07666925465838509 0.1110248447204969
0 0.48097826086956524 0.13755175983436854 0.056677018633540376 0.07013457556935818
0 0.47738742236024845 0.27445652173913043 0.06114130434782609 0.07427536231884058
0 0.41789596273291924 0.27290372670807456 0.06133540372670807 0.07324016563146998
0 0.3580163043478261 0.27031573498964806 0.06191770186335404 0.07116977225672878
0 0.3639363354037267 0.1988871635610766 0.06172360248447205 0.07272256728778467
0 0.7056482919254659 0.13444616977225674 0.05920031055900621 0.06702898550724638
0 0.7625194099378882 0.1414337474120083 0.061529503105590064 0.06444099378881987
0 0.29891304347826086 0.26695134575569357 0.06677018633540373 0.07427536231884058
0 0.6002523291925466 0.3476966873706004 0.06191770186335404 0.07686335403726709
0 0.7668866459627329 0.8234989648033126 0.07919254658385093 0.11076604554865424
0 0.23971273291925466 0.25957556935817805 0.06832298136645963 0.07453416149068323
0 0.22777562111801242 0.3341097308488613 0.07084627329192547 0.07763975155279502
0 0.41488742236024845 0.34575569358178054 0.06424689440993789 0.07763975155279502
0 0.6931288819875776 0.8244047619047619 0.07802795031055901 0.11154244306418219
0 0.421389751552795 0.20276915113871635 0.059006211180124224 0.07013457556935818
0 0.5382375776397516 0.2679865424430642 0.06133540372670807 0.07220496894409938
0 0.593652950310559 0.1348343685300207 0.05920031055900621 0.06469979296066253
0 0.3146350931677019 0.1317287784679089 0.06055900621118013 0.06418219461697723
0 0.8539402173913043 0.9438405797101449 0.09646739130434782 0.11024844720496894
0 0.7730007763975155 0.2705745341614907 0.07084627329192547 0.06754658385093168
0 0.7824145962732919 0.3352743271221532 0.07336956521739131 0.06806418219461698
0 0.30599767080745344 0.19616977225672877 0.06347049689440994 0.07453416149068323
0 0.6601319875776398 0.34795548654244307 0.06444099378881987 0.07841614906832298
0 0.5984083850931677 0.27471532091097306 0.060947204968944096 0.07220496894409938
0 0.6078222049689441 0.5115165631469979 0.06774068322981366 0.09342650103519669
0 0.7898874223602484 0.4057971014492754 0.07550465838509317 0.07453416149068323
0 0.7117624223602484 0.27497412008281574 0.06482919254658386 0.07272256728778467
0 0.2582492236024845 0.12163561076604555 0.06385869565217392 0.06418219461697723
0 0.5371700310559007 0.1343167701863354 0.05764751552795031 0.06314699792960662
0 0.41061723602484473 0.4245600414078675 0.06541149068322981 0.08307453416149069
0 0.47602872670807456 0.3458850931677019 0.06191770186335404 0.07324016563146998
0 0.7482531055900621 0.6112836438923396 0.07763975155279502 0.10093167701863354
0 0.5364906832298136 0.19862836438923395 0.05861801242236025 0.06961697722567288
0 0.8237577639751553 0.6475155279503105 0.08385093167701864 0.09213250517598344
0 0.8013392857142857 0.4813664596273292 0.07472826086956522 0.07919254658385093
0 0.2485442546583851 0.1875 0.06579968944099379 0.07427536231884058
0 0.47078804347826086 0.5093167701863354 0.06929347826086957 0.09730848861283643
0 0.36985636645962733 0.13341097308488614 0.05920031055900621 0.060817805383022776
0 0.21525621118012422 0.4129140786749482 0.07336956521739131 0.08721532091097309
0 0.4249805900621118 0.13806935817805382 0.057259316770186336 0.06444099378881987
0 0.34462344720496896 0.4204192546583851 0.07239906832298136 0.08514492753623189
0 0.8105590062111802 0.5610662525879917 0.08152173913043478 0.0853804347826087