0 0.45703125 0.671875 0.1015625 0.16145833333333334
0 0.193359375 0.3828125 0.099609375 0.1328125
0 0.5576171875 0.6692708333333334 0.099609375 0.16145833333333334
0 0.1630859375 0.6731770833333334 0.109375 0.16145833333333334
0 0.35595703125 0.841796875 0.1083984375 0.17578125
0 0.462890625 0.8391927083333334 0.107421875 0.17578125
0 0.35693359375 0.6725260416666666 0.1044921875 0.16015625
0 0.76806640625 0.66796875 0.1259765625 0.16145833333333334
0 0.23095703125 0.15169270833333334 0.1123046875 0.09244791666666667
0 0.28173828125 0.3821614583333333 0.0966796875 0.13411458333333334
0 0.4580078125 0.5188802083333334 0.095703125 0.14453125
0 0.6572265625 0.6686197916666666 0.103515625 0.16276041666666666
0 0.5693359375 0.837890625 0.10546875 0.17578125
0 0.25927734375 0.673828125 0.1064453125 0.16015625
0 0.671875 0.8372395833333334 0.107421875 0.17447916666666666
0 0.3642578125 0.51953125 0.09765625 0.14322916666666666
0 0.24853515625 0.8411458333333334 0.1123046875 0.17447916666666666
0 0.56640625 0.25 0.08984375 0.125
0 0.4599609375 0.3756510416666667 0.095703125 0.13671875
0 0.71533203125 0.13802083333333334 0.1123046875 0.09375
0 0.7763671875 0.8359375 0.11328125 0.17447916666666666
0 0.2705078125 0.5227864583333334 0.1015625 0.14453125
0 0.7392578125 0.24348958333333334 0.09375 0.125
0 0.5546875 0.5169270833333334 0.095703125 0.14583333333333334
0 0.748046875 0.3743489583333333 0.103515625 0.13671875
0 0.2080078125 0.255859375 0.09765625 0.12369791666666667
0 0.6484375 0.5169270833333334 0.09765625 0.14322916666666666
0 0.1796875 0.5221354166666666 0.103515625 0.14322916666666666
0 0.3701171875 0.3802083333333333 0.095703125 0.1328125
0 0.29248046875 0.255859375 0.0888671875 0.11848958333333333
0 0.47216796875 0.24869791666666666 0.1064453125 0.11979166666666667
0 0.65478515625 0.24934895833333334 0.0908203125 0.12630208333333334
0 0.75390625 0.513671875 0.119140625 0.14453125
0 0.1474609375 0.841796875 0.111328125 0.17317708333333334
0 0.3759765625 0.2532552083333333 0.08984375 0.12369791666666667
0 0.6484375 0.3795572916666667 0.095703125 0.13411458333333334
0 0.49072265625 0.06315104166666667 0.1005859375 0.09505208333333333
0 0.60498046875 0.14127604166666666 0.1103515625 0.09505208333333333
0 0.48046875 0.14518229166666666 0.1171875 0.08984375
0 0.3701171875 0.06901041666666667 0.10546875 0.08333333333333333
0 0.6015625 0.048828125 0.103515625 0.09505208333333333
0 0.35009765625 0.15104166666666666 0.1279296875 0.09114583333333333
0 0.5517578125 0.3763020833333333 0.091796875 0.13541666666666666