0 0.4912109375 0.7571614583333334 0.103515625 0.19661458333333334
0 0.591796875 0.5579427083333334 0.10546875 0.19661458333333334
0 0.37939453125 0.3678385416666667 0.1083984375 0.20182291666666666
0 0.6923828125 0.361328125 0.103515625 0.19921875
0 0.3818359375 0.568359375 0.107421875 0.19921875
0 0.6904296875 0.16276041666666666 0.107421875 0.20052083333333334
0 0.27978515625 0.7734375 0.1103515625 0.20052083333333334
0 0.373046875 0.16341145833333334 0.107421875 0.20182291666666666
0 0.59326171875 0.7506510416666666 0.1005859375 0.18880208333333334
0 0.58740234375 0.16341145833333334 0.1064453125 0.20442708333333334
0 0.484375 0.3671875 0.10546875 0.1953125
0 0.2626953125 0.16341145833333334 0.11328125 0.21223958333333334
0 0.4814453125 0.16276041666666666 0.107421875 0.20833333333333334
0 0.38671875 0.7643229166666666 0.10546875 0.19791666666666666
0 0.5888671875 0.3639322916666667 0.103515625 0.19401041666666666
0 0.486328125 0.5631510416666666 0.103515625 0.19921875
0 0.27099609375 0.3736979166666667 0.1123046875 0.20052083333333334
0 0.69580078125 0.7447916666666666 0.1103515625 0.19270833333333334
0 0.6943359375 0.5559895833333334 0.1015625 0.19270833333333334
0 0.2734375 0.5735677083333334 0.109375 0.19921875