0 0.7197265625 0.8997395833333334 0.15625 0.20052083333333334
0 0.3046875 0.09830729166666667 0.13671875 0.19401041666666666
0 0.5654296875 0.8932291666666666 0.150390625 0.20572916666666666
0 0.580078125 0.482421875 0.1484375 0.20442708333333334
0 0.16162109375 0.482421875 0.1298828125 0.18880208333333334
0 0.279296875 0.873046875 0.13671875 0.20442708333333334
0 0.7275390625 0.6940104166666666 0.15625 0.21354166666666666
0 0.4326171875 0.4811197916666667 0.146484375 0.20182291666666666
0 0.43603515625 0.28515625 0.1455078125 0.20052083333333334
0 0.73388671875 0.4817708333333333 0.1572265625 0.2109375
0 0.28369140625 0.6783854166666666 0.1396484375 0.19791666666666666
0 0.42431640625 0.6848958333333334 0.1416015625 0.20052083333333334
0 0.572265625 0.6907552083333334 0.15234375 0.20703125
0 0.58203125 0.279296875 0.1484375 0.20703125
0 0.1513671875 0.673828125 0.12890625 0.18880208333333334
0 0.29345703125 0.482421875 0.1357421875 0.19661458333333334
0 0.41796875 0.8821614583333334 0.142578125 0.20703125
0 0.14599609375 0.8626302083333334 0.1298828125 0.19401041666666666
0 0.44189453125 0.09375 0.1396484375 0.1875
0 0.58642578125 0.08919270833333333 0.1494140625 0.17838541666666666
0 0.1767578125 0.11197916666666667 0.125 0.1875
0 0.169921875 0.2942708333333333 0.12890625 0.19010416666666666
0 0.298828125 0.291015625 0.134765625 0.19401041666666666
0 0.73486328125 0.08463541666666667 0.1513671875 0.16927083333333334
0 0.73388671875 0.2721354166666667 0.1552734375 0.20833333333333334