0 0.6925465838509317 0.43620600414078675 0.07104037267080746 0.1348343685300207
0 0.703027950310559 0.9490165631469979 0.06948757763975155 0.10196687370600414
0 0.6329580745341615 0.8335921325051759 0.06948757763975155 0.12836438923395446
0 0.626358695652174 0.5742753623188406 0.07298136645962733 0.13405797101449277
0 0.6949728260869565 0.5703933747412008 0.07045807453416149 0.13664596273291926
0 0.6998253105590062 0.8329451345755694 0.07201086956521739 0.1317287784679089
0 0.4389557453416149 0.9460403726708074 0.06385869565217392 0.1068840579710145
0 0.6997282608695652 0.7016045548654244 0.07181677018633541 0.13095238095238096
0 0.6859472049689441 0.23848343685300208 0.07104037267080746 0.09342650103519669
0 0.6231560559006211 0.4435817805383023 0.07045807453416149 0.13250517598343686
0 0.687111801242236 0.32634575569358176 0.07104037267080746 0.09006211180124224
0 0.4905861801242236 0.447851966873706 0.06618788819875776 0.1327639751552795
0 0.5688082298136646 0.947851966873706 0.06851708074534162 0.10326086956521739
0 0.6826475155279503 0.14635093167701863 0.0702639751552795 0.10170807453416149
0 0.374708850931677 0.8289337474120083 0.06424689440993789 0.12267080745341614
0 0.5566770186335404 0.44811076604554867 0.06987577639751552 0.1306935817805383
0 0.2014751552795031 0.7000517598343685 0.05861801242236025 0.11749482401656315
0 0.547069099378882 0.25530538302277433 0.06657608695652174 0.08825051759834368
0 0.4814635093167702 0.2594461697722567 0.06579968944099379 0.08721532091097309
0 0.19574922360248448 0.46221532091097306 0.056482919254658384 0.11853002070393374
0 0.6163625776397516 0.3366977225672878 0.07045807453416149 0.08747412008281573
0 0.4965062111801242 0.707427536231884 0.07104037267080746 0.1265527950310559
0 0.6343167701863354 0.9487577639751553 0.06909937888198758 0.10196687370600414
0 0.4832104037267081 0.343555900621118 0.06541149068322981 0.08514492753623189
0 0.6147127329192547 0.2505175983436853 0.06909937888198758 0.09265010351966874
0 0.3151203416149068 0.8250517598343685 0.062305900621118016 0.12163561076604555
0 0.5033967391304348 0.9468167701863354 0.06579968944099379 0.1063664596273292
0 0.19633152173913043 0.5810041407867494 0.05920031055900621 0.11801242236024845
0 0.36985636645962733 0.18310041407867494 0.061529503105590064 0.08928571428571429
0 0.49281832298136646 0.5785455486542443 0.06948757763975155 0.1291407867494824
0 0.4312888198757764 0.17572463768115942 0.0593944099378882 0.08902691511387163
0 0.49000388198757766 0.17326604554865424 0.061529503105590064 0.08876811594202899
0 0.42837732919254656 0.45328674948240166 0.0625 0.1281055900621118
0 0.4205163043478261 0.26358695652173914 0.05920031055900621 0.08825051759834368
0 0.30832686335403725 0.4580745341614907 0.05997670807453416 0.11904761904761904
0 0.5490100931677019 0.3399327122153209 0.06579968944099379 0.08462732919254658
0 0.5504658385093167 0.16744306418219462 0.06172360248447205 0.08850931677018634
0 0.18652950310559005 0.1957815734989648 0.060947204968944096 0.08618012422360248
0 0.2516498447204969 0.5806159420289855 0.06075310559006211 0.1213768115942029
0 0.18720885093167702 0.2798913043478261 0.060364906832298136 0.08618012422360248
0 0.36985636645962733 0.7038043478260869 0.06385869565217392 0.125
0 0.24776785714285715 0.276268115942029 0.06347049689440994 0.08359213250517598
0 0.3771350931677019 0.9439699792960663 0.0625 0.1110248447204969
0 0.20438664596273293 0.8157349896480331 0.055900621118012424 0.11749482401656315
0 0.25087344720496896 0.4614389233954451 0.05920031055900621 0.11749482401656315
0 0.43080357142857145 0.5807453416149069 0.06385869565217392 0.12681159420289856
0 0.312208850931677 0.1911231884057971 0.05687111801242236 0.08462732919254658
0 0.3703416149068323 0.5789337474120083 0.0625 0.12267080745341614
0 0.25582298136645965 0.7019927536231884 0.057841614906832296 0.1208592132505176
0 0.3075504658385093 0.2741977225672878 0.057259316770186336 0.08359213250517598
0 0.500097049689441 0.832427536231884 0.06851708074534162 0.1234472049689441
0 0.3047360248447205 0.3579192546583851 0.06599378881987578 0.08385093167701864
0 0.2079774844720497 0.9303830227743272 0.056482919254658384 0.11697722567287784
0 0.4359472049689441 0.8329451345755694 0.0671583850931677 0.125
0 0.24941770186335405 0.19202898550724637 0.06754658385093168 0.08592132505175984
0 0.24340062111801242 0.3605072463768116 0.057065217391304345 0.08436853002070394
0 0.3096855590062112 0.5800983436853002 0.06114130434782609 0.1224120082815735
0 0.36354813664596275 0.2705745341614907 0.056677018633540376 0.08618012422360248
0 0.19157608695652173 0.3629658385093168 0.0531832298136646 0.08255693581780538
0 0.421389751552795 0.34950828157349895 0.059006211180124224 0.08566252587991718
0 0.312208850931677 0.7028985507246377 0.059588509316770184 0.12267080745341614
0 0.36354813664596275 0.3544254658385093 0.05822981366459627 0.08152173913043478
0 0.25892857142857145 0.822851966873706 0.060947204968944096 0.1187888198757764
0 0.5580357142857143 0.5799689440993789 0.07375776397515528 0.13250517598343686
0 0.4309006211180124 0.7069099378881988 0.06793478260869565 0.1260351966873706
0 0.3188082298136646 0.9415113871635611 0.06075310559006211 0.11335403726708075
0 0.2625194099378882 0.9376293995859213 0.05687111801242236 0.11335403726708075
0 0.5637616459627329 0.707815734989648 0.07239906832298136 0.12525879917184266
0 0.5662849378881988 0.8339803312629399 0.07006987577639752 0.1265527950310559
0 0.6305318322981367 0.7056159420289855 0.07201086956521739 0.1286231884057971
0 0.36801242236024845 0.4561335403726708 0.0625 0.1203416149068323
0 0.6143245341614907 0.15982142857142856 0.06793478260869565 0.09940734989648034