0 0.78173828125 0.8860677083333334 0.1025390625 0.20703125
0 0.7666015625 0.2506510416666667 0.109375 0.21744791666666666
0 0.6796875 0.888671875 0.103515625 0.20963541666666666
0 0.28076171875 0.8880208333333334 0.0986328125 0.20052083333333334
0 0.4638671875 0.16276041666666666 0.169921875 0.15104166666666666
0 0.30517578125 0.17447916666666666 0.1533203125 0.13802083333333334
0 0.57763671875 0.892578125 0.1025390625 0.20703125
0 0.466796875 0.3040364583333333 0.16015625 0.13932291666666666
0 0.30810546875 0.306640625 0.1591796875 0.13411458333333334
0 0.6767578125 0.6803385416666666 0.10546875 0.20703125
0 0.373046875 0.6861979166666666 0.1015625 0.20052083333333334
0 0.3759765625 0.8919270833333334 0.1015625 0.203125
0 0.67724609375 0.4680989583333333 0.1064453125 0.20703125
0 0.6298828125 0.296875 0.1640625 0.13802083333333334
0 0.27880859375 0.6809895833333334 0.0986328125 0.20052083333333334
0 0.77734375 0.462890625 0.1015625 0.20703125
0 0.57470703125 0.4700520833333333 0.1064453125 0.20833333333333334
0 0.57470703125 0.6809895833333334 0.1025390625 0.20572916666666666
0 0.47705078125 0.8912760416666666 0.1005859375 0.20442708333333334
0 0.47265625 0.6829427083333334 0.103515625 0.20182291666666666
0 0.47265625 0.474609375 0.107421875 0.20703125
0 0.37109375 0.4791666666666667 0.1015625 0.20572916666666666
0 0.77783203125 0.6744791666666666 0.1005859375 0.20572916666666666
0 0.62890625 0.16080729166666666 0.1640625 0.13932291666666666
0 0.2763671875 0.4752604166666667 0.099609375 0.20052083333333334