0 0.22508305647840532 0.5675 0.07641196013289037 0.09375
0 0.5253322259136213 0.6696875 0.07724252491694353 0.100625
0 0.29983388704318936 0.4721875 0.07641196013289037 0.096875
0 0.37209302325581395 0.76125 0.07641196013289037 0.09875
0 0.3941029900332226 0.3375 0.1270764119601329 0.06125
0 0.4476744186046512 0.6675 0.07641196013289037 0.1
0 0.529485049833887 0.77 0.07890365448504984 0.1025
0 0.44975083056478404 0.765 0.07724252491694353 0.10125
0 0.30024916943521596 0.5675 0.0739202657807309 0.09625
0 0.44975083056478404 0.4725 0.07724252491694353 0.09625
0 0.6050664451827242 0.67 0.07890365448504984 0.10125
0 0.22549833887043189 0.4725 0.0755813953488372 0.09625
0 0.37209302325581395 0.665 0.07475083056478406 0.09875
0 0.37416943521594687 0.56875 0.0739202657807309 0.0975
0 0.6079734219269103 0.770625 0.07807308970099668 0.10375
0 0.7466777408637874 0.35375 0.08970099667774087 0.1075
0 0.4489202657807309 0.56875 0.0739202657807309 0.0975
0 0.22466777408637872 0.6625 0.07225913621262459 0.09625
0 0.2196843853820598 0.7584375 0.07724252491694353 0.098125
0 0.2960963455149502 0.75875 0.0755813953488372 0.09875
0 0.6050664451827242 0.57125 0.07890365448504984 0.09875
0 0.717607973421927 0.79655 0.1362126245847176 0.06315625
0 0.3754152823920266 0.473125 0.07475083056478406 0.09625
0 0.5245016611295681 0.57 0.07724252491694353 0.09875
0 0.29858803986710963 0.66375 0.0755813953488372 0.09875
0 0.5240863787375415 0.335625 0.13122923588039867 0.0625
0 0.7171926910299004 0.4975 0.13538205980066445 0.0625
0 0.7142857142857143 0.5575 0.1362126245847176 0.06125
0 0.6079734219269103 0.4734375 0.07973421926910298 0.103125
0 0.6590531561461794 0.36 0.08388704318936877 0.105
0 0.2574750830564784 0.33875 0.12624584717607973 0.0575
0 0.5278239202657807 0.4734375 0.07724252491694353 0.096875
0 0.7134551495016611 0.6775 0.1362126245847176 0.0625
0 0.3841362126245847 0.39625 0.1270764119601329 0.06
0 0.2537375415282392 0.39625 0.12541528239202657 0.06
0 0.521594684385382 0.395 0.12956810631229235 0.06
0 0.7159468438538206 0.6175 0.1362126245847176 0.06125
0 0.7188538205980066 0.4375 0.13538205980066445 0.06375
0 0.718546511627907 0.7370125000000001 0.13725083056478404 0.056525