0 0.6881229235880398 0.80875 0.10714285714285714 0.10125
0 0.20016611295681064 0.605 0.08970099667774087 0.08875
0 0.7973421926910299 0.5184375 0.11129568106312292 0.100625
0 0.3808139534883721 0.790625 0.09551495016611296 0.095
0 0.47840531561461797 0.795 0.09800664451827243 0.0975
0 0.4659468438538206 0.4275 0.09800664451827243 0.09375
0 0.2823920265780731 0.5196875 0.09136212624584718 0.089375
0 0.4796511627906977 0.7034375 0.09883720930232558 0.096875
0 0.287375415282392 0.78375 0.08970099667774087 0.0925
0 0.5801495016611296 0.8025 0.10215946843853821 0.1
0 0.6897840531561462 0.4221875 0.10548172757475083 0.100625
0 0.6901993355481728 0.51875 0.10465116279069768 0.09875
0 0.2865448504983389 0.69625 0.09136212624584718 0.0925
0 0.779485049833887 0.32875 0.1420265780730897 0.08625
0 0.5743355481727574 0.6134375 0.10215946843853821 0.096875
0 0.7944352159468439 0.6175 0.11212624584717608 0.10125
0 0.3808139534883721 0.60875 0.09717607973421927 0.09125
0 0.37375415282392027 0.5184375 0.09302325581395349 0.090625
0 0.7990033222591362 0.4175 0.11295681063122924 0.105
0 0.803156146179402 0.7175 0.11295681063122924 0.105
0 0.3808139534883721 0.69875 0.09551495016611296 0.09375
0 0.8035714285714286 0.8175 0.11544850498338871 0.105
0 0.28903654485049834 0.6084375 0.09302325581395349 0.089375
0 0.1989202657807309 0.77875 0.0888704318936877 0.09
0 0.19684385382059802 0.6921875 0.08803986710963455 0.088125
0 0.6802325581395349 0.615 0.10631229235880399 0.10125
0 0.19186046511627908 0.4309375 0.08970099667774087 0.089375
0 0.47591362126245845 0.61 0.0946843853820598 0.09375
0 0.6245847176079734 0.33625 0.13122923588039867 0.08125
0 0.6897840531561462 0.71375 0.10714285714285714 0.10375
0 0.19435215946843853 0.5175 0.08803986710963455 0.0875
0 0.5789036544850499 0.70875 0.10299003322259136 0.09875
0 0.3712624584717608 0.4275 0.0946843853820598 0.09375
0 0.5743355481727574 0.424375 0.12209302325581395 0.0975
0 0.3384551495016611 0.3471875 0.13538205980066445 0.075625
0 0.6353820598006644 0.25875 0.12956810631229235 0.0825
0 0.4688538205980066 0.51875 0.09717607973421927 0.09125
0 0.20141196013289037 0.35125 0.11046511627906977 0.07375
0 0.33679401993355484 0.27625 0.1270764119601329 0.07625
0 0.2803156146179402 0.43 0.09385382059800665 0.09125
0 0.7811461794019934 0.2496875 0.13704318936877077 0.084375
0 0.5776578073089701 0.51875 0.12209302325581395 0.09625
0 0.4696843853820598 0.3421875 0.12209302325581395 0.080625
0 0.20930232558139536 0.2825 0.12292358803986711 0.07625
0 0.4804817275747508 0.26875 0.16029900332225913 0.0825