0 0.6686046511627907 0.2071875 0.1744186046511628 0.133125
0 0.3799833887043189 0.7434375 0.24501661129568106 0.175625
0 0.489202657807309 0.23 0.19269102990033224 0.12625
0 0.877906976744186 0.76625 0.2441860465116279 0.21
0 0.6283222591362126 0.58875 0.25 0.16625
0 0.6341362126245847 0.446875 0.23172757475083056 0.135
0 0.321843853820598 0.251875 0.1536544850498339 0.10875
0 0.8762458471760798 0.585 0.23920265780730898 0.1725
0 0.2217607973421927 0.58875 0.19269102990033224 0.14125
0 0.8683554817275747 0.1834375 0.22508305647840532 0.130625
0 0.8774916943521595 0.29375 0.24169435215946844 0.14875
0 0.26411960132890366 0.46625 0.16279069767441862 0.125
0 0.40448504983388706 0.586875 0.22259136212624583 0.1525
0 0.6519933554817275 0.32375 0.20930232558139536 0.1275
0 0.454734219269103 0.34 0.20348837209302326 0.11
0 0.6212624584717608 0.7525 0.26411960132890366 0.19375
0 0.42898671096345514 0.46 0.2101328903654485 0.12375
0 0.18023255813953487 0.73375 0.2159468438538206 0.16
0 0.875 0.4225 0.25 0.15625
0 0.28488372093023256 0.353125 0.17275747508305647 0.11125