0 0.6104651162790697 0.605 0.08970099667774087 0.08375
0 0.260797342192691 0.6059375 0.08471760797342193 0.081875
0 0.34717607973421927 0.6059375 0.08637873754152824 0.081875
0 0.8039867109634552 0.60875 0.09302325581395349 0.08625
0 0.34717607973421927 0.68625 0.08803986710963455 0.0825
0 0.26287375415282394 0.76625 0.0888704318936877 0.0825
0 0.438953488372093 0.7675 0.0872093023255814 0.0825
0 0.33970099667774084 0.44375 0.08637873754152824 0.0825
0 0.6943521594684385 0.43875 0.09136212624584718 0.085
0 0.6200166112956811 0.689375 0.09219269102990033 0.085
0 0.3438538205980066 0.525 0.08637873754152824 0.08125
0 0.7134551495016611 0.6909375 0.09302325581395349 0.084375
0 0.2591362126245847 0.52625 0.08637873754152824 0.08
0 0.4393687707641196 0.686875 0.08803986710963455 0.08375
0 0.6179401993355482 0.7725 0.08970099667774087 0.08625
0 0.7117940199335548 0.5234375 0.09302325581395349 0.085625
0 0.3521594684385382 0.7675 0.08803986710963455 0.0825
0 0.529485049833887 0.77 0.0888704318936877 0.085
0 0.43438538205980065 0.605 0.08637873754152824 0.08125
0 0.8060631229235881 0.523125 0.09385382059800665 0.085
0 0.2558139534883721 0.446875 0.08471760797342193 0.08125
0 0.42400332225913623 0.4425 0.08554817275747509 0.08375
0 0.7117940199335548 0.7746875 0.09136212624584718 0.086875
0 0.8093853820598007 0.69375 0.09551495016611296 0.08625
0 0.6050664451827242 0.44 0.0888704318936877 0.08375
0 0.5124584717607974 0.44125 0.09136212624584718 0.0825
0 0.260797342192691 0.685 0.08471760797342193 0.08125
0 0.5274086378737541 0.6875 0.08803986710963455 0.08375
0 0.6216777408637874 0.5225 0.09219269102990033 0.085
0 0.5103820598006644 0.3025 0.11212624584717608 0.07
0 0.43438538205980065 0.5246875 0.09302325581395349 0.081875
0 0.3866279069767442 0.37 0.10880398671096346 0.0675
0 0.7757475083056479 0.28625 0.12458471760797342 0.0825
0 0.6183554817275747 0.365 0.11212624584717608 0.07
0 0.2782392026578073 0.305 0.11794019933554817 0.0725
0 0.6324750830564784 0.29625 0.11378737541528239 0.07375
0 0.39368770764119604 0.304375 0.11129568106312292 0.06875
0 0.7981727574750831 0.4375 0.1079734219269103 0.0875
0 0.2724252491694352 0.3725 0.11627906976744186 0.0675
0 0.5278239202657807 0.5221875 0.09053156146179402 0.084375
0 0.5016611295681063 0.36875 0.11295681063122924 0.0675
0 0.520764119601329 0.60375 0.08803986710963455 0.08375
0 0.7014119601328903 0.6071875 0.09219269102990033 0.084375
0 0.7819767441860465 0.36 0.13538205980066445 0.0725
0 0.8102159468438538 0.7775 0.09385382059800665 0.0875