0 0.18438538205980065 0.485 0.09800664451827243 0.12875
0 0.5843023255813954 0.6296875 0.10880398671096346 0.138125
0 0.4754983388704319 0.75375 0.10382059800664452 0.135
0 0.5901162790697675 0.35375 0.11378737541528239 0.14125
0 0.6951827242524917 0.4959375 0.11794019933554817 0.141875
0 0.18272425249169436 0.7325 0.09302325581395349 0.12625
0 0.579734219269103 0.7609375 0.10465116279069768 0.138125
0 0.9136212624584718 0.17375 0.1345514950166113 0.15875
0 0.688953488372093 0.77125 0.11212624584717608 0.14
0 0.1818936877076412 0.6096875 0.09966777408637874 0.125625
0 0.48006644518272423 0.62375 0.09966777408637874 0.13375
0 0.27865448504983387 0.48875 0.10215946843853821 0.12875
0 0.3787375415282392 0.619375 0.10299003322259136 0.13
0 0.6964285714285714 0.635 0.11378737541528239 0.14125
0 0.4796511627906977 0.3546875 0.10714285714285714 0.140625
0 0.27865448504983387 0.615 0.09717607973421927 0.1275
0 0.584717607973422 0.4934375 0.10963455149501661 0.136875
0 0.3745847176079734 0.74625 0.09800664451827243 0.13125
0 0.7836378737541528 0.1834375 0.11877076411960133 0.154375
0 0.276578073089701 0.35875 0.09800664451827243 0.13375
0 0.2761627906976744 0.7396875 0.09717607973421927 0.126875
0 0.3745847176079734 0.3571875 0.10465116279069768 0.138125
0 0.4775747508305648 0.4909375 0.10631229235880399 0.133125
0 0.3770764119601329 0.49 0.09634551495016612 0.13
0 0.18106312292358803 0.35625 0.10132890365448505 0.13
0 0.2213455149501661 0.17 0.17026578073089702 0.085
0 0.21428571428571427 0.25125 0.16611295681063123 0.08375
0 0.8488372093023255 0.8125 0.19933554817275748 0.09125
0 0.3920265780730897 0.246875 0.18272425249169436 0.08875
0 0.40448504983388706 0.16375 0.19435215946843853 0.08875
0 0.5867940199335548 0.24 0.18853820598006646 0.08875
0 0.8716777408637874 0.389375 0.21179401993355482 0.0925
0 0.856312292358804 0.6484375 0.2026578073089701 0.091875
0 0.8729235880398671 0.29875 0.20930232558139536 0.09625
0 0.8509136212624585 0.7325 0.20348837209302326 0.0925
0 0.8637873754152824 0.47875 0.21262458471760798 0.09
0 0.8596345514950167 0.565 0.20930232558139536 0.09
0 0.704734219269103 0.35125 0.12043189368770764 0.1475
0 0.6196013289036545 0.15125 0.19601328903654486 0.0925